5.77282717488231
52.75623508048
60.2509956060022
37.9993946746426
37.9993946746426
52.75623508048
60.2509956060022
37.9993946746426
37.9993946746426
52.75623508048
37.9993946746426
5.77282717488231
52.75623508048
60.2509956060022
60.2509956060022
52.75623508048
5.77282717488231
52.75623508048
52.75623508048
65.096315243461
52.75623508048
37.9993946746426
37.9993946746426
37.9993946746426
5.77282717488231
37.9993946746426
65.096315243461
52.75623508048
52.75623508048
37.9993946746426
37.9993946746426
37.9993946746426
65.096315243461
52.75623508048
52.75623508048
37.9993946746426
37.9993946746426
60.2509956060022
37.9993946746426
60.2509956060022
37.9993946746426
65.096315243461
60.2509956060022
60.2509956060022
37.9993946746426
37.9993946746426
5.77282717488231
52.75623508048
52.75623508048
52.75623508048
37.9993946746426
60.2509956060022
37.9993946746426
5.77282717488231
5.77282717488231
60.2509956060022
37.9993946746426
37.9993946746426
37.9993946746426
37.9993946746426
37.9993946746426
37.9993946746426
37.9993946746426
37.9993946746426
37.9993946746426
37.9993946746426
37.9993946746426
37.9993946746426
52.75623508048
37.9993946746426
60.2509956060022
60.2509956060022
52.75623508048
74.2038170418179
37.9993946746426
74.2038170418179
37.9993946746426
5.77282717488231
74.2038170418179
5.77282717488231
5.77282717488231
52.75623508048
52.75623508048
37.9993946746426
37.9993946746426
60.2509956060022
37.9993946746426
37.9993946746426
65.096315243461
65.096315243461
37.9993946746426
37.9993946746426
5.77282717488231
5.77282717488231
5.77282717488231
37.9993946746426
52.75623508048
37.9993946746426
52.75623508048
37.9993946746426
37.9993946746426
37.9993946746426
60.2509956060022
74.2038170418179
37.9993946746426
5.77282717488231
65.096315243461
5.77282717488231
37.9993946746426
37.9993946746426
52.75623508048
37.9993946746426
65.096315243461
52.75623508048
52.75623508048
60.2509956060022
52.75623508048
37.9993946746426
60.2509956060022
60.2509956060022
65.096315243461
65.096315243461
37.9993946746426
52.75623508048
65.096315243461
60.2509956060022
37.9993946746426
65.096315243461
65.096315243461
37.9993946746426
74.2038170418179
60.2509956060022
37.9993946746426
37.9993946746426
52.75623508048
52.75623508048
60.2509956060022
60.2509956060022
65.096315243461
5.77282717488231
5.77282717488231
37.9993946746426
65.096315243461
60.2509956060022
37.9993946746426
65.096315243461
52.75623508048
74.2038170418179
65.096315243461
52.75623508048
52.75623508048
37.9993946746426
65.096315243461
52.75623508048
37.9993946746426
52.75623508048
52.75623508048
5.77282717488231
37.9993946746426
37.9993946746426
37.9993946746426
52.75623508048
74.2038170418179
60.2509956060022
52.75623508048
37.9993946746426
74.2038170418179
74.2038170418179
37.9993946746426
37.9993946746426
52.75623508048
60.2509956060022
60.2509956060022
52.75623508048
65.096315243461
52.75623508048
52.75623508048
65.096315243461
65.096315243461
37.9993946746426
65.096315243461
52.75623508048
74.2038170418179
52.75623508048
37.9993946746426
37.9993946746426
37.9993946746426
65.096315243461
60.2509956060022
52.75623508048
5.77282717488231
60.2509956060022
52.75623508048
74.2038170418179
52.75623508048
52.75623508048
65.096315243461
5.77282717488231
37.9993946746426
37.9993946746426
37.9993946746426
74.2038170418179
52.75623508048
60.2509956060022
52.75623508048
52.75623508048
5.77282717488231
37.9993946746426
37.9993946746426
37.9993946746426
74.2038170418179
60.2509956060022
37.9993946746426
5.77282717488231
65.096315243461
52.75623508048
5.77282717488231
52.75623508048
37.9993946746426
37.9993946746426
52.75623508048
37.9993946746426
37.9993946746426
74.2038170418179
74.2038170418179
37.9993946746426
37.9993946746426
37.9993946746426
60.2509956060022
5.77282717488231
37.9993946746426
37.9993946746426
37.9993946746426
37.9993946746426
5.77282717488231
52.75623508048
60.2509956060022
37.9993946746426
37.9993946746426
5.77282717488231
52.75623508048
65.096315243461
37.9993946746426
37.9993946746426
60.2509956060022
60.2509956060022
37.9993946746426
52.75623508048
37.9993946746426
74.2038170418179
5.77282717488231
37.9993946746426
52.75623508048
60.2509956060022
37.9993946746426
37.9993946746426
37.9993946746426
65.096315243461
74.2038170418179
65.096315243461
65.096315243461
60.2509956060022
37.9993946746426
60.2509956060022
52.75623508048
5.77282717488231
52.75623508048
37.9993946746426
5.77282717488231
52.75623508048
37.9993946746426
37.9993946746426
37.9993946746426
37.9993946746426
52.75623508048
37.9993946746426
37.9993946746426
60.2509956060022
60.2509956060022
5.77282717488231
52.75623508048
37.9993946746426
37.9993946746426
52.75623508048
37.9993946746426
52.75623508048
37.9993946746426
37.9993946746426
60.2509956060022
37.9993946746426
74.2038170418179
37.9993946746426
60.2509956060022
52.75623508048
52.75623508048
37.9993946746426
60.2509956060022
52.75623508048
52.75623508048
37.9993946746426
