
1948   25.087   24.426   24.681   25.441   26.246   26.330   26.488   26.922   26.653   26.576   26.079   25.773
1949   25.057   25.660   25.546   25.530   25.824   26.461   26.589   26.822   26.489   26.205   26.012   25.481
1950   24.991   25.063   25.330   25.764   26.304   26.592   26.705   26.854   26.868   26.650   26.636   26.297
1951   25.824   25.551   25.353   25.749   26.501   26.923   27.166   27.430   27.443   27.211   27.067   26.453
1952   25.578   25.865   26.138   26.088   26.470   26.757   26.903   27.251   27.194   27.285   26.865   26.292
1953   26.093   25.880   26.032   26.026   26.481   26.921   26.869   26.980   27.137   27.166   26.922   26.339
1954   25.952   25.750   25.693   26.060   26.123   26.301   26.492   26.982   27.017   26.733   26.649   26.089
1955   25.701   25.345   25.647   25.725   26.158   26.402   26.546   26.761   26.899   26.666   26.448   26.082
1956   25.645   25.463   25.986   25.963   26.424   26.565   26.816   27.059   26.845   26.806   26.590   26.140
1957   25.536   25.844   25.955   26.007   26.627   26.805   26.866   27.233   27.222   27.018   26.876   26.138
1958   25.805   25.720   25.305   25.792   26.013   26.460   26.913   27.248   27.410   27.348   26.789   26.271
1959   25.269   25.284   25.814   25.875   26.447   26.631   27.220   27.249   27.557   27.323   26.616   26.236
1960   25.783   25.753   26.001   25.971   26.443   26.755   26.921   27.138   27.246   27.021   26.884   26.509
1961   26.199   26.156   26.227   26.108   26.596   26.630   26.870   27.255   27.072   27.000   26.503   26.333
1962   26.221   26.116   25.781   26.552   27.071   27.191   27.333   27.071   27.315   27.035   26.431   26.100
1963   25.641   25.794   25.813   26.075   26.530   26.695   26.665   27.241   27.105   27.066   26.546   26.116
1964   25.786   25.732   25.660   25.705   26.455   26.609   26.572   26.877   26.597   26.398   26.190   25.478
1965   24.966   25.101   25.019   25.223   25.765   26.178   26.514   26.848   27.177   26.915   26.306   25.704
1966   25.402   25.183   25.649   25.571   26.240   26.575   27.130   27.331   27.356   27.433   26.746   26.323
1967   25.847   25.722   25.780   26.012   27.002   27.063   27.383   27.507   27.444   26.953   26.586   25.790
1968   25.310   25.449   25.582   25.877   26.408   26.750   26.995   27.394   27.400   27.258   27.022   26.382
1969   25.646   25.779   25.986   26.077   26.506   26.779   26.940   27.114   27.426   26.939   26.947   26.463
1970   26.270   26.348   26.233   26.107   26.482   26.724   26.706   26.902   27.012   26.785   26.327   26.176
1971   25.609   25.897   25.926   25.814   26.125   26.245   26.357   26.567   26.592   26.407   26.273   25.569
1972   25.112   25.381   25.917   25.871   26.571   26.894   26.996   26.960   27.259   27.004   26.635   25.879
1973   25.271   25.545   25.896   25.755   26.186   26.498   26.605   26.926   26.666   26.670   26.286   26.006
1974   25.595   25.889   25.969   26.052   26.335   26.745   27.040   27.095   26.887   26.806   26.195   25.820
1975   25.520   25.267   25.554   25.652   25.825   26.189   25.917   26.244   26.437   26.040   25.637   25.352
1976   24.834   25.058   25.312   25.486   25.905   26.396   26.703   26.783   26.861   26.705   26.209   26.025
1977   25.647   25.738   25.889   25.847   26.299   26.587   26.830   27.068   27.392   27.344   26.747   26.276
1978   26.264   25.842   26.050   26.115   26.540   26.756   27.007   27.442   27.292   26.936   26.405   25.780
1979   25.399   25.150   25.861   25.749   26.269   26.814   26.869   27.083   27.141   27.105   26.853   26.506
1980   25.943   25.989   26.064   26.221   26.559   27.018   27.110   27.478   27.571   27.243   26.785   26.388
1981   26.374   26.190   26.222   26.340   26.636   26.841   26.815   27.147   27.207   27.208   26.685   26.005
1982   25.292   25.564   25.619   26.078   26.542   26.947   27.056   27.258   27.079   26.885   26.433   25.407
1983   24.515   24.560   24.808   25.153   25.757   26.326   26.715   27.032   27.099   26.718   26.229   25.939
1984   26.043   25.935   25.893   25.845   26.213   26.474   26.791   27.115   27.387   26.935   26.370   25.893
1985   25.476   25.469   25.304   25.497   25.971   26.149   26.276   26.726   26.905   26.720   26.229   25.801
1986   25.921   25.549   26.051   26.144   26.474   26.865   27.081   27.421   27.233   26.856   26.498   26.336
1987   25.583   25.214   25.045   25.173   25.768   26.436   26.753   27.172   27.301   26.999   26.826   25.720
1988   25.720   25.680   25.728   25.898   26.417   26.542   26.654   26.680   26.933   26.611   26.157   25.832
1989   25.604   25.304   25.712   25.980   26.297   26.429   26.678   26.722   26.921   27.039   26.701   26.327
1990   25.790   25.741   26.144   26.378   26.406   26.853   26.808   27.307   27.125   27.343   27.300   26.734
1991   26.158   26.123   25.895   26.280   26.444   27.167   27.228   27.836   27.281   26.803   26.703   25.788
1992   25.396   25.093   25.115   25.501   25.998   26.824   27.002   27.274   27.564   27.535   25.572   24.862
1993   24.080   24.568   25.255   25.768   25.948   26.454   26.751   27.092   27.225   27.133   26.470   26.127
1994   25.763   25.391   25.537   25.969   26.509   26.712   26.988   27.496   27.511   26.993   26.673   26.803
1995   26.190   25.590   25.648   26.053   26.433   26.789   26.988   27.240   27.324   26.963   26.649   26.688
1996   26.212   26.023   25.920   26.060   26.417   26.762   26.945   27.203   27.334   27.254   26.810   26.375
1997   25.940   26.162   26.260   26.243   26.618   26.896   27.204   27.453   27.354   26.970   26.470   26.032
1998   25.155   25.026   25.306   25.385   25.844   26.696   26.587   26.717   26.895   26.763   26.483   26.298
1999   25.933   25.758   25.578   25.485   26.257   26.336   26.400   26.498   26.589   26.616   26.205   25.951
2000   25.740   25.795   25.679   25.924   26.276   26.386   26.775   27.024   27.067   26.877   26.486   26.161
2001   25.939   25.517   26.041   26.380   26.749   27.165   27.300   27.369   27.293   27.286   27.041   26.459
2002   25.767   25.645   25.655   26.071   26.943   27.507   27.471   27.518   27.597   27.543   27.095   26.323
2003   25.883   25.541   25.847   26.170   26.498   26.799   27.087   27.448   27.586   27.444   27.364   26.873
2004   26.233   26.240   25.972   26.182   26.794   27.119   27.533   27.682   27.676   27.620   27.347   26.608
2005   25.824   25.731   25.576   26.152   26.817   27.001   27.429   27.507   27.699   27.603   27.534   27.085
2006   26.358   25.845   25.376   26.087   26.622   27.055   27.213   27.828   27.852   27.436   27.313   26.737
2007   26.010   25.925   26.408   26.453   26.855   27.244   27.372   27.539   27.465   27.206   26.754   26.145
2008   25.784   25.780   26.156   26.039   26.527   26.602   26.728   27.074   27.286   26.919   26.645   25.829
2009   25.597   25.481   25.713   26.074   26.748   27.545   27.572   27.874   27.681   27.491   27.340   26.652
2010   26.215   25.536   25.755   26.246   26.748   26.855   26.995   26.895   26.869   26.812   26.533   26.086
2011   26.526   26.165   26.454   26.880   26.696   26.908   26.966   27.109   26.940   26.996   26.772   26.188
2012   25.942   25.574   25.857   26.383   27.003   26.917   27.114   27.640   27.551   27.545   27.068   26.421
2013   26.097   25.783   25.609   26.195   26.907   26.998   27.115   27.518   27.644   27.646   27.123   26.646
2014   26.094   25.481   26.056   26.458   27.066   27.716   27.606   27.739 -999.999 -999.999 -999.999 -999.999