19.1552257096218
5.08188543450604
5.08188543450604
19.1552257096218
8.08758620689655
5.08188543450604
81.6137328532568
8.08758620689655
81.6137328532568
81.6137328532568
21.9081161185507
5.08188543450604
81.6137328532568
8.08758620689655
8.08758620689655
64.7399285926514
8.08758620689655
81.6137328532568
21.9081161185507
64.7399285926514
8.08758620689655
8.08758620689655
8.08758620689655
8.08758620689655
81.6137328532568
64.7399285926514
81.6137328532568
8.08758620689655
8.08758620689655
8.08758620689655
8.08758620689655
8.08758620689655
8.08758620689655
8.08758620689655
81.6137328532568
5.08188543450604
8.08758620689655
8.08758620689655
81.6137328532568
5.08188543450604
21.9081161185507
81.6137328532568
8.08758620689655
8.08758620689655
8.08758620689655
8.08758620689655
8.08758620689655
81.6137328532568
8.08758620689655
19.1552257096218
5.08188543450604
8.08758620689655
8.08758620689655
5.08188543450604
8.08758620689655
8.08758620689655
8.08758620689655
64.7399285926514
8.08758620689655
8.08758620689655
8.08758620689655
5.08188543450604
19.1552257096218
8.08758620689655
8.08758620689655
81.6137328532568
81.6137328532568
64.7399285926514
19.1552257096218
19.1552257096218
8.08758620689655
8.08758620689655
8.08758620689655
8.08758620689655
64.7399285926514
8.08758620689655
8.08758620689655
8.08758620689655
8.08758620689655
64.7399285926514
8.08758620689655
8.08758620689655
81.6137328532568
64.7399285926514
64.7399285926514
8.08758620689655
81.6137328532568
8.08758620689655
81.6137328532568
5.08188543450604
8.08758620689655
21.9081161185507
5.08188543450604
8.08758620689655
8.08758620689655
81.6137328532568
8.08758620689655
8.08758620689655
81.6137328532568
5.08188543450604
8.08758620689655
21.9081161185507
5.08188543450604
21.9081161185507
19.1552257096218
8.08758620689655
19.1552257096218
64.7399285926514
81.6137328532568
8.08758620689655
5.08188543450604
8.08758620689655
5.08188543450604
8.08758620689655
19.1552257096218
19.1552257096218
8.08758620689655
8.08758620689655
19.1552257096218
64.7399285926514
81.6137328532568
64.7399285926514
8.08758620689655
5.08188543450604
19.1552257096218
8.08758620689655
8.08758620689655
81.6137328532568
64.7399285926514
8.08758620689655
8.08758620689655
8.08758620689655
19.1552257096218
5.08188543450604
64.7399285926514
8.08758620689655
81.6137328532568
8.08758620689655
8.08758620689655
81.6137328532568
8.08758620689655
8.08758620689655
81.6137328532568
21.9081161185507
81.6137328532568
8.08758620689655
8.08758620689655
8.08758620689655
8.08758620689655
64.7399285926514
8.08758620689655
81.6137328532568
8.08758620689655
81.6137328532568
8.08758620689655
5.08188543450604
8.08758620689655
8.08758620689655
5.08188543450604
5.08188543450604
81.6137328532568
8.08758620689655
5.08188543450604
8.08758620689655
8.08758620689655
81.6137328532568
8.08758620689655
5.08188543450604
8.08758620689655
8.08758620689655
21.9081161185507
8.08758620689655
21.9081161185507
21.9081161185507
5.08188543450604
81.6137328532568
8.08758620689655
8.08758620689655
5.08188543450604
81.6137328532568
8.08758620689655
64.7399285926514
64.7399285926514
8.08758620689655
81.6137328532568
5.08188543450604
5.08188543450604
8.08758620689655
8.08758620689655
64.7399285926514
5.08188543450604
8.08758620689655
8.08758620689655
5.08188543450604
8.08758620689655
8.08758620689655
8.08758620689655
8.08758620689655
8.08758620689655
81.6137328532568
64.7399285926514
8.08758620689655
64.7399285926514
21.9081161185507
81.6137328532568
8.08758620689655
81.6137328532568
8.08758620689655
8.08758620689655
81.6137328532568
81.6137328532568
8.08758620689655
5.08188543450604
21.9081161185507
8.08758620689655
19.1552257096218
8.08758620689655
81.6137328532568
8.08758620689655
8.08758620689655
19.1552257096218
8.08758620689655
8.08758620689655
8.08758620689655
81.6137328532568
5.08188543450604
5.08188543450604
5.08188543450604
5.08188543450604
19.1552257096218
5.08188543450604
8.08758620689655
81.6137328532568
8.08758620689655
64.7399285926514
5.08188543450604
5.08188543450604
8.08758620689655
8.08758620689655
8.08758620689655
81.6137328532568
5.08188543450604
8.08758620689655
21.9081161185507
8.08758620689655
8.08758620689655
5.08188543450604
5.08188543450604
8.08758620689655
5.08188543450604
81.6137328532568
8.08758620689655
21.9081161185507
21.9081161185507
64.7399285926514
8.08758620689655
5.08188543450604
64.7399285926514
64.7399285926514
8.08758620689655
8.08758620689655
8.08758620689655
19.1552257096218
5.08188543450604
8.08758620689655
8.08758620689655
5.08188543450604
64.7399285926514
64.7399285926514
8.08758620689655
5.08188543450604
81.6137328532568
8.08758620689655
8.08758620689655
5.08188543450604
21.9081161185507
8.08758620689655
8.08758620689655
8.08758620689655
81.6137328532568
21.9081161185507
21.9081161185507
8.08758620689655
81.6137328532568
8.08758620689655
19.1552257096218
8.08758620689655
21.9081161185507
8.08758620689655
5.08188543450604
8.08758620689655
21.9081161185507
8.08758620689655
19.1552257096218
5.08188543450604
19.1552257096218
8.08758620689655
64.7399285926514
81.6137328532568
19.1552257096218
