-0.27
-1.34
-1.34
-0.27
-0.8
-1.34
1.34
-0.8
1.34
1.34
-0.11
-1.34
1.34
-0.8
-0.8
0.8
-0.8
1.34
-0.11
0.8
-0.8
-0.8
-0.8
-0.8
1.34
0.8
1.34
-0.8
-0.8
-0.8
-0.8
-0.8
-0.8
-0.8
1.34
-1.34
-0.8
-0.8
1.34
-1.34
-0.11
1.34
-0.8
-0.8
-0.8
-0.8
-0.8
1.34
-0.8
-0.27
-1.34
-0.8
-0.8
-1.34
-0.8
-0.8
-0.8
0.8
-0.8
-0.8
-0.8
-1.34
-0.27
-0.8
-0.8
1.34
1.34
0.8
-0.27
-0.27
-0.8
-0.8
-0.8
-0.8
0.8
-0.8
-0.8
-0.8
-0.8
0.8
-0.8
-0.8
1.34
0.8
0.8
-0.8
1.34
-0.8
1.34
-1.34
-0.8
-0.11
-1.34
-0.8
-0.8
1.34
-0.8
-0.8
1.34
-1.34
-0.8
-0.11
-1.34
-0.11
-0.27
-0.8
-0.27
0.8
1.34
-0.8
-1.34
-0.8
-1.34
-0.8
-0.27
-0.27
-0.8
-0.8
-0.27
0.8
1.34
0.8
-0.8
-1.34
-0.27
-0.8
-0.8
1.34
0.8
-0.8
-0.8
-0.8
-0.27
-1.34
0.8
-0.8
1.34
-0.8
-0.8
1.34
-0.8
-0.8
1.34
-0.11
1.34
-0.8
-0.8
-0.8
-0.8
0.8
-0.8
1.34
-0.8
1.34
-0.8
-1.34
-0.8
-0.8
-1.34
-1.34
1.34
-0.8
-1.34
-0.8
-0.8
1.34
-0.8
-1.34
-0.8
-0.8
-0.11
-0.8
-0.11
-0.11
-1.34
1.34
-0.8
-0.8
-1.34
1.34
-0.8
0.8
0.8
-0.8
1.34
-1.34
-1.34
-0.8
-0.8
0.8
-1.34
-0.8
-0.8
-1.34
-0.8
-0.8
-0.8
-0.8
-0.8
1.34
0.8
-0.8
0.8
-0.11
1.34
-0.8
1.34
-0.8
-0.8
1.34
1.34
-0.8
-1.34
-0.11
-0.8
-0.27
-0.8
1.34
-0.8
-0.8
-0.27
-0.8
-0.8
-0.8
1.34
-1.34
-1.34
-1.34
-1.34
-0.27
-1.34
-0.8
1.34
-0.8
0.8
-1.34
-1.34
-0.8
-0.8
-0.8
1.34
-1.34
-0.8
-0.11
-0.8
-0.8
-1.34
-1.34
-0.8
-1.34
1.34
-0.8
-0.11
-0.11
0.8
-0.8
-1.34
0.8
0.8
-0.8
-0.8
-0.8
-0.27
-1.34
-0.8
-0.8
-1.34
0.8
0.8
-0.8
-1.34
1.34
-0.8
-0.8
-1.34
-0.11
-0.8
-0.8
-0.8
1.34
-0.11
-0.11
-0.8
1.34
-0.8
-0.27
-0.8
-0.11
-0.8
-1.34
-0.8
-0.11
-0.8
-0.27
-1.34
-0.27
-0.8
0.8
1.34
-0.27
