25.6763333333333 25.2743333333333 25.0813333333333 25.068 25.2853333333333 25.5676666666667 25.929 26.3346666666667 26.6273333333333 26.7823333333333 26.783 26.5916666666667 26.313 25.9603333333333 25.8033333333333 25.758 25.8246666666667 26.0116666666667 26.2443333333333 26.572 26.8283333333333 27.0966666666667 27.268 27.161 26.789 26.429 26.1273333333333
26.313 25.9603333333333 25.8033333333333 25.758 25.8246666666667 26.0116666666667 26.2443333333333 26.572 26.8283333333333 27.0966666666667 27.268 27.161 26.789 26.429 26.1273333333333 26.052 26.0023333333333 26.235 26.4703333333333 26.7676666666667 27.0683333333333 27.247 27.2233333333333 26.8776666666667 26.3736666666667 25.8613333333333 25.443
26.789 26.429 26.1273333333333 26.052 26.0023333333333 26.235 26.4703333333333 26.7676666666667 27.0683333333333 27.247 27.2233333333333 26.8776666666667 26.3736666666667 25.8613333333333 25.443 25.47 25.5866666666667 25.9596666666667 26.2773333333333 26.6506666666667 26.922 27.031 27.1096666666667 27.033 26.8213333333333 26.434 26.146
26.3736666666667 25.8613333333333 25.443 25.47 25.5866666666667 25.9596666666667 26.2773333333333 26.6506666666667 26.922 27.031 27.1096666666667 27.033 26.8213333333333 26.434 26.146 25.9986666666667 26.0913333333333 26.2813333333333 26.5993333333333 26.8956666666667 27.202 27.3863333333333 27.4306666666667 27.1996666666667 26.8053333333333 26.5156666666667 26.3173333333333
26.8213333333333 26.434 26.146 25.9986666666667 26.0913333333333 26.2813333333333 26.5993333333333 26.8956666666667 27.202 27.3863333333333 27.4306666666667 27.1996666666667 26.8053333333333 26.5156666666667 26.3173333333333 26.262 26.2506666666667 26.3993333333333 26.6056666666667 26.764 26.9343333333333 27.0563333333333 27.1873333333333 27.0333333333333 26.6326666666667 25.994 25.6203333333333
26.8053333333333 26.5156666666667 26.3173333333333 26.262 26.2506666666667 26.3993333333333 26.6056666666667 26.764 26.9343333333333 27.0563333333333 27.1873333333333 27.0333333333333 26.6326666666667 25.994 25.6203333333333 25.4916666666667 25.7536666666667 26.0796666666667 26.5223333333333 26.8483333333333 27.087 27.131 27.074 26.799 26.2416666666667 25.4516666666667 24.8273333333333
26.6326666666667 25.994 25.6203333333333 25.4916666666667 25.7536666666667 26.0796666666667 26.5223333333333 26.8483333333333 27.087 27.131 27.074 26.799 26.2416666666667 25.4516666666667 24.8273333333333 24.6276666666667 24.8403333333333 25.2393333333333 25.7453333333333 26.266 26.691 26.9486666666667 26.9496666666667 26.682 26.2953333333333 26.0703333333333 25.9723333333333
26.2416666666667 25.4516666666667 24.8273333333333 24.6276666666667 24.8403333333333 25.2393333333333 25.7453333333333 26.266 26.691 26.9486666666667 26.9496666666667 26.682 26.2953333333333 26.0703333333333 25.9723333333333 25.957 25.891 25.9836666666667 26.1773333333333 26.4926666666667 26.7933333333333 27.0976666666667 27.1456666666667 26.8973333333333 26.3993333333333 25.913 25.6126666666667
26.2953333333333 26.0703333333333 25.9723333333333 25.957 25.891 25.9836666666667 26.1773333333333 26.4926666666667 26.7933333333333 27.0976666666667 27.1456666666667 26.8973333333333 26.3993333333333 25.913 25.6126666666667 25.4163333333333 25.4233333333333 25.5906666666667 25.8723333333333 26.132 26.3836666666667 26.6356666666667 26.7836666666667 26.618 26.25 25.9836666666667 25.757
26.3993333333333 25.913 25.6126666666667 25.4163333333333 25.4233333333333 25.5906666666667 25.8723333333333 26.132 26.3836666666667 26.6356666666667 26.7836666666667 26.618 26.25 25.9836666666667 25.757 25.8403333333333 25.9146666666667 26.223 26.4943333333333 26.8066666666667 27.1223333333333 27.245 27.17 26.8623333333333 26.5633333333333 26.139 25.711
26.25 25.9836666666667 25.757 25.8403333333333 25.9146666666667 26.223 26.4943333333333 26.8066666666667 27.1223333333333 27.245 27.17 26.8623333333333 26.5633333333333 26.139 25.711 25.2806666666667 25.144 25.3286666666667 25.7923333333333 26.319 26.787 27.0753333333333 27.1573333333333 27.042 26.515 26.0886666666667 25.7066666666667
26.5633333333333 26.139 25.711 25.2806666666667 25.144 25.3286666666667 25.7923333333333 26.319 26.787 27.0753333333333 27.1573333333333 27.042 26.515 26.0886666666667 25.7066666666667 25.7093333333333 25.7686666666667 26.0143333333333 26.2856666666667 26.5376666666667 26.6253333333333 26.7556666666667 26.7413333333333 26.567 26.2 25.8643333333333 25.58
26.515 26.0886666666667 25.7066666666667 25.7093333333333 25.7686666666667 26.0143333333333 26.2856666666667 26.5376666666667 26.6253333333333 26.7556666666667 26.7413333333333 26.567 26.2 25.8643333333333 25.58 25.54 25.6653333333333 25.9963333333333 26.2353333333333 26.468 26.6096666666667 26.7736666666667 26.894 26.887 26.689 26.2726666666667 25.9526666666667
26.2 25.8643333333333 25.58 25.54 25.6653333333333 25.9963333333333 26.2353333333333 26.468 26.6096666666667 26.7736666666667 26.894 26.887 26.689 26.2726666666667 25.9526666666667 25.8916666666667 26.0876666666667 26.3093333333333 26.5456666666667 26.689 26.9893333333333 27.08 27.2583333333333 27.256 27.1256666666667 26.7306666666667 26.3383333333333
26.689 26.2726666666667 25.9526666666667 25.8916666666667 26.0876666666667 26.3093333333333 26.5456666666667 26.689 26.9893333333333 27.08 27.2583333333333 27.256 27.1256666666667 26.7306666666667 26.3383333333333 26.0586666666667 26.0993333333333 26.2063333333333 26.6303333333333 26.9463333333333 27.4103333333333 27.4483333333333 27.3066666666667 26.929 26.4313333333333 25.9623333333333 25.4256666666667
27.1256666666667 26.7306666666667 26.3383333333333 26.0586666666667 26.0993333333333 26.2063333333333 26.6303333333333 26.9463333333333 27.4103333333333 27.4483333333333 27.3066666666667 26.929 26.4313333333333 25.9623333333333 25.4256666666667 25.2013333333333 25.2363333333333 25.538 26.1076666666667 26.608 27.0333333333333 27.28 27.4576666666667 26.8903333333333 25.9896666666667 24.838 24.5033333333333
26.4313333333333 25.9623333333333 25.4256666666667 25.2013333333333 25.2363333333333 25.538 26.1076666666667 26.608 27.0333333333333 27.28 27.4576666666667 26.8903333333333 25.9896666666667 24.838 24.5033333333333 24.6343333333333 25.197 25.657 26.0566666666667 26.3843333333333 26.7656666666667 27.0226666666667 27.15 26.9426666666667 26.5766666666667 26.12 25.7603333333333
25.9896666666667 24.838 24.5033333333333 24.6343333333333 25.197 25.657 26.0566666666667 26.3843333333333 26.7656666666667 27.0226666666667 27.15 26.9426666666667 26.5766666666667 26.12 25.7603333333333 25.5636666666667 25.6323333333333 26.005 26.3966666666667 26.7363333333333 27.0653333333333 27.3316666666667 27.3333333333333 27.059 26.823 26.5553333333333 26.1943333333333
26.5766666666667 26.12 25.7603333333333 25.5636666666667 25.6323333333333 26.005 26.3966666666667 26.7363333333333 27.0653333333333 27.3316666666667 27.3333333333333 27.059 26.823 26.5553333333333 26.1943333333333 25.8093333333333 25.7636666666667 26.0446666666667 26.425 26.7366666666667 27.0056666666667 27.184 27.1756666666667 26.9786666666667 26.7666666666667 26.5163333333333 26.3076666666667
26.823 26.5553333333333 26.1943333333333 25.8093333333333 25.7636666666667 26.0446666666667 26.425 26.7366666666667 27.0056666666667 27.184 27.1756666666667 26.9786666666667 26.7666666666667 26.5163333333333 26.3076666666667 26.0516666666667 26.001 26.1323333333333 26.413 26.708 26.97 27.1606666666667 27.2636666666667 27.1326666666667 26.813 26.375 26.159
26.7666666666667 26.5163333333333 26.3076666666667 26.0516666666667 26.001 26.1323333333333 26.413 26.708 26.97 27.1606666666667 27.2636666666667 27.1326666666667 26.813 26.375 26.159 26.1206666666667 26.2216666666667 26.3736666666667 26.5856666666667 26.906 27.1843333333333 27.337 27.259 26.9313333333333 26.4906666666667 25.8856666666667 25.4043333333333
26.813 26.375 26.159 26.1206666666667 26.2216666666667 26.3736666666667 26.5856666666667 26.906 27.1843333333333 27.337 27.259 26.9313333333333 26.4906666666667 25.8856666666667 25.4043333333333 25.1623333333333 25.239 25.5116666666667 25.975 26.3756666666667 26.6666666666667 26.733 26.7916666666667 26.7136666666667 26.5146666666667 26.238 25.9963333333333
26.4906666666667 25.8856666666667 25.4043333333333 25.1623333333333 25.239 25.5116666666667 25.975 26.3756666666667 26.6666666666667 26.733 26.7916666666667 26.7136666666667 26.5146666666667 26.238 25.9963333333333 25.7563333333333 25.607 25.7733333333333 26.026 26.331 26.4113333333333 26.4956666666667 26.5676666666667 26.47 26.2573333333333 25.9653333333333 25.8286666666667
26.5146666666667 26.238 25.9963333333333 25.7563333333333 25.607 25.7733333333333 26.026 26.331 26.4113333333333 26.4956666666667 26.5676666666667 26.47 26.2573333333333 25.9653333333333 25.8286666666667 25.738 25.7993333333333 25.9596666666667 26.1953333333333 26.479 26.7283333333333 26.9553333333333 26.9893333333333 26.81 26.508 26.1953333333333 25.8723333333333
26.2573333333333 25.9653333333333 25.8286666666667 25.738 25.7993333333333 25.9596666666667 26.1953333333333 26.479 26.7283333333333 26.9553333333333 26.9893333333333 26.81 26.508 26.1953333333333 25.8723333333333 25.8323333333333 25.9793333333333 26.39 26.7646666666667 27.0713333333333 27.278 27.3206666666667 27.316 27.2066666666667 26.9286666666667 26.4223333333333 25.957
26.508 26.1953333333333 25.8723333333333 25.8323333333333 25.9793333333333 26.39 26.7646666666667 27.0713333333333 27.278 27.3206666666667 27.316 27.2066666666667 26.9286666666667 26.4223333333333 25.957 25.689 25.7903333333333 26.223 26.8403333333333 27.307 27.4986666666667 27.5286666666667 27.5526666666667 27.4116666666667 26.987 26.4336666666667 25.9156666666667
26.9286666666667 26.4223333333333 25.957 25.689 25.7903333333333 26.223 26.8403333333333 27.307 27.4986666666667 27.5286666666667 27.5526666666667 27.4116666666667 26.987 26.4336666666667 25.9156666666667 25.757 25.8526666666667 26.1716666666667 26.489 26.7946666666667 27.1113333333333 27.3736666666667 27.4926666666667 27.4646666666667 27.227 26.8233333333333 26.4486666666667
26.987 26.4336666666667 25.9156666666667 25.757 25.8526666666667 26.1716666666667 26.489 26.7946666666667 27.1113333333333 27.3736666666667 27.4926666666667 27.4646666666667 27.227 26.8233333333333 26.4486666666667 26.1483333333333 26.1313333333333 26.316 26.6983333333333 27.1486666666667 27.4446666666667 27.6303333333333 27.6593333333333 27.5476666666667 27.1916666666667 26.593 26.0543333333333
27.227 26.8233333333333 26.4486666666667 26.1483333333333 26.1313333333333 26.316 26.6983333333333 27.1486666666667 27.4446666666667 27.6303333333333 27.6593333333333 27.5476666666667 27.1916666666667 26.593 26.0543333333333 25.7103333333333 25.8196666666667 26.1816666666667 26.6566666666667 27.0823333333333 27.3123333333333 27.545 27.603 27.612 27.4073333333333 26.9923333333333 26.4293333333333
27.1916666666667 26.593 26.0543333333333 25.7103333333333 25.8196666666667 26.1816666666667 26.6566666666667 27.0823333333333 27.3123333333333 27.545 27.603 27.612 27.4073333333333 26.9923333333333 26.4293333333333 25.8596666666667 25.7693333333333 26.0283333333333 26.588 26.9633333333333 27.3653333333333 27.631 27.7053333333333 27.5336666666667 27.162 26.6866666666667 26.224
27.4073333333333 26.9923333333333 26.4293333333333 25.8596666666667 25.7693333333333 26.0283333333333 26.588 26.9633333333333 27.3653333333333 27.631 27.7053333333333 27.5336666666667 27.162 26.6866666666667 26.224 26.1143333333333 26.262 26.572 26.8506666666667 27.157 27.385 27.4586666666667 27.4033333333333 27.1416666666667 26.7016666666667 26.2276666666667 25.903
27.162 26.6866666666667 26.224 26.1143333333333 26.262 26.572 26.8506666666667 27.157 27.385 27.4586666666667 27.4033333333333 27.1416666666667 26.7016666666667 26.2276666666667 25.903 25.9066666666667 25.9916666666667 26.2406666666667 26.3893333333333 26.619 26.8013333333333 27.0293333333333 27.093 26.95 26.4643333333333 26.0236666666667 25.6356666666667
26.7016666666667 26.2276666666667 25.903 25.9066666666667 25.9916666666667 26.2406666666667 26.3893333333333 26.619 26.8013333333333 27.0293333333333 27.093 26.95 26.4643333333333 26.0236666666667 25.6356666666667 25.597 25.756 26.1783333333333 26.789 27.2883333333333 27.6636666666667 27.709 27.682 27.504 27.161 26.7356666666667 26.1343333333333
26.4643333333333 26.0236666666667 25.6356666666667 25.597 25.756 26.1783333333333 26.789 27.2883333333333 27.6636666666667 27.709 27.682 27.504 27.161 26.7356666666667 26.1343333333333 25.8353333333333 25.8456666666667 26.2496666666667 26.6163333333333 26.866 26.915 26.9196666666667 26.8586666666667 26.738 26.477 26.3816666666667 26.259
27.161 26.7356666666667 26.1343333333333 25.8353333333333 25.8456666666667 26.2496666666667 26.6163333333333 26.866 26.915 26.9196666666667 26.8586666666667 26.738 26.477 26.3816666666667 26.259 26.3816666666667 26.4996666666667 26.6766666666667 26.828 26.8566666666667 26.9943333333333 27.005 27.015 26.9026666666667 26.652 26.3006666666667 25.9013333333333
26.477 26.3816666666667 26.259 26.3816666666667 26.4996666666667 26.6766666666667 26.828 26.8566666666667 26.9943333333333 27.005 27.015 26.9026666666667 26.652 26.3006666666667 25.9013333333333 25.791 25.938 26.4143333333333 26.7676666666667 27.0113333333333 27.2236666666667 27.435 27.5786666666667 27.388 27.0113333333333 26.5286666666667 26.1003333333333
26.652 26.3006666666667 25.9013333333333 25.791 25.938 26.4143333333333 26.7676666666667 27.0113333333333 27.2236666666667 27.435 27.5786666666667 27.388 27.0113333333333 26.5286666666667 26.1003333333333 25.8296666666667 25.8623333333333 26.237 26.7 27.0066666666667 27.2103333333333 27.4256666666667 27.6026666666667 27.471 27.1383333333333 26.621 26.0736666666667
