1948	1	NA
1948	2	NA
1948	3	NA
1948	4	NA
1948	5	NA
1948	6	NA
1948	7	NA
1948	8	NA
1948	9	NA
1948	10	NA
1948	11	NA
1948	12	NA
1949	1	NA
1949	2	NA
1949	3	NA
1949	4	NA
1949	5	NA
1949	6	NA
1949	7	NA
1949	8	NA
1949	9	NA
1949	10	NA
1949	11	NA
1949	12	NA
1950	1	NA
1950	2	NA
1950	3	NA
1950	4	NA
1950	5	NA
1950	6	NA
1950	7	NA
1950	8	NA
1950	9	NA
1950	10	NA
1950	11	NA
1950	12	NA
1951	1	58.7
1951	2	0
1951	3	22.9
1951	4	41.5
1951	5	153.3
1951	6	185.5
1951	7	257.4
1951	8	187.8
1951	9	289.9
1951	10	197.9
1951	11	64.6
1951	12	13.8
1952	1	0
1952	2	0
1952	3	68.1
1952	4	26.8
1952	5	175.9
1952	6	200
1952	7	270.2
1952	8	221.8
1952	9	235.3
1952	10	134.9
1952	11	33.6
1952	12	0
1953	1	20.2
1953	2	88.5
1953	3	0
1953	4	122.4
1953	5	178.4
1953	6	346.5
1953	7	200.3
1953	8	188.9
1953	9	474.3
1953	10	291.3
1953	11	82.7
1953	12	3
1954	1	0
1954	2	9.1
1954	3	25
1954	4	39.9
1954	5	272.8
1954	6	39.2
1954	7	54
1954	8	301.5
1954	9	288.4
1954	10	223.1
1954	11	18.6
1954	12	4.9
1955	1	0.9
1955	2	11.7
1955	3	68.3
1955	4	263.5
1955	5	228.5
1955	6	378.6
1955	7	209.1
1955	8	245.1
1955	9	517.9
1955	10	135.4
1955	11	102.7
1955	12	0
1956	1	0
1956	2	46.5
1956	3	0
1956	4	92.8
1956	5	558.1
1956	6	189.9
1956	7	291.4
1956	8	298.1
1956	9	434.9
1956	10	287.2
1956	11	12
1956	12	1.9
1957	1	0
1957	2	21
1957	3	20.9
1957	4	112.5
1957	5	154.8
1957	6	467.4
1957	7	289.8
1957	8	309.3
1957	9	400.6
1957	10	305.2
1957	11	1.3
1957	12	0.1
1958	1	36.2
1958	2	3.8
1958	3	80.7
1958	4	180
1958	5	232.2
1958	6	257.2
1958	7	282.4
1958	8	325.8
1958	9	445.2
1958	10	234.4
1958	11	0.5
1958	12	0
1959	1	15.4
1959	2	0
1959	3	16.9
1959	4	85.2
1959	5	520
1959	6	216.6
1959	7	322.6
1959	8	219.6
1959	9	793.3
1959	10	110.6
1959	11	1.8
1959	12	2.3
1960	1	43.5
1960	2	0
1960	3	6.2
1960	4	65.8
1960	5	292.2
1960	6	233.1
1960	7	326.2
1960	8	338
1960	9	418.8
1960	10	593.3
1960	11	73
1960	12	90.6
1961	1	2
1961	2	42.8
1961	3	98.8
1961	4	153.8
1961	5	758.6
1961	6	252.2
1961	7	322.3
1961	8	567.1
1961	9	637.3
1961	10	674.5
1961	11	65.4
1961	12	76.3
1962	1	12.5
1962	2	0
1962	3	9.6
1962	4	130.3
1962	5	355.4
1962	6	208.1
1962	7	412.3
1962	8	300.7
1962	9	980.3
1962	10	586.8
1962	11	18.6
1962	12	13.8
1963	1	0
1963	2	3.6
1963	3	50.4
1963	4	57
1963	5	160.1
1963	6	405.9
1963	7	290.3
1963	8	419.5
1963	9	910.3
1963	10	707.1
1963	11	293.4
1963	12	20.2
1964	1	3.3
1964	2	0
1964	3	42.1
1964	4	113.8
1964	5	806.3
1964	6	138.4
1964	7	406.3
1964	8	229.4
1964	9	897.1
1964	10	645.4
1964	11	118.1
1964	12	1.6
1965	1	6.8
1965	2	24.5
1965	3	6.3
1965	4	36.2
1965	5	520.8
1965	6	258.2
1965	7	154
1965	8	669.9
1965	9	638
1965	10	460
1965	11	134.6
1965	12	76.6
1966	1	18.9
1966	2	4.6
1966	3	142.1
1966	4	9.2
1966	5	816.5
1966	6	153.6
1966	7	324.4
1966	8	419.5
1966	9	367.1
1966	10	379.5
1966	11	104.5
1966	12	8
1967	1	7.4
1967	2	0.4
1967	3	2.1
1967	4	62.4
1967	5	228.2
1967	6	211
1967	7	268.2
1967	8	296.4
1967	9	719.6
1967	10	178
1967	11	145.3
1967	12	3.7
1968	1	3.8
1968	2	0.9
1968	3	10.9
1968	4	217.3
1968	5	361.2
1968	6	406.6
1968	7	213.8
1968	8	347.7
1968	9	336
1968	10	185.6
1968	11	11.3
1968	12	0
1969	1	77.6
1969	2	0
1969	3	6.9
1969	4	139.5
1969	5	935.6
1969	6	267.2
1969	7	452
1969	8	1035.3
1969	9	1221.8
1969	10	424.7
1969	11	57.5
1969	12	11.3
1970	1	25
1970	2	4.4
1970	3	176
1970	4	282.7
1970	5	1163.4
1970	6	522.5
1970	7	757.4
1970	8	908
1970	9	820.6
1970	10	486.2
1970	11	91.6
1970	12	194.3
1971	1	1.2
1971	2	0
1971	3	53.4
1971	4	85
1971	5	995.1
1971	6	551.9
1971	7	864.199999999999
1971	8	903.5
1971	9	695.4
1971	10	758.3
1971	11	73.5
1971	12	72.9
1972	1	0.7
1972	2	9.4
1972	3	70.8
1972	4	483.1
1972	5	325.2
1972	6	407.7
1972	7	407.8
1972	8	527.9
1972	9	965.2
1972	10	496.7
1972	11	581.5
1972	12	90.1
1973	1	0
1973	2	0
1973	3	343.8
1973	4	28.4
1973	5	837.7
1973	6	557.8
1973	7	574.3
1973	8	919.9
1973	9	1329.1
1973	10	367.1
1973	11	57.7
1973	12	0
1974	1	0
1974	2	0
1974	3	158
1974	4	253.7
1974	5	682.5
1974	6	389.7
1974	7	441.1
1974	8	745.2
1974	9	991.2
1974	10	894.6
1974	11	440.5
1974	12	18.1
1975	1	360
1975	2	4.6
1975	3	3.5
1975	4	93.4
1975	5	645
1975	6	577.5
1975	7	514.5
1975	8	892
1975	9	895.3
1975	10	993.2
1975	11	194.9
1975	12	186.5
1976	1	0
1976	2	16.1
1976	3	38.7
1976	4	111.2
1976	5	684.1
1976	6	335.5
1976	7	509.5
1976	8	948.9
1976	9	855.3
1976	10	888.1
1976	11	84.9
1976	12	48
1977	1	194.7
1977	2	3.2
1977	3	147.6
1977	4	263.8
1977	5	467.7
1977	6	238.1
1977	7	440
1977	8	660.3
1977	9	960.9
1977	10	578.7
1977	11	65.5
1977	12	93.1
1978	1	73.4
1978	2	66.8
1978	3	0.5
1978	4	32.5
1978	5	826.1
1978	6	271.1
1978	7	1306.6
1978	8	598.7
1978	9	848.9
1978	10	353.9
1978	11	5.1
1978	12	29.9
1979	1	0
1979	2	5.9
1979	3	2.4
1979	4	174.3
1979	5	776.5
1979	6	543.2
1979	7	281.4
1979	8	472.8
1979	9	1009.6
1979	10	291
1979	11	0
1979	12	0
1980	1	0
1980	2	0
1980	3	103.7
1980	4	118.7
1980	5	1036
1980	6	559.3
1980	7	542.1
1980	8	546.7
1980	9	902.4
1980	10	670.1
1980	11	150.3
1980	12	171.9
1981	1	0
1981	2	0
1981	3	10
1981	4	323.2
1981	5	821.3
1981	6	516.5
1981	7	792.3
1981	8	534.9
1981	9	539.5
1981	10	343
1981	11	670.2
1981	12	76.1
1982	1	0
1982	2	0
1982	3	6.6
1982	4	167.8
1982	5	665.1
1982	6	392.5
1982	7	299
1982	8	263.8
1982	9	863.9
1982	10	423.6
1982	11	171.7
1982	12	0
1983	1	1.7
1983	2	0
1983	3	2.7
1983	4	75.8
1983	5	677
1983	6	404.5
1983	7	316.3
1983	8	677.8
1983	9	819.8
1983	10	1182.2
1983	11	658.6
1983	12	57.5
1984	1	0.1
1984	2	117.5
1984	3	0
1984	4	134.9
1984	5	397.4
1984	6	591.4
1984	7	372.4
1984	8	462.1
1984	9	762.1
1984	10	700.1
1984	11	21.1
1984	12	0
1985	1	4
1985	2	0
1985	3	7.4
1985	4	378.1
1985	5	527.4
1985	6	467.6
1985	7	385.2
1985	8	474.5
1985	9	1044.2
1985	10	601
1985	11	628.3
1985	12	0
1986	1	0
1986	2	1.2
1986	3	0.3
1986	4	234.3
1986	5	666.9
1986	6	441.8
1986	7	381.3
1986	8	575.8
1986	9	765.2
1986	10	514
1986	11	149.9
1986	12	142.5
1987	1	0
1987	2	26.6
1987	3	73
1987	4	173.8
1987	5	435.4
1987	6	627.4
1987	7	197.7
1987	8	1271
1987	9	794.7
1987	10	249.9
1987	11	359.2
1987	12	0
1988	1	0
1988	2	0.8
1988	3	0
1988	4	333.7
1988	5	707.1
1988	6	1095.9
1988	7	587
1988	8	312.5
1988	9	757.2
1988	10	1030.2
1988	11	208.4
1988	12	1.2
1989	1	4.4
1989	2	20.4
1989	3	50.3
1989	4	59
1989	5	667.6
1989	6	523.2
1989	7	629.9
1989	8	529.8
1989	9	489.2
1989	10	1046.2
1989	11	53.9
1989	12	0
1990	1	2.4
1990	2	60.1
1990	3	58.3
1990	4	218.8
1990	5	1010.6
1990	6	260.5
1990	7	299.6
1990	8	528.3
1990	9	617.3
1990	10	866.3
1990	11	287.6
1990	12	0.2
1991	1	9.6
1991	2	0
1991	3	12.6
1991	4	166.6
1991	5	249.3
1991	6	540.7
1991	7	393.3
1991	8	1061.9
1991	9	406.8
1991	10	698.4
1991	11	105.4
1991	12	12.4
1992	1	13.7
1992	2	215.6
1992	3	0
1992	4	38.3
1992	5	130.3
1992	6	343
1992	7	984.4
1992	8	536.2
1992	9	764.3
1992	10	752.4
1992	11	50.2
1992	12	313.2
1993	1	0
1993	2	0
1993	3	23.5
1993	4	198.3
1993	5	519
1993	6	148.7
1993	7	313.1
1993	8	361.6
1993	9	855.8
1993	10	439.2
1993	11	0
1993	12	0.1
1994	1	0
1994	2	0
1994	3	428.7
1994	4	283.4
1994	5	958.6
1994	6	611.8
1994	7	566.4
1994	8	840.3
1994	9	584.7
1994	10	235
1994	11	87.2
1994	12	104.8
1995	1	0
1995	2	0
1995	3	26.3
1995	4	193.8
1995	5	680
1995	6	396.7
1995	7	692.8
1995	8	940.8
1995	9	763.3
1995	10	332.6
1995	11	201.1
1995	12	0
1996	1	0
1996	2	121.1
1996	3	63.4
1996	4	508.3
1996	5	473.7
1996	6	685
1996	7	433.1
1996	8	734
1996	9	1243
1996	10	526.2
1996	11	339.5
1996	12	0.3
1997	1	0
1997	2	0
1997	3	73.9
1997	4	202.4
1997	5	253.9
1997	6	75.3
1997	7	658.7
1997	8	805.6
1997	9	602.6
1997	10	480.5
1997	11	37.1
1997	12	0
1998	1	29.3
1998	2	0
1998	3	0
1998	4	27.6
1998	5	606.9
1998	6	207.1
1998	7	479
1998	8	563.1
1998	9	592.6
1998	10	336.2
1998	11	165.5
1998	12	2.7
1999	1	40.2
1999	2	147.7
1999	3	59.4
1999	4	433.7
1999	5	1449.8
1999	6	327.2
1999	7	284.3
1999	8	598.8
1999	9	691.3
1999	10	794.4
1999	11	203.8
1999	12	18.5
2000	1	0
2000	2	124.5
2000	3	140.2
2000	4	586
2000	5	820.2
2000	6	637.2
2000	7	228.2
2000	8	489.5
2000	9	859.4
2000	10	1001.8
2000	11	18.7
2000	12	16.6
2001	1	3.4
2001	2	0
2001	3	468.1
2001	4	45.2
2001	5	1081.7
2001	6	387.8
2001	7	500.8
2001	8	779.6
2001	9	459.6
2001	10	909.7
2001	11	66.1
2001	12	56.2
2002	1	44.1
2002	2	27.5
2002	3	76.3
2002	4	215.4
2002	5	957.2
2002	6	257.9
2002	7	243.7
2002	8	723.9
2002	9	1394.8
2002	10	471.7
2002	11	871.8
2002	12	167
2003	1	41.4
2003	2	0.9
2003	3	213.4
2003	4	174.7
2003	5	381.2
2003	6	530.9
2003	7	360
2003	8	498.8
2003	9	1121.4
2003	10	103.5
2003	11	8.9
2003	12	0
2004	1	40.6
2004	2	10.3
2004	3	0.5
2004	4	139.5
2004	5	1356.8
2004	6	935.300000000001
2004	7	1026.6
2004	8	612.5
2004	9	1927.8
2004	10	145.8
2004	11	199.7
2004	12	0
2005	1	0
2005	2	5.8
2005	3	48.2
2005	4	322.9
2005	5	269.5
2005	6	606.6
2005	7	514.8
2005	8	499.8
2005	9	1423.7
2005	10	640.9
2005	11	154.3
2005	12	155.7
2006	1	0
2006	2	11.8
2006	3	84.1
2006	4	525.3
2006	5	1134.7
2006	6	782.6
2006	7	693.1
2006	8	819.2
2006	9	1177.5
2006	10	552.5
2006	11	16.8
2006	12	0
2007	1	0
2007	2	0
2007	3	12.4
2007	4	185.4
2007	5	1566.6
2007	6	474.2
2007	7	258.4
2007	8	NA
2007	9	NA
2007	10	NA
2007	11	NA
2007	12	NA
