1948   -5.380   -4.500   -5.803   -6.216   -7.112   -6.703   -6.640   -6.798   -6.236   -5.974   -5.195   -4.914
1949   -4.172   -2.729   -5.117   -5.643   -6.666   -5.652   -4.467   -5.758   -5.324   -5.027   -4.954   -4.614
1950   -3.073   -4.426   -5.559   -5.837   -4.587   -6.875   -6.519   -6.316   -6.143   -6.233   -5.998   -4.861
1951   -5.148   -4.813   -5.199   -4.640   -7.203   -3.186   -6.752   -6.037   -5.438   -4.958   -4.284   -4.955
1952   -4.422   -5.364   -5.700   -4.889   -5.727   -5.843   -6.402   -7.445   -6.409   -5.772   -5.693   -5.442
1953   -5.573   -5.081   -5.449   -6.284   -5.161   -5.725   -5.360   -6.495   -6.070   -5.263   -6.000   -5.261
1954   -4.892   -5.196   -5.505   -6.943   -7.290   -6.202   -5.924   -7.722   -6.109   -6.147   -6.318   -5.661
1955   -4.750   -4.414   -5.538   -5.257   -4.695   -7.419   -6.624   -5.477   -6.181   -6.339   -6.321   -5.640
1956   -5.455   -4.772   -4.889   -7.001   -6.497   -6.884   -5.038   -8.124   -5.661   -6.396   -4.869   -5.048
1957   -5.051   -4.271   -5.744   -5.071   -6.155   -4.467   -8.465   -6.231   -6.707   -5.172   -5.975   -5.716
1958   -3.845   -4.843   -5.773   -7.432   -5.172   -5.054   -5.879   -7.080   -7.215   -6.524   -6.398   -5.577
1959   -5.437   -5.954   -5.217   -6.225   -6.439   -5.031   -5.660   -7.238   -8.126   -5.000   -6.475   -6.229
1960   -5.153   -5.391   -6.368   -7.479   -6.950   -6.861   -5.565   -8.040   -6.980   -6.301   -6.147   -5.842
1961   -5.585   -5.778   -4.644   -7.266   -7.098   -5.318   -7.188   -6.390   -6.256   -6.069   -6.711   -6.768
1962   -4.490   -3.408   -7.295   -7.040   -3.968   -5.576   -7.746   -7.024   -7.657   -6.384   -5.706   -6.473
1963   -5.080   -4.807   -6.241   -6.718   -2.845   -4.639   -5.869   -4.072   -5.912   -6.001   -5.922   -5.645
1964   -5.329   -6.383   -5.701   -7.343   -7.560   -2.833   -4.291   -5.853   -6.878   -6.125   -6.527   -5.926
1965   -5.402   -5.812   -4.483   -5.639   -6.323   -4.841   -6.877   -6.015   -6.052   -5.894   -4.736   -4.913
1966   -5.579   -5.368   -6.564   -6.605   -6.730   -6.089   -7.005   -6.875   -6.040   -5.499   -6.037   -6.785
1967   -3.414   -4.546   -6.598   -5.236   -5.255   -6.056   -7.221   -5.986   -7.503   -5.207   -5.695   -4.617
1968   -4.641   -4.347   -6.917   -6.553   -6.183   -3.053   -6.793   -7.669   -7.184   -6.092   -5.954   -6.933
1969   -5.473   -4.894   -6.183   -6.398   -6.498   -5.677   -8.157   -7.882   -7.966   -5.550   -6.532   -5.456
1970   -6.226   -4.209   -6.361   -7.665   -6.578   -5.139   -7.041   -6.970   -6.220   -6.011   -7.380   -5.975
1971   -5.156   -6.101   -5.551   -7.583   -7.319   -6.499   -6.493   -7.063   -5.317   -5.948   -6.164   -6.261
1972   -5.407   -5.365   -6.221   -6.913   -7.040   -6.150   -6.413   -5.224   -6.516   -5.900   -5.377   -4.530
1973   -5.669   -6.229   -6.257   -5.656   -5.208   -5.665   -5.475   -6.668   -5.427   -7.255   -7.208   -7.204
1974   -4.950   -6.268   -4.865   -6.396   -4.323   -5.275   -5.544   -5.003   -5.841   -6.400   -6.700   -6.088
1975   -6.418   -4.770   -5.134   -6.775   -7.036   -5.288   -5.773   -5.409   -7.172   -6.634   -6.553   -6.162
1976   -4.467   -5.109   -6.242   -5.615   -6.876   -7.403   -6.126   -5.246   -5.617   -5.411   -5.402   -5.301
1977   -4.877   -5.719   -5.544   -6.726   -6.094   -5.706   -6.760   -5.837   -6.231   -5.247   -5.319   -4.395
1978   -4.971   -4.567   -5.722   -4.814   -6.276   -6.568   -5.744   -7.228   -7.507   -6.819   -5.549   -4.525
1979   -4.852   -4.897   -4.903   -5.607   -7.476   -6.792   -6.747   -7.103   -7.472   -6.024   -4.479   -6.703
1980   -4.916   -5.185   -4.842   -6.478   -5.802   -5.809   -6.661   -6.326   -6.030   -5.789   -5.666   -5.731
1981   -4.506   -4.283   -5.665   -5.628   -6.384   -6.247   -7.152   -6.167   -5.381   -5.972   -6.055   -5.742
1982   -5.733   -5.563   -6.596   -6.462   -7.160   -7.003   -7.501   -6.353   -5.983   -5.145   -4.634   -4.939
1983   -5.027   -5.268   -5.077   -5.773   -7.298   -4.441   -7.775   -4.489   -4.958   -6.100   -6.229   -5.542
1984   -6.031   -4.887   -6.928   -6.183   -5.900   -6.772   -7.194   -6.661   -5.484   -5.475   -6.668   -5.464
1985   -6.103   -3.750   -5.433   -6.036   -6.932   -5.923   -6.650   -7.331   -6.432   -6.285   -5.425   -5.240
1986   -4.847   -5.035   -6.443   -7.673   -6.813   -5.985   -6.345   -7.312   -6.237   -5.171   -5.517   -6.242
1987   -4.815   -4.120   -5.553   -5.709   -8.858   -6.213   -6.872   -7.547   -7.191   -5.340   -5.957   -5.789
1988   -7.033   -5.156   -6.231   -6.038   -6.382   -5.835   -6.281   -6.571   -5.372   -5.959   -5.956   -5.954
1989   -5.765   -4.730   -5.405   -7.389   -5.405   -5.905   -8.387   -6.965   -6.097   -5.681   -4.561   -5.262
1990   -6.009   -4.991   -5.730   -6.073   -6.722   -8.349   -5.431   -7.104   -6.322   -6.409   -5.730   -5.176
1991   -5.115   -4.146   -6.600   -5.707   -6.096   -4.864   -4.531   -7.362   -5.075   -6.136   -4.856   -4.750
1992   -5.418   -5.518   -5.802   -5.613   -6.856   -4.189   -7.454   -5.745   -6.769   -7.167   -5.546   -5.551
1993   -4.819   -4.450   -7.040   -6.965   -7.402   -7.580   -6.627   -7.688   -5.786   -6.598   -6.082   -6.325
1994   -6.095   -6.196   -6.353   -7.815   -6.579   -6.014   -7.023   -6.574   -6.742   -5.981   -6.547   -5.839
1995   -5.600   -5.547   -5.745   -5.620   -6.532   -6.633   -6.185   -7.048   -4.760   -5.021   -6.373   -5.158
1996   -5.970   -4.719   -6.580   -6.846   -6.469   -4.024   -3.405   -6.897   -4.243   -5.919   -5.600   -5.729
1997   -5.649   -5.437   -6.481   -6.740   -5.983   -7.498   -7.019   -6.419   -5.637   -6.425   -5.148   -5.906
1998   -4.873   -6.484   -6.406   -6.862   -5.687   -5.762   -6.884   -5.447   -6.801   -6.844   -5.853   -5.887
1999   -6.031   -4.142   -7.255   -6.548   -3.697   -6.358   -5.893   -5.946   -5.083   -5.559   -4.918   -5.519
2000   -4.350   -5.757   -5.756   -7.317   -7.421   -6.730   -6.741   -6.551   -6.865   -6.465   -4.419   -5.010
2001   -6.157   -4.548   -6.351   -6.711   -5.734   -7.108   -6.541   -7.419   -6.962   -7.191   -6.183   -4.108
2002   -5.663   -4.258   -5.661   -5.637   -4.238   -6.133   -6.587   -6.820   -6.084   -4.636   -5.772   -4.850
2003   -4.388   -4.467   -5.472   -5.985   -5.760   -5.297   -7.541   -6.054   -5.439   -6.459   -5.341   -4.703
2004   -5.077   -3.501   -6.933   -6.523   -5.943   -5.372   -6.589   -6.947   -6.988   -4.565   -4.815   -4.769
2005   -5.844   -4.554   -4.004   -6.251   -3.620   -5.356   -6.670   -6.803   -5.307   -4.598   -5.390   -5.452
2006   -4.338   -5.369   -5.573   -7.346   -6.638   -7.512   -7.173   -4.538   -6.368   -6.128   -4.670   -5.327
2007   -4.723   -5.621   -5.372   -6.476   -7.410   -4.202   -4.861   -6.758   -5.549   -5.087   -5.136   -5.633
2008   -4.438   -3.153   -5.144   -5.771   -5.434   -6.002   -5.207   -7.030   -5.784   -6.321   -6.334   -4.794
2009   -4.561   -4.420   -5.720   -7.424   -5.725   -4.325   -5.414   -4.467   -5.850   -5.938   -4.396   -4.873
2010   -4.364   -4.125   -5.299   -6.036   -5.765   -7.420   -7.988   -6.329   -7.865   -6.948   -5.906   -4.083
2011   -3.295   -0.776   -5.173   -5.459   -5.745   -4.893   -4.531   -4.341   -5.299   -4.236   -4.343   -4.853
2012   -3.840   -5.466   -4.298   -5.529   -6.476   -4.250   -6.747   -5.520   -3.681   -4.257   -5.006   -5.272
2013   -4.144   -4.491   -4.517   -4.542   -5.810   -7.165   -6.729   -5.728   -4.089   -4.603   -4.014   -5.380
2014   -3.982   -4.299 -999.999 -999.999 -999.999 -999.999 -999.999 -999.999 -999.999 -999.999 -999.999 -999.999