355.741276946624
270.803431284396
355.741276946624
270.803431284396
276.475395897327
270.803431284396
270.803431284396
302.255796496712
302.255796496712
275.624057351995
270.803431284396
275.624057351995
270.803431284396
275.624057351995
270.803431284396
284.931400728746
270.803431284396
275.624057351995
275.624057351995
275.624057351995
284.931400728746
270.803431284396
276.475395897327
284.931400728746
270.803431284396
276.475395897327
270.803431284396
270.803431284396
355.741276946624
270.803431284396
270.803431284396
284.931400728746
270.803431284396
276.475395897327
276.475395897327
270.803431284396
284.931400728746
355.741276946624
270.803431284396
355.741276946624
276.475395897327
302.255796496712
276.475395897327
275.624057351995
270.803431284396
355.741276946624
270.803431284396
284.931400728746
276.475395897327
270.803431284396
270.803431284396
270.803431284396
270.803431284396
270.803431284396
355.741276946624
302.255796496712
270.803431284396
270.803431284396
270.803431284396
302.255796496712
270.803431284396
270.803431284396
276.475395897327
355.741276946624
270.803431284396
276.475395897327
276.475395897327
270.803431284396
270.803431284396
276.475395897327
276.475395897327
276.475395897327
270.803431284396
270.803431284396
276.475395897327
270.803431284396
270.803431284396
276.475395897327
284.931400728746
270.803431284396
270.803431284396
270.803431284396
276.475395897327
270.803431284396
270.803431284396
270.803431284396
270.803431284396
270.803431284396
302.255796496712
284.931400728746
270.803431284396
276.475395897327
270.803431284396
302.255796496712
270.803431284396
302.255796496712
270.803431284396
276.475395897327
302.255796496712
270.803431284396
270.803431284396
270.803431284396
270.803431284396
270.803431284396
284.931400728746
270.803431284396
270.803431284396
276.475395897327
270.803431284396
302.255796496712
276.475395897327
270.803431284396
270.803431284396
270.803431284396
355.741276946624
302.255796496712
302.255796496712
284.931400728746
302.255796496712
276.475395897327
355.741276946624
270.803431284396
284.931400728746
276.475395897327
284.931400728746
270.803431284396
276.475395897327
270.803431284396
270.803431284396
270.803431284396
270.803431284396
284.931400728746
270.803431284396
276.475395897327
270.803431284396
270.803431284396
270.803431284396
276.475395897327
276.475395897327
275.624057351995
276.475395897327
270.803431284396
270.803431284396
276.475395897327
270.803431284396
276.475395897327
270.803431284396
270.803431284396
276.475395897327
284.931400728746
275.624057351995
284.931400728746
284.931400728746
270.803431284396
270.803431284396
276.475395897327
270.803431284396
270.803431284396
284.931400728746
276.475395897327
276.475395897327
275.624057351995
270.803431284396
284.931400728746
276.475395897327
270.803431284396
276.475395897327
355.741276946624
284.931400728746
270.803431284396
276.475395897327
276.475395897327
276.475395897327
284.931400728746
276.475395897327
302.255796496712
276.475395897327
275.624057351995
276.475395897327
270.803431284396
270.803431284396
276.475395897327
270.803431284396
355.741276946624
270.803431284396
302.255796496712
302.255796496712
270.803431284396
284.931400728746
270.803431284396
270.803431284396
270.803431284396
276.475395897327
270.803431284396
275.624057351995
284.931400728746
270.803431284396
270.803431284396
270.803431284396
355.741276946624
270.803431284396
270.803431284396
270.803431284396
276.475395897327
270.803431284396
275.624057351995
275.624057351995
270.803431284396
302.255796496712
275.624057351995
355.741276946624
270.803431284396
276.475395897327
270.803431284396
276.475395897327
276.475395897327
276.475395897327
270.803431284396
270.803431284396
270.803431284396
270.803431284396
284.931400728746
284.931400728746
284.931400728746
284.931400728746
270.803431284396
276.475395897327
355.741276946624
270.803431284396
276.475395897327
284.931400728746
276.475395897327
284.931400728746
275.624057351995
355.741276946624
284.931400728746
284.931400728746
284.931400728746
284.931400728746
276.475395897327
302.255796496712
276.475395897327
276.475395897327
355.741276946624
276.475395897327
276.475395897327
276.475395897327
270.803431284396
270.803431284396
276.475395897327
275.624057351995
270.803431284396
275.624057351995
302.255796496712
284.931400728746
270.803431284396
270.803431284396
270.803431284396
276.475395897327
270.803431284396
270.803431284396
270.803431284396
270.803431284396
355.741276946624
276.475395897327
275.624057351995
270.803431284396
276.475395897327
270.803431284396
270.803431284396
302.255796496712
270.803431284396
276.475395897327
270.803431284396
355.741276946624
276.475395897327
270.803431284396
276.475395897327
302.255796496712
276.475395897327
270.803431284396
284.931400728746
276.475395897327
270.803431284396
270.803431284396
275.624057351995
284.931400728746
284.931400728746
270.803431284396
270.803431284396
276.475395897327
276.475395897327
270.803431284396
355.741276946624
284.931400728746
270.803431284396
284.931400728746
355.741276946624
276.475395897327
284.931400728746
