25.1077253968449
25.7737230395367
26.3066357856011
62.486743756624
7.81058871032875
7.81058871032875
25.7737230395367
7.81058871032875
26.3066357856011
7.81058871032875
62.486743756624
7.81058871032875
62.486743756624
25.7737230395367
2.15233384317682
62.486743756624
7.81058871032875
7.81058871032875
7.81058871032875
62.486743756624
62.486743756624
26.3066357856011
25.1077253968449
62.486743756624
7.81058871032875
7.81058871032875
7.81058871032875
62.486743756624
26.3066357856011
7.81058871032875
7.81058871032875
26.3066357856011
25.7737230395367
26.3066357856011
26.3066357856011
62.486743756624
7.81058871032875
26.3066357856011
26.3066357856011
7.81058871032875
26.3066357856011
2.15233384317682
26.3066357856011
7.81058871032875
7.81058871032875
7.81058871032875
7.81058871032875
26.3066357856011
62.486743756624
2.15233384317682
7.81058871032875
25.1077253968449
26.3066357856011
62.486743756624
7.81058871032875
25.1077253968449
26.3066357856011
7.81058871032875
7.81058871032875
7.81058871032875
7.81058871032875
7.81058871032875
25.7737230395367
7.81058871032875
7.81058871032875
26.3066357856011
2.15233384317682
7.81058871032875
25.1077253968449
7.81058871032875
7.81058871032875
26.3066357856011
25.1077253968449
62.486743756624
26.3066357856011
7.81058871032875
7.81058871032875
7.81058871032875
25.7737230395367
7.81058871032875
7.81058871032875
25.7737230395367
7.81058871032875
25.7737230395367
2.15233384317682
7.81058871032875
26.3066357856011
25.7737230395367
62.486743756624
7.81058871032875
2.15233384317682
7.81058871032875
62.486743756624
25.1077253968449
7.81058871032875
7.81058871032875
26.3066357856011
62.486743756624
25.7737230395367
26.3066357856011
62.486743756624
2.15233384317682
2.15233384317682
7.81058871032875
25.7737230395367
26.3066357856011
26.3066357856011
25.1077253968449
7.81058871032875
26.3066357856011
7.81058871032875
7.81058871032875
7.81058871032875
25.1077253968449
7.81058871032875
7.81058871032875
2.15233384317682
7.81058871032875
7.81058871032875
7.81058871032875
2.15233384317682
26.3066357856011
7.81058871032875
25.1077253968449
7.81058871032875
7.81058871032875
7.81058871032875
7.81058871032875
7.81058871032875
7.81058871032875
26.3066357856011
26.3066357856011
62.486743756624
26.3066357856011
25.7737230395367
62.486743756624
7.81058871032875
7.81058871032875
7.81058871032875
2.15233384317682
26.3066357856011
26.3066357856011
25.7737230395367
26.3066357856011
62.486743756624
25.7737230395367
62.486743756624
26.3066357856011
26.3066357856011
62.486743756624
2.15233384317682
2.15233384317682
2.15233384317682
7.81058871032875
26.3066357856011
7.81058871032875
62.486743756624
25.7737230395367
7.81058871032875
2.15233384317682
7.81058871032875
26.3066357856011
62.486743756624
26.3066357856011
25.7737230395367
7.81058871032875
7.81058871032875
7.81058871032875
26.3066357856011
7.81058871032875
25.7737230395367
7.81058871032875
2.15233384317682
7.81058871032875
26.3066357856011
7.81058871032875
26.3066357856011
62.486743756624
62.486743756624
7.81058871032875
7.81058871032875
7.81058871032875
7.81058871032875
7.81058871032875
25.1077253968449
62.486743756624
62.486743756624
25.1077253968449
62.486743756624
62.486743756624
7.81058871032875
7.81058871032875
25.7737230395367
62.486743756624
25.7737230395367
26.3066357856011
7.81058871032875
62.486743756624
62.486743756624
62.486743756624
7.81058871032875
7.81058871032875
25.1077253968449
7.81058871032875
7.81058871032875
7.81058871032875
7.81058871032875
62.486743756624
25.7737230395367
25.7737230395367
25.1077253968449
7.81058871032875
62.486743756624
26.3066357856011
25.1077253968449
62.486743756624
7.81058871032875
26.3066357856011
7.81058871032875
7.81058871032875
7.81058871032875
25.1077253968449
7.81058871032875
7.81058871032875
26.3066357856011
62.486743756624
7.81058871032875
7.81058871032875
2.15233384317682
25.7737230395367
25.7737230395367
7.81058871032875
25.7737230395367
7.81058871032875
26.3066357856011
62.486743756624
7.81058871032875
25.7737230395367
62.486743756624
7.81058871032875
7.81058871032875
7.81058871032875
25.7737230395367
2.15233384317682
2.15233384317682
26.3066357856011
26.3066357856011
26.3066357856011
7.81058871032875
7.81058871032875
7.81058871032875
7.81058871032875
26.3066357856011
26.3066357856011
7.81058871032875
7.81058871032875
62.486743756624
7.81058871032875
2.15233384317682
7.81058871032875
26.3066357856011
7.81058871032875
2.15233384317682
25.1077253968449
7.81058871032875
7.81058871032875
25.7737230395367
7.81058871032875
25.7737230395367
7.81058871032875
26.3066357856011
25.1077253968449
26.3066357856011
25.7737230395367
7.81058871032875
25.7737230395367
26.3066357856011
2.15233384317682
2.15233384317682
7.81058871032875
7.81058871032875
7.81058871032875
25.7737230395367
25.7737230395367
26.3066357856011
25.1077253968449
2.15233384317682
7.81058871032875
26.3066357856011
62.486743756624
26.3066357856011
26.3066357856011
62.486743756624
7.81058871032875
7.81058871032875
7.81058871032875
7.81058871032875
7.81058871032875
7.81058871032875
26.3066357856011
