1349.54397618163
1557.32343760025
1559.34697878021
1559.34697878021
1559.34697878021
1559.34697878021
1684.5292458501
1559.34697878021
1434.07661388086
1684.5292458501
1434.07661388086
1434.07661388086
1559.34697878021
1434.07661388086
1434.07661388086
1559.34697878021
1559.34697878021
1557.32343760025
1559.34697878021
1559.34697878021
1434.07661388086
1349.54397618163
1559.34697878021
1535.06893405131
1684.5292458501
1434.07661388086
1349.54397618163
1559.34697878021
1434.07661388086
1349.54397618163
1434.07661388086
1559.34697878021
1559.34697878021
1349.54397618163
1434.07661388086
1434.07661388086
1535.06893405131
1535.06893405131
1349.54397618163
1684.5292458501
1559.34697878021
1434.07661388086
1434.07661388086
1557.32343760025
1349.54397618163
1535.06893405131
1349.54397618163
1684.5292458501
1557.32343760025
1535.06893405131
1434.07661388086
1349.54397618163
1557.32343760025
1535.06893405131
1349.54397618163
1559.34697878021
1535.06893405131
1559.34697878021
1535.06893405131
1434.07661388086
1559.34697878021
1559.34697878021
1349.54397618163
1559.34697878021
1535.06893405131
1559.34697878021
1559.34697878021
1535.06893405131
1559.34697878021
1559.34697878021
1434.07661388086
1434.07661388086
1349.54397618163
1559.34697878021
1559.34697878021
1559.34697878021
1349.54397618163
1559.34697878021
1434.07661388086
1559.34697878021
1684.5292458501
1559.34697878021
1434.07661388086
1535.06893405131
1557.32343760025
1559.34697878021
1557.32343760025
1559.34697878021
1434.07661388086
1559.34697878021
1559.34697878021
1559.34697878021
1535.06893405131
1559.34697878021
1349.54397618163
1559.34697878021
1559.34697878021
1434.07661388086
1535.06893405131
1434.07661388086
1535.06893405131
1434.07661388086
1434.07661388086
1684.5292458501
1535.06893405131
1535.06893405131
1559.34697878021
1559.34697878021
1559.34697878021
1434.07661388086
1535.06893405131
1535.06893405131
1434.07661388086
1559.34697878021
1684.5292458501
1559.34697878021
1349.54397618163
1434.07661388086
1434.07661388086
1557.32343760025
1684.5292458501
1559.34697878021
1349.54397618163
1535.06893405131
1434.07661388086
1559.34697878021
1434.07661388086
1684.5292458501
1349.54397618163
1349.54397618163
1434.07661388086
1559.34697878021
1434.07661388086
1684.5292458501
1559.34697878021
1535.06893405131
1559.34697878021
1559.34697878021
1559.34697878021
1349.54397618163
1535.06893405131
1349.54397618163
1434.07661388086
1557.32343760025
1559.34697878021
1434.07661388086
1559.34697878021
1434.07661388086
1349.54397618163
1559.34697878021
1559.34697878021
1559.34697878021
1349.54397618163
1434.07661388086
1559.34697878021
1434.07661388086
1684.5292458501
1559.34697878021
1559.34697878021
1557.32343760025
1434.07661388086
1434.07661388086
1559.34697878021
1559.34697878021
1559.34697878021
1557.32343760025
1434.07661388086
1684.5292458501
1557.32343760025
1559.34697878021
1557.32343760025
1559.34697878021
1557.32343760025
1349.54397618163
1559.34697878021
1559.34697878021
1684.5292458501
1684.5292458501
1559.34697878021
1434.07661388086
1434.07661388086
1535.06893405131
1559.34697878021
1684.5292458501
1349.54397618163
1557.32343760025
1559.34697878021
1349.54397618163
1434.07661388086
1535.06893405131
1559.34697878021
1535.06893405131
1559.34697878021
1434.07661388086
1434.07661388086
1559.34697878021
1559.34697878021
1349.54397618163
1557.32343760025
1434.07661388086
1434.07661388086
1557.32343760025
1559.34697878021
1559.34697878021
1559.34697878021
1434.07661388086
1684.5292458501
1559.34697878021
1349.54397618163
1559.34697878021
1559.34697878021
1349.54397618163
1559.34697878021
1559.34697878021
1684.5292458501
1434.07661388086
1535.06893405131
1559.34697878021
1535.06893405131
1559.34697878021
1559.34697878021
1684.5292458501
1559.34697878021
1559.34697878021
1559.34697878021
1434.07661388086
1434.07661388086
1349.54397618163
1559.34697878021
1434.07661388086
1434.07661388086
1559.34697878021
1557.32343760025
1557.32343760025
1434.07661388086
1434.07661388086
1535.06893405131
1559.34697878021
1349.54397618163
1559.34697878021
1535.06893405131
1559.34697878021
1559.34697878021
1434.07661388086
1559.34697878021
1559.34697878021
1559.34697878021
1434.07661388086
1349.54397618163
1684.5292458501
1535.06893405131
1535.06893405131
1559.34697878021
1559.34697878021
1559.34697878021
1557.32343760025
1434.07661388086
1559.34697878021
1434.07661388086
1559.34697878021
1559.34697878021
1535.06893405131
1434.07661388086
1684.5292458501
1684.5292458501
1434.07661388086
1557.32343760025
1559.34697878021
1559.34697878021
1434.07661388086
1684.5292458501
1535.06893405131
1559.34697878021
1535.06893405131
1535.06893405131
1434.07661388086
1684.5292458501
1559.34697878021
1559.34697878021
1349.54397618163
1559.34697878021
1684.5292458501
1559.34697878021
1349.54397618163
1434.07661388086
1559.34697878021
1349.54397618163
1557.32343760025
1434.07661388086
1349.54397618163
1559.34697878021
1434.07661388086
1349.54397618163
1684.5292458501
1535.06893405131
1434.07661388086
1559.34697878021
1559.34697878021
1535.06893405131
1349.54397618163
