
1948   26.712   26.710   26.345   26.470   26.726   26.637   26.653   26.715   26.406   26.522   26.729   26.926
1949   27.352   27.512   27.228   27.136   26.929   27.067   27.090   26.884   26.787   26.495   26.663   27.057
1950   27.098   27.230   27.274   27.227   27.199   27.159   27.186   26.768   26.778   26.826   27.233   27.574
1951   27.261   27.417   27.573   27.374   27.274   27.465   27.459   27.440   27.537   27.360   27.577   27.667
1952   27.976   27.916   27.906   27.593   27.751   27.697   27.426   27.195   27.264   27.805   27.730   27.639
1953   27.733   27.631   27.808   27.633   27.350   27.470   27.267   27.282   27.145   27.458   27.719   27.693
1954   27.571   27.667   27.655   27.458   27.241   26.989   26.910   26.763   26.869   26.674   26.869   27.256
1955   27.148   27.282   27.456   27.239   27.213   27.008   26.914   26.725   27.004   26.933   27.132   27.249
1956   27.362   27.412   27.744   27.450   27.310   27.062   26.965   27.186   26.808   27.040   27.314   27.536
1957   27.625   28.036   27.639   27.613   27.353   27.268   27.096   27.446   27.014   27.118   27.318   27.072
1958   27.801   28.027   27.805   27.990   27.906   27.703   27.457   27.258   27.412   27.693   27.521   27.663
1959   27.972   27.611   27.815   27.590   27.449   27.352   27.399   27.119   27.341   27.196   27.493   27.954
1960   27.570   27.601   27.729   27.532   27.536   27.328   27.125   27.365   27.458   27.500   27.773   27.736
1961   27.956   27.618   27.709   27.578   27.777   27.390   27.187   27.250   27.163   27.378   27.388   27.581
1962   27.629   27.605   27.421   27.623   27.696   27.345   27.442   26.965   27.296   27.374   27.446   27.469
1963   27.251   27.208   27.650   27.577   27.500   27.328   27.085   27.199   27.218   27.380   27.136   27.354
1964   27.414   27.829   27.546   27.235   27.289   26.983   26.755   26.661   26.711   26.873   27.184   26.918
1965   27.245   27.312   27.118   26.932   27.011   26.742   26.717   26.678   27.013   27.091   27.209   27.278
1966   27.340   27.432   27.504   27.527   27.192   27.177   27.168   27.000   27.142   27.418   27.458   27.440
1967   27.919   27.591   27.848   27.659   27.693   27.300   27.455   27.377   27.442   27.528   27.404   27.766
1968   27.735   27.746   27.448   27.474   27.276   27.237   27.121   27.166   27.181   27.400   27.409   27.876
1969   27.856   28.170   28.019   28.047   27.819   27.611   27.369   27.328   27.487   27.618   28.039   28.053
1970   28.113   28.293   28.050   27.728   27.539   27.556   27.223   27.346   27.132   27.252   27.338   27.445
1971   27.289   27.319   27.461   27.250   27.030   27.096   26.706   26.864   27.060   27.074   27.348   27.462
1972   27.351   27.354   27.517   27.498   27.875   27.488   27.306   27.043   27.457   27.233   27.713   27.711
1973   27.700   27.986   27.987   27.700   27.637   27.540   27.078   27.264   27.083   27.170   27.494   27.284
1974   26.931   27.236   27.272   27.346   27.388   27.266   27.332   27.206   27.187   27.286   27.436   27.442
1975   27.375   27.102   27.333   27.192   27.162   27.060   26.850   26.580   26.825   26.919   26.918   26.904
1976   27.271   27.087   27.552   27.615   27.420   27.227   27.252   27.038   27.283   27.877   27.992   28.014
1977   27.963   28.083   28.025   27.938   27.694   27.676   27.562   27.378   27.398   27.707   27.793   28.072
1978   27.972   28.065   27.854   27.646   27.811   27.595   27.421   27.316   27.512   27.552   27.854   28.150
1979   28.074   27.832   28.134   27.862   27.657   27.747   27.474   27.228   27.565   27.943   28.264   27.907
1980   28.074   28.026   28.012   27.712   27.769   27.732   27.464   27.293   27.507   27.725   27.793   27.906
1981   28.147   28.168   27.878   27.923   27.658   27.733   27.318   27.112   27.595   27.848   27.933   28.333
1982   28.107   27.973   28.113   28.003   28.188   27.961   27.538   27.240   27.049   27.350   27.390   27.628
1983   28.018   27.696   27.625   27.588   27.887   27.659   27.387   27.245   27.580   27.537   27.817   27.963
1984   28.047   27.935   27.676   27.559   27.493   27.434   27.322   27.362   27.484   27.594   27.825   27.979
1985   28.015   27.944   27.669   27.530   27.471   27.489   27.289   27.355   27.541   27.675   27.998   28.215
1986   28.437   28.190   28.388   28.079   27.807   27.880   27.223   27.495   27.869   27.890   28.178   27.926
1987   27.966   28.049   27.878   27.770   27.485   27.331   27.037   26.945   27.204   27.656   28.184   28.337
1988   28.246   28.321   28.085   27.659   27.799   27.540   27.397   27.068   27.230   27.083   27.274   27.431
1989   27.345   27.377   27.213   27.511   27.523   27.319   27.154   27.118   27.101   27.385   27.765   27.798
1990   27.966   27.696   28.137   27.783   27.581   27.586   27.395   27.315   27.378   27.601   28.073   28.050
1991   28.047   28.250   28.014   27.951   27.926   27.696   27.439   27.737   27.365   27.566   27.387   27.564
1992   27.389   27.466   27.214   27.511   27.288   27.325   27.008   27.133   27.187   27.268   25.586   25.702
1993   25.349   25.363   27.339   27.295   27.291   27.135   26.747   26.278   26.685   26.944   27.476   27.792
1994   27.644   27.735   27.604   27.423   27.506   27.267   26.939   26.950   26.857   26.961   27.354   27.652
1995   27.767   27.499   27.824   27.762   27.336   27.259   27.188   27.086   27.168   27.328   27.362   27.647
1996   27.531   27.591   27.552   27.359   26.993   26.946   26.993   26.852   27.411   27.384   27.721   28.092
1997   27.802   28.002   28.128   27.920   27.635   27.107   27.417   26.850   26.756   27.030   27.592   28.523
1998   28.236   28.146   28.112   27.979   28.020   27.574   27.235   27.520   27.410   27.926   27.983   28.481
1999   28.052   27.712   27.439   27.626   27.757   27.410   27.641   27.524   27.572   27.642   27.947   28.126
2000   28.025   27.928   27.566   27.890   27.824   27.859   27.647   27.908   27.870   28.170   28.581   28.394
2001   28.613   28.510   28.591   28.459   28.289   28.306   27.919   28.060   28.085   28.390   28.446   28.384
2002   28.331   28.350   28.292   28.457   28.762   28.593   28.071   27.919   27.873   28.147   28.492   28.476
2003   28.427   28.326   28.503   28.508   28.702   28.162   28.140   27.862   28.066   28.286   28.496   28.789
2004   28.649   28.711   28.522   28.330   28.162   28.104   27.787   27.994   28.179   28.515   28.662   28.669
2005   28.969   28.793   28.696   28.962   28.587   28.266   28.047   27.954   27.998   28.312   28.571   28.804
2006   28.810   28.566   28.610   28.527   28.551   28.302   27.917   27.990   28.197   28.085   28.561   28.760
2007   28.992   28.557   28.885   28.658   28.277   28.529   28.309   28.148   28.178   28.074   28.213   28.198
2008   27.898   27.545   27.591   27.685   27.684   27.500   27.669   27.626   27.736   28.082   28.045   28.211
2009   28.337   28.222   28.115   28.388   28.347   28.038   28.053   27.773   28.214   28.343   28.314   28.286
2010   28.432   28.246   28.387   28.390   28.651   28.345   27.762   27.558   27.544   27.538   27.668   27.619
2011   27.858   27.897   27.936   28.200   28.220   28.278   27.990   27.810   28.029   27.893   28.089   28.279
2012   27.986   27.944   28.036   28.040   28.071   27.973   27.898   27.973   28.323   28.561   28.764   28.964
2013   28.848   28.539   28.442   28.557   28.496   28.212   27.955   27.645   27.859   28.162   28.426   28.826
2014   28.527   28.480   28.411   28.498   28.258   28.198   27.723   27.670 -999.999 -999.999 -999.999 -999.999