
1948   25.693   26.076   26.292   26.542   26.595   26.478   26.039   25.972   25.816   25.792   25.771   26.400
1949   25.730   25.960   26.177   26.609   26.529   26.182   26.041   25.797   25.702   25.701   25.661   25.854
1950   25.947   26.194   26.460   26.324   26.249   25.997   25.743   25.798   25.676   25.685   25.566   25.598
1951   25.901   25.915   26.229   26.632   26.533   26.050   25.908   25.736   25.867   26.016   26.084   25.954
1952   26.100   26.341   26.559   26.794   26.788   26.247   25.829   25.641   25.647   25.765   25.685   25.784
1953   26.020   25.838   26.506   26.707   26.609   26.339   26.049   25.800   25.812   26.135   26.195   26.393
1954   26.409   26.242   26.556   26.551   26.526   26.157   25.803   25.607   25.550   25.555   25.360   25.892
1955   25.823   26.170   26.451   26.481   26.087   25.569   25.471   25.512   25.822   25.652   25.367   25.325
1956   25.655   25.806   26.264   26.406   26.146   25.935   25.293   25.059   25.327   25.655   25.617   25.523
1957   26.011   26.236   26.455   26.738   26.741   26.765   25.852   25.423   25.226   25.503   25.803   26.219
1958   26.285   27.020   26.635   26.853   26.894   26.575   26.008   25.916   25.917   25.966   25.977   26.069
1959   26.258   26.633   26.886   26.766   27.175   26.634   26.207   25.775   25.994   26.206   26.216   26.351
1960   26.093   26.274   26.472   26.788   26.542   26.141   25.986   25.666   25.597   25.832   25.925   26.140
1961   26.105   26.190   26.077   26.207   25.972   25.641   25.703   25.485   25.470   25.558   25.720   25.890
1962   25.896   25.827   25.873   26.054   26.519   25.747   25.837   25.425   25.423   25.676   25.466   25.433
1963   25.618   25.739   26.172   26.172   26.392   25.733   25.901   25.820   25.670   25.778   25.862   25.942
1964   26.494   26.870   26.909   27.294   26.647   26.283   25.957   25.648   25.883   25.803   25.418   25.556
1965   26.165   26.788   26.402   26.996   26.810   26.230   25.840   25.735   25.869   26.440   26.353   26.565
1966   26.520   27.019   27.086   27.239   26.743   26.659   26.399   26.169   26.154   26.357   26.583   26.592
1967   26.403   26.525   26.871   27.213   27.134   26.823   26.413   26.215   26.127   26.392   26.566   26.650
1968   26.520   26.458   27.232   27.040   26.607   26.174   26.052   25.734   25.939   26.336   26.413   26.620
1969   26.922   27.056   27.409   27.753   27.465   26.688   26.483   26.434   26.074   26.371   26.447   26.548
1970   26.570   26.941   27.200   27.490   27.201   26.880   26.464   26.258   26.275   26.364   26.370   26.184
1971   26.187   26.243   26.390   27.126   26.914   26.209   26.196   26.107   26.088   25.967   25.815   26.091
1972   26.127   26.589   26.483   26.957   26.754   26.861   26.411   26.091   26.043   26.655   26.854   26.899
1973   27.085   27.230   27.472   27.328   26.928   26.214   26.160   25.918   26.096   26.404   26.116   26.159
1974   25.890   26.212   26.553   26.882   26.665   26.289   26.092   25.885   26.047   25.929   26.275   26.172
1975   26.358   26.378   26.873   26.885   26.971   26.509   26.274   26.256   26.336   26.128   26.072   25.976
1976   25.708   26.146   26.387   26.714   26.687   26.474   26.413   26.178   26.160   26.295   26.513   26.249
1977   26.266   26.629   26.810   27.488   27.365   26.956   26.935   26.421   26.450   26.806   26.982   26.812
1978   26.994   27.183   27.661   27.555   27.247   26.431   25.961   25.688   25.782   26.166   26.324   26.757
1979   26.924   27.335   27.500   27.525   27.115   27.068   26.507   26.293   26.209   26.274   26.871   26.738
1980   27.077   27.125   27.389   27.601   27.828   27.216   26.251   26.283   26.297   26.386   26.400   26.516
1981   26.499   26.341   27.359   27.371   27.367   26.647   26.573   26.413   26.452   26.437   26.457   26.442
1982   26.422   26.580   27.005   27.521   27.385   27.054   26.518   26.394   26.529   26.425   26.858   27.195
1983   27.271   27.665   27.946   28.057   27.538   27.278   27.022   26.838   26.859   26.848   26.695   26.789
1984   26.829   26.891   27.081   27.333   27.314   26.934   26.499   26.152   26.175   26.236   26.598   26.493
1985   26.696   27.142   27.219   27.435   27.350   26.498   26.234   26.210   26.164   26.213   26.406   26.591
1986   26.825   26.933   27.188   27.431   27.119   27.123   26.653   26.317   25.949   26.389   26.596   27.149
1987   26.916   27.251   27.911   28.041   27.855   27.588   26.906   26.843   26.990   27.133   27.123   27.190
1988   27.161   27.400   27.829   27.994   27.593   26.974   26.605   26.589   26.664   26.725   26.532   26.564
1989   26.869   26.457   27.030   27.202   27.277   26.287   25.856   25.850   26.208   26.308   26.901   26.840
1990   26.544   27.208   27.351   27.587   27.452   26.777   26.403   26.142   26.280   26.672   26.564   26.930
1991   26.916   26.854   27.273   27.331   27.690   27.698   27.008   27.035   26.546   26.475   26.246   26.482
1992   26.678   26.985   27.086   27.530   27.291   26.822   26.700   26.285   26.175   26.207   26.395   26.260
1993   26.452   26.440   26.720   26.928   27.050   26.674   26.354   25.799   26.117   26.239   26.540   26.543
1994   26.447   26.796   26.710   26.960   27.045   26.865   26.378   25.924   25.958   25.852   26.509   26.590
1995   26.816   26.848   26.741   27.348   27.436   26.869   26.677   26.329   26.235   26.358   26.519   26.107
1996   26.397   26.672   27.204   27.249   27.159   27.349   26.707   26.496   26.515   26.536   26.449   26.592
1997   26.599   26.500   26.999   27.742   27.347   27.447   27.286   26.913   26.820   26.449   26.452   26.915
1998   27.267   27.731   28.150   28.678   28.486   27.447   26.921   26.440   26.588   26.337   26.505   26.394
1999   26.439   26.468   26.915   26.825   26.606   26.475   26.489   26.405   26.479   26.628   26.728   26.651
2000   26.856   27.015   27.170   27.635   27.492   27.233   26.783   26.515   26.637   26.701   27.040   27.130
2001   27.164   26.844   27.374   27.764   27.428   27.159   26.877   26.501   26.571   26.659   27.112   27.266
2002   27.640   27.298   28.069   28.140   27.764   27.747   26.742   26.892   26.580   26.967   27.093   27.363
2003   27.464   27.667   27.570   28.127   27.447   27.660   27.155   26.664   26.486   26.638   26.836   26.831
2004   27.217   27.397   27.434   28.045   27.556   26.919   26.344   26.158   26.213   26.520   26.766   26.896
2005   27.177   27.570   28.031   27.925   27.517   27.021   26.524   26.517   26.652   26.973   26.904   27.094
2006   26.682   27.116   27.136   27.365   27.674   27.490   26.909   26.776   26.693   26.689   26.641   27.022
2007   27.101   27.781   27.519   27.901   27.647   27.526   27.146   27.040   26.927   26.792   26.924   27.204
2008   27.271   27.073   27.356   27.246   27.024   26.966   26.960   26.954   27.392   27.187   26.939   26.860
2009   27.036   27.262   27.683   28.123   27.819   27.155   26.634   26.478   26.542   26.996   27.347   27.498
2010   27.437   28.096   28.467   28.084   28.023   27.198   26.845   26.737   26.716   26.675   26.739   26.865
2011   26.700   27.170   27.556   27.573   27.387   27.122   26.846   26.796   26.892   26.866   27.189   27.576
2012   27.056   27.249   27.374   28.273   27.806   27.149   27.452   27.291   26.892   27.173   27.381   27.656
2013   27.340   27.667   28.143   28.133   27.479   26.780   26.724   27.063   26.828   26.947   27.442   27.568
2014   27.520   27.822   28.443   28.286   28.271   27.543   26.910   26.946 -999.999 -999.999 -999.999 -999.999