1948   -0.912   -0.732    0.055   -0.052   -2.182   -3.657   -4.057   -4.543   -3.902   -3.748   -3.228   -3.155
1949   -0.688   -0.747   -1.504   -3.373   -1.916   -1.981   -3.101   -3.181   -2.700   -3.180   -2.359   -1.331
1950   -1.044   -1.668   -3.120   -3.438   -3.398   -3.671   -3.287   -4.750   -4.517   -4.131   -3.383   -3.022
1951   -1.965   -2.598   -2.406   -1.840   -1.890   -1.475   -4.454   -3.577   -4.762   -3.192   -2.481   -0.571
1952   -1.353   -1.779   -2.378   -1.167   -2.977   -3.750   -3.096   -2.744   -3.969   -4.039   -2.858   -0.638
1953   -1.169   -0.896   -1.669   -2.532   -0.437   -3.083   -1.932   -2.997   -3.828   -3.581   -3.214   -2.502
1954   -2.670   -1.745   -2.064   -2.336   -2.927   -3.134   -3.945   -4.487   -4.450   -3.419   -2.675   -3.405
1955   -0.407   -4.635   -4.090   -2.046   -3.296   -2.904   -4.209   -5.128   -5.166   -5.401   -4.372   -3.676
1956   -2.907   -2.500   -3.832   -3.919   -4.124   -3.969   -4.167   -4.810   -4.429   -4.482   -1.940   -0.954
1957   -1.785    0.233   -1.657   -0.541   -2.291   -1.527   -3.341   -3.739   -2.105   -2.082    1.217    1.211
1958    1.989    0.094   -0.572   -2.746   -4.790   -5.537   -4.758   -5.240   -4.739   -4.159   -2.090   -0.765
1959   -0.455    1.727   -2.317   -2.307   -3.450   -4.448   -4.604   -5.078   -5.801   -3.946   -3.736   -2.493
1960   -2.053   -1.320   -1.817   -2.508   -3.386   -3.670   -4.731   -4.971   -4.390   -2.569   -2.897   -2.541
1961   -1.266   -3.339    0.073   -2.938   -3.492   -3.733   -3.809   -4.144   -4.110   -3.332   -3.036   -3.103
1962   -3.374   -1.463   -3.120   -2.724   -3.589   -4.320   -4.487   -5.180   -4.543   -4.837   -3.269   -2.562
1963   -4.063   -2.925   -2.803   -2.655   -4.295   -3.652   -4.687   -4.725   -4.826   -4.111   -1.604    0.000
1964    0.949   -1.081   -2.111   -4.238   -3.761   -4.886   -5.495   -5.542   -5.418   -4.454   -1.485   -0.084
1965   -0.315   -1.516   -2.222   -1.338   -1.712   -1.713   -2.879   -3.242   -2.834   -2.244   -0.604   -1.685
1966    2.858   -1.239   -0.735   -0.782   -1.627   -3.338   -4.030   -4.521   -4.277   -3.654   -3.102   -2.122
1967   -3.678   -2.260   -2.145   -0.156   -2.533   -4.947   -4.755   -4.062   -3.926   -2.407   -1.723    1.298
1968   -1.103   -0.517   -2.335   -1.458   -3.236   -3.548   -3.870   -3.744   -3.814   -3.526   -1.451   -1.486
1969    2.918    2.119   -0.236   -1.067   -3.121   -4.119   -4.361   -4.104   -3.839   -3.408   -2.553   -1.754
1970   -0.033    0.208   -1.421   -0.882   -2.278   -2.378   -3.284   -5.301   -4.200   -3.680   -2.649   -1.103
1971   -1.893   -2.348   -3.175   -2.885   -2.830   -3.456   -4.341   -5.031   -5.176   -4.339   -1.955   -0.441
1972   -0.189   -3.435   -1.267   -0.802   -1.732   -3.586   -4.361   -2.569   -1.780   -1.760   -0.163    1.550
1973    1.902    1.417   -1.839   -1.361   -2.105   -4.253   -4.000   -5.180   -5.395   -4.358   -2.473   -2.556
1974   -2.260   -3.204   -2.129   -1.952   -3.935   -3.963   -4.875   -5.503   -5.555   -3.607   -0.409    1.586
1975    1.131   -2.547   -1.563   -2.011   -2.334   -3.588   -4.379   -5.188   -5.768   -4.329   -3.071   -2.812
1976   -2.025   -2.273   -2.931   -2.207   -2.924   -3.041   -3.291   -4.440   -4.266   -3.621   -2.319    0.722
1977   -0.407   -2.082    0.915   -1.343   -2.425   -3.736   -4.308   -4.573   -5.285   -4.458   -2.754    2.585
1978   -0.360    1.445   -1.062   -2.314   -4.508   -4.008   -4.794   -4.702   -4.627   -3.726   -2.664    0.297
1979    1.225   -2.775   -2.005   -2.409   -3.252   -4.383   -4.213   -4.351   -3.892   -2.858   -3.520   -0.237
1980   -0.004   -0.748    2.008    0.217   -2.164   -2.160   -3.304   -4.203   -3.250   -3.087   -1.085   -1.219
1981   -0.444    1.347    1.245   -0.464   -3.823   -3.013   -4.964   -3.908   -4.727   -3.882   -3.328   -0.070
1982   -0.875   -1.014   -1.994   -2.152   -2.591   -2.312   -3.073   -1.578   -2.758   -0.818    2.723    0.931
1983    2.750    2.414    2.656   -0.509   -2.186   -4.107   -4.834   -5.675   -5.775   -3.734   -2.654   -1.645
1984   -3.187   -2.976   -0.897   -2.325   -3.154   -2.379   -4.178   -3.377   -3.707   -3.774   -2.449   -0.442
1985   -0.541   -3.418   -2.013   -2.830   -2.584   -3.371   -3.570   -5.094   -4.576   -3.015   -1.812   -0.863
1986   -1.029   -0.152   -3.139   -0.751   -2.743   -3.621   -3.150   -4.439   -3.280   -3.073   -0.597    3.452
1987    1.080    2.410    1.062    1.105    0.182   -2.788   -2.866   -3.592   -4.868   -3.287   -2.382    1.739
1988   -0.277    0.074   -2.272   -0.704   -2.557   -3.754   -4.509   -5.529   -6.254   -4.096   -4.682   -3.000
1989   -2.766   -2.563   -3.294   -3.698   -3.293   -4.621   -5.283   -5.012   -5.161   -3.874   -1.799   -0.237
1990    0.065    4.065   -0.484   -2.676   -4.206   -3.630   -3.952   -4.597   -4.153   -3.843   -1.126   -0.024
1991   -0.392    0.561   -1.973   -1.689   -2.743   -3.732   -3.825   -4.672   -3.743   -3.128    0.857    3.455
1992    3.091    2.142    3.301    0.666   -1.987   -3.684   -3.863   -4.402   -3.394   -2.920   -1.079    2.140
1993    0.925    2.806   -0.801   -0.081   -2.351   -2.918   -4.625   -3.360   -4.196   -3.395   -3.212   -1.426
1994   -1.682   -2.239   -1.647   -1.690   -2.701   -3.453   -3.213   -3.487   -3.299   -2.244    0.186    3.081
1995    1.297    0.282   -1.423   -1.189   -2.199   -4.122   -3.997   -4.928   -4.573   -4.134   -2.846   -0.169
1996   -2.114   -2.485   -2.168   -3.181   -2.346   -3.834   -4.664   -5.342   -4.657   -3.766   -2.899   -1.610
1997   -0.458   -2.492    2.354   -1.106   -1.470   -1.194   -4.139   -0.968   -1.532    2.189   -0.186    0.485
1998    2.304    0.888    1.434   -1.702   -4.226   -4.174   -5.190   -4.998   -5.280   -4.248   -3.521   -2.917
1999   -5.101   -3.869   -5.630   -4.710   -4.568   -4.307   -5.524   -5.938   -4.534   -5.126   -3.546   -3.402
2000   -2.951   -5.068   -3.845   -4.320   -4.181   -5.245   -4.230   -5.588   -5.128   -4.821   -4.084   -3.076
2001   -5.064   -4.685   -4.398   -3.738   -3.509   -3.900   -3.973   -4.481   -4.822   -3.932   -3.259    2.162
2002   -0.684   -0.001   -1.864   -2.946   -2.959   -5.652   -3.788   -3.335   -2.774   -2.892   -2.640    1.228
2003    1.298    0.420   -2.666   -2.905   -3.335   -4.266   -5.195   -4.591   -5.054   -4.081   -3.845   -2.481
2004   -0.130   -2.943   -2.142   -2.518   -4.074   -3.459   -3.769   -4.084   -4.860   -4.382   -2.782   -1.691
2005   -1.956    4.461   -2.207   -2.499   -4.081   -4.908   -5.487   -4.551   -4.636   -4.845   -3.491   -3.586
2006   -3.056   -2.676   -4.215   -4.352   -2.774   -4.126   -4.200   -4.038   -4.789   -2.421   -2.593   -2.523
2007   -0.099   -2.537   -3.084   -4.212   -3.451   -6.205   -4.960   -5.685   -5.769   -3.858   -3.717   -4.085
2008   -2.157   -5.382   -4.937   -5.239   -3.975   -5.456   -6.231   -6.607   -5.222   -5.832   -5.213   -4.255
2009   -3.478   -6.299   -3.529   -3.375   -3.440   -4.167   -5.316   -4.718   -4.625   -3.253   -4.097   -0.240
2010    0.540    2.350   -1.460   -3.177   -4.848   -4.847   -5.947   -6.493   -6.582   -5.512   -4.510   -6.044
2011   -2.847   -4.413   -6.070   -5.754   -4.900   -5.753   -6.347   -5.891   -6.745   -4.269   -3.693   -5.279
2012   -3.419   -5.542   -4.689   -4.508   -4.516   -5.216   -5.799   -5.680   -4.682   -4.075   -3.699   -2.255
2013   -0.635   -3.303   -4.568   -5.026   -5.055   -5.252   -5.308   -4.480   -4.578   -2.733   -3.514   -2.077
2014   -2.136   -1.025 -999.999 -999.999 -999.999 -999.999 -999.999 -999.999 -999.999 -999.999 -999.999 -999.999