
1948   -6.030   -5.268   -4.925   -6.732   -6.473   -8.010   -8.566   -8.277   -7.787   -8.769   -7.224   -6.665
1949   -4.552   -3.683   -5.131   -6.686   -7.359   -7.918   -8.473   -9.248   -7.925   -7.982   -8.033   -6.771
1950   -3.806   -2.238   -5.211   -5.701   -6.383   -7.490   -8.885   -9.265   -8.390   -8.590   -7.662   -7.978
1951   -4.418   -4.480   -7.904   -5.963   -7.942   -8.391   -8.883   -9.322   -8.177   -8.314   -8.150   -7.535
1952   -6.604   -5.877   -5.218   -7.693   -7.911   -8.900   -9.005   -8.981   -9.153   -8.289   -7.258   -6.271
1953   -5.919   -4.718   -6.688   -5.706   -7.526   -9.765   -8.942   -8.581   -9.477   -9.011   -7.850   -5.138
1954   -5.202   -5.169   -4.133   -7.013   -9.439   -7.614   -8.424   -9.600   -8.632   -8.707   -7.883   -6.601
1955   -5.150   -2.349   -4.893   -4.330   -7.279   -7.235   -7.662   -8.248   -8.612   -8.885   -8.045   -6.041
1956   -2.520   -4.042   -5.068   -6.162   -8.279   -9.664   -8.594   -9.103   -8.439   -8.486   -6.927   -5.819
1957   -5.518   -1.871   -3.854   -6.643   -7.113   -5.932  -10.759  -10.530   -9.533   -8.194   -7.697   -6.953
1958   -3.477   -2.452   -4.175   -6.161   -5.175   -7.627   -9.311  -10.199   -8.434   -8.947   -7.758   -6.459
1959   -5.185   -3.013   -4.449   -5.295   -7.296   -8.744   -8.067   -9.349   -9.179   -8.162   -8.195   -7.082
1960   -5.062   -5.126   -5.334   -6.060   -7.500   -9.141   -9.060   -8.883   -9.560   -8.790   -7.445   -7.417
1961   -5.965   -5.051   -7.315   -9.086   -7.497   -7.858   -9.672   -9.374   -9.603   -8.849   -8.669   -7.670
1962   -5.525   -5.145   -5.150   -5.003   -7.577   -6.795   -7.120  -10.006   -9.459  -10.375   -8.905   -7.091
1963   -5.841   -3.911   -4.217   -7.400   -7.190   -8.641   -9.855   -7.519   -8.202   -8.353   -6.985   -6.693
1964   -4.713   -5.065   -5.011   -6.364   -6.885   -7.246   -8.664   -8.666   -9.031   -8.396   -8.266   -7.157
1965   -5.520   -2.897   -3.386   -7.055   -7.359   -6.025   -8.903   -9.933   -8.519   -9.174   -9.837   -7.571
1966   -7.383   -6.352   -5.825   -7.860   -6.815   -7.750   -9.760   -9.310   -9.908   -8.888   -7.151   -7.012
1967   -5.744   -6.524   -6.634   -5.270   -6.627   -9.311  -10.114  -10.525   -9.526   -8.603   -8.272   -6.696
1968   -6.474   -6.462   -7.494   -7.162   -6.401   -8.478   -9.355   -9.725   -9.164   -8.626   -7.126   -6.318
1969   -8.126   -5.797   -5.546   -7.521   -8.110   -7.724   -9.122   -7.780   -9.058   -8.550   -8.099   -6.808
1970   -6.200   -3.079   -5.483   -7.050   -7.780   -9.520   -9.449   -9.338   -8.851   -7.319   -7.610   -6.288
1971   -4.714   -2.483   -5.797   -8.407   -7.772   -8.042   -9.214   -7.402   -7.667   -8.577   -7.404   -7.437
1972   -6.059   -4.949   -5.950   -7.386   -7.598   -8.568  -10.204   -9.600   -8.476   -8.550   -6.864   -7.625
1973   -7.501   -6.233   -5.962   -7.082   -8.090   -8.634   -9.558   -7.610   -8.332   -9.000   -7.778   -7.140
1974   -6.247   -5.673   -7.185   -7.614   -5.592   -6.779   -9.201   -9.249   -7.700   -8.921   -8.964   -7.592
1975   -7.181   -5.392   -4.630   -7.761   -7.129   -8.295  -10.048   -9.662   -8.300   -7.060   -8.712   -7.995
1976   -7.473   -6.695   -6.361   -4.949   -7.305  -10.217   -9.522  -10.049   -8.925   -9.261   -8.291   -6.324
1977   -7.590   -4.714   -6.673   -6.419   -7.424   -8.293   -9.712   -8.940   -9.568   -8.286   -8.220   -7.868
1978   -4.447   -5.175   -4.102   -7.309   -8.407   -9.466   -8.995   -8.550   -7.643   -8.335   -7.509   -6.283
1979   -6.624   -5.315   -6.174   -5.194   -7.677   -7.644   -8.128  -10.052   -9.404   -8.093   -7.293   -7.230
1980   -5.004   -5.517   -6.487   -9.187   -9.279  -10.841  -11.020   -9.937  -10.221  -10.624   -8.613   -8.114
1981   -7.116   -6.742   -5.297   -6.313   -3.775   -8.010   -7.028   -8.383   -8.902   -7.802   -8.821   -8.186
1982   -7.117   -7.045   -7.273   -6.684   -7.724   -9.640   -9.828   -9.097   -9.654   -8.182   -7.150   -5.900
1983   -6.556   -2.966   -4.101   -7.783   -8.512   -8.516   -9.433   -8.575   -8.182   -8.067   -8.234   -7.724
1984   -5.323   -4.417   -6.721   -7.323   -9.112   -8.956   -8.337   -9.338   -7.490   -8.696   -8.670   -7.802
1985   -7.479   -3.858   -6.102   -6.888   -6.429   -6.271  -10.152   -9.992   -9.943   -8.287   -8.153   -8.153
1986   -4.880   -3.540   -6.235   -6.512   -7.542   -7.896   -7.880   -9.078   -7.970   -7.207   -7.356   -7.991
1987   -4.942   -4.320   -3.036   -6.770   -7.726   -7.925   -8.879   -9.639   -7.709   -9.218   -8.620   -8.613
1988   -7.513   -4.244   -5.647   -8.012   -8.931   -7.834  -10.241   -8.519   -8.475   -8.869   -8.319   -7.909
1989   -5.684   -4.540   -5.341   -6.671   -9.117   -8.651   -9.486   -8.913   -9.645   -8.174   -5.994   -7.259
1990   -5.611   -3.311   -4.625   -7.405   -7.600   -9.402   -7.715   -9.168   -9.569   -8.830   -8.578   -5.959
1991   -6.207   -5.240   -7.133   -6.894   -6.341   -8.940   -9.219   -8.907  -11.418  -10.520   -9.477   -7.193
1992   -5.108    0.896   -4.083   -6.924   -8.808   -8.678   -8.826   -9.360   -9.465   -9.584   -7.916   -8.523
1993   -6.607   -4.250   -4.022   -6.486   -8.621   -8.335   -8.293   -8.330   -7.822   -6.007   -6.387   -8.061
1994   -6.696   -4.717   -6.543   -7.305   -6.830   -9.327  -10.531   -9.809   -8.139   -8.151   -7.395   -7.300
1995   -4.864   -4.248   -5.433   -6.506   -7.273   -8.448  -10.104   -8.899   -9.595   -8.053   -7.154   -6.523
1996   -7.450   -4.497   -5.889   -6.236   -6.056   -8.964   -8.045   -9.147   -6.520   -8.742   -5.804   -6.104
1997   -4.581   -5.116   -7.078   -6.311   -7.666   -9.486  -10.394   -9.027   -6.918   -6.744   -5.827   -5.679
1998   -6.737   -5.532   -1.946   -6.862   -8.787   -9.989   -8.373   -8.868   -9.265   -8.466   -7.176   -7.160
1999   -6.915   -6.701   -7.035   -6.017   -7.518   -7.078   -8.015   -8.719   -9.614   -7.696   -6.575   -7.156
2000   -5.127   -7.469   -7.312   -7.400   -7.174   -7.414   -8.814   -8.373   -8.044   -7.957   -7.012   -7.107
2001   -4.968   -5.645   -6.757   -6.283   -7.127   -6.318   -7.492   -8.800   -7.667   -6.026   -7.118   -4.003
2002   -3.044   -3.776   -6.569   -6.770   -7.436   -8.558   -8.441   -8.782   -8.132   -7.903   -7.844   -6.717
2003   -5.574   -3.481   -6.180   -8.589   -7.447   -6.358   -9.356   -7.304   -9.127   -8.215   -8.561   -6.936
2004   -6.129   -2.765   -5.348   -8.059   -7.126   -8.171   -9.666   -9.542   -9.385   -7.645   -8.805   -5.963
2005   -7.490   -5.127   -3.970   -6.701   -7.410   -8.491   -8.746   -8.274   -8.502   -8.227   -6.644   -7.762
2006   -7.193   -7.119   -6.375   -6.826   -5.758   -8.415   -7.965   -7.243   -8.675   -8.824   -7.820   -7.778
2007   -6.722   -4.333   -4.687   -7.398   -7.143   -6.754   -9.753   -8.207   -8.442   -7.808   -8.266   -6.176
2008   -7.474   -4.620   -5.734   -7.456   -6.424   -7.297   -8.909   -8.856   -9.298   -9.405   -8.369   -6.688
2009   -5.152   -3.768   -5.939   -7.105   -6.653   -6.924   -8.677   -8.167   -8.420   -7.922   -7.691   -7.952
2010   -4.336   -5.173   -5.704   -6.591   -8.764   -8.900   -7.218   -8.489   -7.289   -7.374   -6.636   -5.792
2011   -5.739   -3.964   -6.197   -7.481   -6.985   -7.447   -7.811   -7.959   -8.425   -6.151   -7.262   -5.382
2012   -3.099   -5.413   -4.485   -6.940   -6.739   -8.088   -8.934   -7.819   -9.005   -8.022   -7.999   -6.296
2013   -6.744   -3.547   -5.335   -6.892   -7.784   -7.889   -8.041   -7.820   -8.074   -7.410   -6.413   -5.415
2014   -5.492   -4.473   -4.669   -6.024   -7.057   -8.341   -9.285   -6.512 -999.999 -999.999 -999.999 -999.999