898.106207369746
1038.68492877142
615.815126326058
898.106207369746
733.872307268313
733.872307268313
733.872307268313
593.513413601439
733.872307268313
733.872307268313
733.872307268313
733.872307268313
733.872307268313
888.259554038569
733.872307268313
733.872307268313
898.106207369746
898.106207369746
593.513413601439
888.259554038569
733.872307268313
888.259554038569
615.815126326058
733.872307268313
733.872307268313
888.259554038569
898.106207369746
733.872307268313
898.106207369746
898.106207369746
1038.68492877142
593.513413601439
615.815126326058
898.106207369746
593.513413601439
888.259554038569
733.872307268313
733.872307268313
733.872307268313
733.872307268313
593.513413601439
733.872307268313
733.872307268313
593.513413601439
888.259554038569
615.815126326058
593.513413601439
888.259554038569
733.872307268313
898.106207369746
733.872307268313
888.259554038569
888.259554038569
888.259554038569
733.872307268313
733.872307268313
888.259554038569
898.106207369746
733.872307268313
615.815126326058
733.872307268313
733.872307268313
593.513413601439
733.872307268313
888.259554038569
888.259554038569
733.872307268313
733.872307268313
733.872307268313
733.872307268313
593.513413601439
733.872307268313
888.259554038569
888.259554038569
615.815126326058
888.259554038569
733.872307268313
888.259554038569
733.872307268313
733.872307268313
888.259554038569
733.872307268313
593.513413601439
898.106207369746
898.106207369746
898.106207369746
733.872307268313
733.872307268313
733.872307268313
898.106207369746
733.872307268313
593.513413601439
1038.68492877142
733.872307268313
888.259554038569
733.872307268313
593.513413601439
593.513413601439
898.106207369746
898.106207369746
1038.68492877142
733.872307268313
733.872307268313
888.259554038569
733.872307268313
733.872307268313
1038.68492877142
615.815126326058
888.259554038569
733.872307268313
888.259554038569
733.872307268313
733.872307268313
733.872307268313
593.513413601439
733.872307268313
733.872307268313
888.259554038569
1038.68492877142
898.106207369746
888.259554038569
733.872307268313
733.872307268313
733.872307268313
593.513413601439
593.513413601439
733.872307268313
615.815126326058
888.259554038569
1038.68492877142
1038.68492877142
1038.68492877142
733.872307268313
733.872307268313
593.513413601439
615.815126326058
733.872307268313
733.872307268313
615.815126326058
888.259554038569
898.106207369746
733.872307268313
1038.68492877142
733.872307268313
1038.68492877142
1038.68492877142
615.815126326058
733.872307268313
733.872307268313
733.872307268313
615.815126326058
593.513413601439
1038.68492877142
1038.68492877142
615.815126326058
733.872307268313
898.106207369746
733.872307268313
593.513413601439
898.106207369746
593.513413601439
733.872307268313
615.815126326058
593.513413601439
888.259554038569
593.513413601439
733.872307268313
888.259554038569
593.513413601439
888.259554038569
733.872307268313
888.259554038569
593.513413601439
733.872307268313
733.872307268313
593.513413601439
615.815126326058
733.872307268313
733.872307268313
888.259554038569
593.513413601439
1038.68492877142
898.106207369746
733.872307268313
733.872307268313
888.259554038569
898.106207369746
888.259554038569
733.872307268313
1038.68492877142
733.872307268313
733.872307268313
888.259554038569
733.872307268313
888.259554038569
733.872307268313
733.872307268313
733.872307268313
733.872307268313
733.872307268313
593.513413601439
1038.68492877142
733.872307268313
733.872307268313
888.259554038569
593.513413601439
888.259554038569
888.259554038569
888.259554038569
593.513413601439
888.259554038569
733.872307268313
1038.68492877142
888.259554038569
615.815126326058
593.513413601439
733.872307268313
888.259554038569
733.872307268313
1038.68492877142
593.513413601439
888.259554038569
733.872307268313
888.259554038569
733.872307268313
593.513413601439
888.259554038569
593.513413601439
733.872307268313
888.259554038569
1038.68492877142
898.106207369746
888.259554038569
733.872307268313
1038.68492877142
593.513413601439
615.815126326058
1038.68492877142
733.872307268313
593.513413601439
888.259554038569
733.872307268313
593.513413601439
733.872307268313
733.872307268313
888.259554038569
733.872307268313
888.259554038569
888.259554038569
615.815126326058
733.872307268313
615.815126326058
733.872307268313
593.513413601439
733.872307268313
733.872307268313
615.815126326058
733.872307268313
888.259554038569
593.513413601439
888.259554038569
733.872307268313
733.872307268313
593.513413601439
1038.68492877142
1038.68492877142
888.259554038569
733.872307268313
898.106207369746
615.815126326058
733.872307268313
898.106207369746
888.259554038569
888.259554038569
593.513413601439
733.872307268313
888.259554038569
733.872307268313
733.872307268313
888.259554038569
888.259554038569
888.259554038569
733.872307268313
898.106207369746
615.815126326058
888.259554038569
733.872307268313
733.872307268313
615.815126326058
888.259554038569
898.106207369746
1038.68492877142
888.259554038569
888.259554038569
733.872307268313
898.106207369746
1038.68492877142
733.872307268313
615.815126326058
615.815126326058
