26.9136666666667 27.031 27.0873333333333 27.3033333333333 27.418 27.529 27.4206666666667 27.2996666666667 27.1723333333333 27.191 27.3993333333333 27.7173333333333 27.961 27.9896666666667 28.02 28.0236666666667 28.0153333333333 27.8856666666667 27.7693333333333 27.644 27.5386666666667 27.446 27.4943333333333 27.6326666666667 27.8573333333333 27.9456666666667 28.0363333333333
27.961 27.9896666666667 28.02 28.0236666666667 28.0153333333333 27.8856666666667 27.7693333333333 27.644 27.5386666666667 27.446 27.4943333333333 27.6326666666667 27.8573333333333 27.9456666666667 28.0363333333333 27.9636666666667 27.855 27.7703333333333 27.684 27.609 27.444 27.4163333333333 27.46 27.6393333333333 27.852 28.026 28.0186666666667
27.8573333333333 27.9456666666667 28.0363333333333 27.9636666666667 27.855 27.7703333333333 27.684 27.609 27.444 27.4163333333333 27.46 27.6393333333333 27.852 28.026 28.0186666666667 28.0133333333333 27.9426666666667 27.8843333333333 27.7553333333333 27.626 27.483 27.4223333333333 27.5786666666667 27.924 28.038 28.0816666666667 28.0023333333333
27.852 28.026 28.0186666666667 28.0133333333333 27.9426666666667 27.8843333333333 27.7553333333333 27.626 27.483 27.4223333333333 27.5786666666667 27.924 28.038 28.0816666666667 28.0023333333333 28.0373333333333 27.9166666666667 27.831 27.7376666666667 27.655 27.4963333333333 27.4213333333333 27.5083333333333 27.675 27.808 27.9486666666667 28.0736666666667
28.038 28.0816666666667 28.0023333333333 28.0373333333333 27.9166666666667 27.831 27.7376666666667 27.655 27.4963333333333 27.4213333333333 27.5083333333333 27.675 27.808 27.9486666666667 28.0736666666667 28.0643333333333 27.9896666666667 27.8196666666667 27.7713333333333 27.5696666666667 27.3876666666667 27.3416666666667 27.5183333333333 27.792 28.038 28.1243333333333 28.1376666666667
27.808 27.9486666666667 28.0736666666667 28.0643333333333 27.9896666666667 27.8196666666667 27.7713333333333 27.5696666666667 27.3876666666667 27.3416666666667 27.5183333333333 27.792 28.038 28.1243333333333 28.1376666666667 28.0643333333333 28.0296666666667 28.1013333333333 28.0506666666667 27.8956666666667 27.5796666666667 27.2756666666667 27.213 27.263 27.456 27.6786666666667 27.7806666666667
28.038 28.1243333333333 28.1376666666667 28.0643333333333 28.0296666666667 28.1013333333333 28.0506666666667 27.8956666666667 27.5796666666667 27.2756666666667 27.213 27.263 27.456 27.6786666666667 27.7806666666667 27.7796666666667 27.6363333333333 27.7 27.7113333333333 27.6443333333333 27.4303333333333 27.404 27.454 27.6446666666667 27.7723333333333 27.9423333333333 27.9816666666667
27.456 27.6786666666667 27.7806666666667 27.7796666666667 27.6363333333333 27.7 27.7113333333333 27.6443333333333 27.4303333333333 27.404 27.454 27.6446666666667 27.7723333333333 27.9423333333333 27.9816666666667 27.886 27.7233333333333 27.576 27.4953333333333 27.4163333333333 27.3726666666667 27.3893333333333 27.48 27.6343333333333 27.7993333333333 27.9396666666667 27.9793333333333
27.7723333333333 27.9423333333333 27.9816666666667 27.886 27.7233333333333 27.576 27.4953333333333 27.4163333333333 27.3726666666667 27.3893333333333 27.48 27.6343333333333 27.7993333333333 27.9396666666667 27.9793333333333 27.876 27.7143333333333 27.5566666666667 27.4966666666667 27.4163333333333 27.3776666666667 27.395 27.5236666666667 27.738 27.9626666666667 28.2166666666667 28.2806666666667
27.7993333333333 27.9396666666667 27.9793333333333 27.876 27.7143333333333 27.5566666666667 27.4966666666667 27.4163333333333 27.3776666666667 27.395 27.5236666666667 27.738 27.9626666666667 28.2166666666667 28.2806666666667 28.3383333333333 28.219 28.0913333333333 27.922 27.6366666666667 27.5326666666667 27.529 27.7513333333333 27.979 27.998 28.0233333333333 27.9803333333333
27.9626666666667 28.2166666666667 28.2806666666667 28.3383333333333 28.219 28.0913333333333 27.922 27.6366666666667 27.5326666666667 27.529 27.7513333333333 27.979 27.998 28.0233333333333 27.9803333333333 27.9643333333333 27.899 27.711 27.5286666666667 27.2843333333333 27.1043333333333 27.062 27.2683333333333 27.6813333333333 28.059 28.2556666666667 28.3013333333333
27.998 28.0233333333333 27.9803333333333 27.9643333333333 27.899 27.711 27.5286666666667 27.2843333333333 27.1043333333333 27.062 27.2683333333333 27.6813333333333 28.059 28.2556666666667 28.3013333333333 28.2173333333333 28.0216666666667 27.8476666666667 27.666 27.5786666666667 27.335 27.2316666666667 27.127 27.1956666666667 27.2626666666667 27.35 27.3843333333333
28.059 28.2556666666667 28.3013333333333 28.2173333333333 28.0216666666667 27.8476666666667 27.666 27.5786666666667 27.335 27.2316666666667 27.127 27.1956666666667 27.2626666666667 27.35 27.3843333333333 27.3116666666667 27.367 27.4156666666667 27.451 27.332 27.197 27.1243333333333 27.2013333333333 27.417 27.6493333333333 27.843 27.82
27.2626666666667 27.35 27.3843333333333 27.3116666666667 27.367 27.4156666666667 27.451 27.332 27.197 27.1243333333333 27.2013333333333 27.417 27.6493333333333 27.843 27.82 27.933 27.872 27.8336666666667 27.65 27.5206666666667 27.432 27.3626666666667 27.4313333333333 27.684 27.908 28.0566666666667 28.1156666666667
27.6493333333333 27.843 27.82 27.933 27.872 27.8336666666667 27.65 27.5206666666667 27.432 27.3626666666667 27.4313333333333 27.684 27.908 28.0566666666667 28.1156666666667 28.1036666666667 28.0716666666667 27.9636666666667 27.8576666666667 27.687 27.624 27.5136666666667 27.556 27.4393333333333 27.5056666666667 27.4466666666667 27.473
27.908 28.0566666666667 28.1156666666667 28.1036666666667 28.0716666666667 27.9636666666667 27.8576666666667 27.687 27.624 27.5136666666667 27.556 27.4393333333333 27.5056666666667 27.4466666666667 27.473 27.3563333333333 27.397 27.3376666666667 27.3746666666667 27.207 27.1553333333333 27.1093333333333 27.196 26.6803333333333 26.1853333333333 25.5456666666667 25.4713333333333
27.5056666666667 27.4466666666667 27.473 27.3563333333333 27.397 27.3376666666667 27.3746666666667 27.207 27.1553333333333 27.1093333333333 27.196 26.6803333333333 26.1853333333333 25.5456666666667 25.4713333333333 26.017 26.6656666666667 27.3083333333333 27.2403333333333 27.0576666666667 26.72 26.57 26.6356666666667 27.035 27.404 27.6373333333333 27.7236666666667
26.1853333333333 25.5456666666667 25.4713333333333 26.017 26.6656666666667 27.3083333333333 27.2403333333333 27.0576666666667 26.72 26.57 26.6356666666667 27.035 27.404 27.6373333333333 27.7236666666667 27.661 27.5873333333333 27.511 27.3986666666667 27.2373333333333 27.052 26.9153333333333 26.9226666666667 27.0573333333333 27.3223333333333 27.591 27.6393333333333
27.404 27.6373333333333 27.7236666666667 27.661 27.5873333333333 27.511 27.3986666666667 27.2373333333333 27.052 26.9153333333333 26.9226666666667 27.0573333333333 27.3223333333333 27.591 27.6393333333333 27.6966666666667 27.695 27.6406666666667 27.4523333333333 27.261 27.1776666666667 27.1473333333333 27.194 27.286 27.4456666666667 27.5133333333333 27.5896666666667
27.3223333333333 27.591 27.6393333333333 27.6966666666667 27.695 27.6406666666667 27.4523333333333 27.261 27.1776666666667 27.1473333333333 27.194 27.286 27.4456666666667 27.5133333333333 27.5896666666667 27.558 27.5006666666667 27.3013333333333 27.0993333333333 26.9773333333333 26.9303333333333 27.0853333333333 27.2156666666667 27.5053333333333 27.7323333333333 27.8716666666667 27.9653333333333
27.4456666666667 27.5133333333333 27.5896666666667 27.558 27.5006666666667 27.3013333333333 27.0993333333333 26.9773333333333 26.9303333333333 27.0853333333333 27.2156666666667 27.5053333333333 27.7323333333333 27.8716666666667 27.9653333333333 27.9773333333333 28.0166666666667 27.8943333333333 27.554 27.3863333333333 27.1246666666667 27.0076666666667 26.8786666666667 27.126 27.715 28.117 28.3016666666667
27.7323333333333 27.8716666666667 27.9653333333333 27.9773333333333 28.0166666666667 27.8943333333333 27.554 27.3863333333333 27.1246666666667 27.0076666666667 26.8786666666667 27.126 27.715 28.117 28.3016666666667 28.1646666666667 28.079 28.037 27.8576666666667 27.6096666666667 27.443 27.3883333333333 27.6186666666667 27.773 28.13 28.172 28.0816666666667
27.715 28.117 28.3016666666667 28.1646666666667 28.079 28.037 27.8576666666667 27.6096666666667 27.443 27.3883333333333 27.6186666666667 27.773 28.13 28.172 28.0816666666667 27.7343333333333 27.5923333333333 27.6073333333333 27.5976666666667 27.6026666666667 27.525 27.579 27.5793333333333 27.7203333333333 27.905 28.0326666666667 28.0263333333333
28.13 28.172 28.0816666666667 27.7343333333333 27.5923333333333 27.6073333333333 27.5976666666667 27.6026666666667 27.525 27.579 27.5793333333333 27.7203333333333 27.905 28.0326666666667 28.0263333333333 27.8396666666667 27.7946666666667 27.76 27.8576666666667 27.7766666666667 27.8046666666667 27.8083333333333 27.9826666666667 28.207 28.3816666666667 28.5293333333333 28.5056666666667
27.905 28.0326666666667 28.0263333333333 27.8396666666667 27.7946666666667 27.76 27.8576666666667 27.7766666666667 27.8046666666667 27.8083333333333 27.9826666666667 28.207 28.3816666666667 28.5293333333333 28.5056666666667 28.5713333333333 28.52 28.4463333333333 28.3513333333333 28.1713333333333 28.095 28.0213333333333 28.1783333333333 28.307 28.4066666666667 28.387 28.355
28.3816666666667 28.5293333333333 28.5056666666667 28.5713333333333 28.52 28.4463333333333 28.3513333333333 28.1713333333333 28.095 28.0213333333333 28.1783333333333 28.307 28.4066666666667 28.387 28.355 28.3243333333333 28.3663333333333 28.5036666666667 28.604 28.4753333333333 28.1943333333333 27.9543333333333 27.9796666666667 28.1706666666667 28.3716666666667 28.465 28.4096666666667
28.4066666666667 28.387 28.355 28.3243333333333 28.3663333333333 28.5036666666667 28.604 28.4753333333333 28.1943333333333 27.9543333333333 27.9796666666667 28.1706666666667 28.3716666666667 28.465 28.4096666666667 28.4186666666667 28.4456666666667 28.571 28.4573333333333 28.3346666666667 28.0546666666667 28.0226666666667 28.0713333333333 28.2826666666667 28.5236666666667 28.6446666666667 28.7163333333333
28.3716666666667 28.465 28.4096666666667 28.4186666666667 28.4456666666667 28.571 28.4573333333333 28.3346666666667 28.0546666666667 28.0226666666667 28.0713333333333 28.2826666666667 28.5236666666667 28.6446666666667 28.7163333333333 28.6273333333333 28.521 28.338 28.1986666666667 28.0176666666667 27.9616666666667 27.9866666666667 28.2293333333333 28.452 28.6153333333333 28.7666666666667 28.8103333333333
28.5236666666667 28.6446666666667 28.7163333333333 28.6273333333333 28.521 28.338 28.1986666666667 28.0176666666667 27.9616666666667 27.9866666666667 28.2293333333333 28.452 28.6153333333333 28.7666666666667 28.8103333333333 28.8193333333333 28.817 28.7483333333333 28.605 28.3 28.089 27.9996666666667 28.088 28.2936666666667 28.5623333333333 28.7283333333333 28.7266666666667
28.6153333333333 28.7666666666667 28.8103333333333 28.8193333333333 28.817 28.7483333333333 28.605 28.3 28.089 27.9996666666667 28.088 28.2936666666667 28.5623333333333 28.7283333333333 28.7266666666667 28.662 28.5676666666667 28.5626666666667 28.46 28.2566666666667 28.0696666666667 28.0346666666667 28.0906666666667 28.281 28.4686666666667 28.771 28.7696666666667
28.5623333333333 28.7283333333333 28.7266666666667 28.662 28.5676666666667 28.5626666666667 28.46 28.2566666666667 28.0696666666667 28.0346666666667 28.0906666666667 28.281 28.4686666666667 28.771 28.7696666666667 28.8113333333333 28.7 28.6066666666667 28.488 28.3716666666667 28.3286666666667 28.2116666666667 28.1333333333333 28.155 28.1616666666667 28.103 27.8803333333333
28.4686666666667 28.771 28.7696666666667 28.8113333333333 28.7 28.6066666666667 28.488 28.3716666666667 28.3286666666667 28.2116666666667 28.1333333333333 28.155 28.1616666666667 28.103 27.8803333333333 27.678 27.607 27.6533333333333 27.623 27.6176666666667 27.5983333333333 27.677 27.8146666666667 27.9543333333333 28.1126666666667 28.1976666666667 28.2566666666667
28.1616666666667 28.103 27.8803333333333 27.678 27.607 27.6533333333333 27.623 27.6176666666667 27.5983333333333 27.677 27.8146666666667 27.9543333333333 28.1126666666667 28.1976666666667 28.2566666666667 28.2246666666667 28.2416666666667 28.2833333333333 28.2576666666667 28.146 27.9546666666667 28.0133333333333 28.11 28.2903333333333 28.3143333333333 28.344 28.3213333333333
28.1126666666667 28.1976666666667 28.2566666666667 28.2246666666667 28.2416666666667 28.2833333333333 28.2576666666667 28.146 27.9546666666667 28.0133333333333 28.11 28.2903333333333 28.3143333333333 28.344 28.3213333333333 28.355 28.341 28.476 28.462 28.2526666666667 27.8883333333333 27.6213333333333 27.5466666666667 27.5833333333333 27.6083333333333 27.715 27.7913333333333
28.3143333333333 28.344 28.3213333333333 28.355 28.341 28.476 28.462 28.2526666666667 27.8883333333333 27.6213333333333 27.5466666666667 27.5833333333333 27.6083333333333 27.715 27.7913333333333 27.897 28.011 28.1186666666667 28.2326666666667 28.1626666666667 28.026 27.943 27.9106666666667 28.0036666666667 28.087 28.118 28.0696666666667
27.6083333333333 27.715 27.7913333333333 27.897 28.011 28.1186666666667 28.2326666666667 28.1626666666667 28.026 27.943 27.9106666666667 28.0036666666667 28.087 28.118 28.0696666666667 27.9886666666667 28.0066666666667 28.049 28.028 27.9806666666667 27.948 28.0646666666667 28.2856666666667 28.5493333333333 28.763 28.8586666666667 28.7836666666667
28.087 28.118 28.0696666666667 27.9886666666667 28.0066666666667 28.049 28.028 27.9806666666667 27.948 28.0646666666667 28.2856666666667 28.5493333333333 28.763 28.8586666666667 28.7836666666667 28.6096666666667 28.5126666666667 28.4983333333333 28.4216666666667 28.221 27.9373333333333 27.8196666666667 27.8886666666667 28.149 28.4713333333333 28.593 28.611
