26.0586666666667 25.9186666666667 25.9433333333333 26.0803333333333 26.4156666666667 26.596 26.625 26.5246666666667 26.355 26.2503333333333 26.211 26.3226666666667 26.3523333333333 26.3426666666667 26.3813333333333 26.5683333333333 26.9756666666667 27.221 27.2696666666667 27.0853333333333 26.7706666666667 26.602 26.559 26.746 26.8666666666667 26.9293333333333 26.9963333333333
26.3523333333333 26.3426666666667 26.3813333333333 26.5683333333333 26.9756666666667 27.221 27.2696666666667 27.0853333333333 26.7706666666667 26.602 26.559 26.746 26.8666666666667 26.9293333333333 26.9963333333333 27.2793333333333 27.4663333333333 27.4876666666667 27.0776666666667 26.5463333333333 26.0266666666667 25.8103333333333 25.8786666666667 26.0906666666667 26.4156666666667 26.6683333333333 27.0053333333333
26.8666666666667 26.9293333333333 26.9963333333333 27.2793333333333 27.4663333333333 27.4876666666667 27.0776666666667 26.5463333333333 26.0266666666667 25.8103333333333 25.8786666666667 26.0906666666667 26.4156666666667 26.6683333333333 27.0053333333333 27.253 27.4533333333333 27.38 27.236 26.8966666666667 26.6226666666667 26.3363333333333 26.2586666666667 26.4513333333333 26.6276666666667 26.8953333333333 26.98
26.4156666666667 26.6683333333333 27.0053333333333 27.253 27.4533333333333 27.38 27.236 26.8966666666667 26.6226666666667 26.3363333333333 26.2586666666667 26.4513333333333 26.6276666666667 26.8953333333333 26.98 27.197 27.3716666666667 27.606 27.5483333333333 27.0983333333333 26.5833333333333 26.277 26.322 26.361 26.434 26.4716666666667 26.452
26.6276666666667 26.8953333333333 26.98 27.197 27.3716666666667 27.606 27.5483333333333 27.0983333333333 26.5833333333333 26.277 26.322 26.361 26.434 26.4716666666667 26.452 26.733 27.0236666666667 27.3656666666667 27.1283333333333 26.8623333333333 26.5443333333333 26.4793333333333 26.434 26.4486666666667 26.4453333333333 26.4403333333333 26.4813333333333
26.434 26.4716666666667 26.452 26.733 27.0236666666667 27.3656666666667 27.1283333333333 26.8623333333333 26.5443333333333 26.4793333333333 26.434 26.4486666666667 26.4453333333333 26.4403333333333 26.4813333333333 26.669 27.0353333333333 27.3036666666667 27.32 26.9856666666667 26.6553333333333 26.4803333333333 26.4493333333333 26.604 26.826 27.108 27.377
26.4453333333333 26.4403333333333 26.4813333333333 26.669 27.0353333333333 27.3036666666667 27.32 26.9856666666667 26.6553333333333 26.4803333333333 26.4493333333333 26.604 26.826 27.108 27.377 27.6273333333333 27.8893333333333 27.847 27.6243333333333 27.2793333333333 27.046 26.9063333333333 26.8483333333333 26.8006666666667 26.7773333333333 26.771 26.8363333333333
26.826 27.108 27.377 27.6273333333333 27.8893333333333 27.847 27.6243333333333 27.2793333333333 27.046 26.9063333333333 26.8483333333333 26.8006666666667 26.7773333333333 26.771 26.8363333333333 26.9336666666667 27.1016666666667 27.2426666666667 27.1936666666667 26.9156666666667 26.5283333333333 26.2753333333333 26.1876666666667 26.3363333333333 26.4423333333333 26.5956666666667 26.777
26.7773333333333 26.771 26.8363333333333 26.9336666666667 27.1016666666667 27.2426666666667 27.1936666666667 26.9156666666667 26.5283333333333 26.2753333333333 26.1876666666667 26.3363333333333 26.4423333333333 26.5956666666667 26.777 27.019 27.2653333333333 27.3346666666667 27.0943333333333 26.694 26.314 26.2026666666667 26.1956666666667 26.261 26.4033333333333 26.6073333333333 26.783
26.4423333333333 26.5956666666667 26.777 27.019 27.2653333333333 27.3346666666667 27.0943333333333 26.694 26.314 26.2026666666667 26.1956666666667 26.261 26.4033333333333 26.6073333333333 26.783 26.982 27.184 27.246 27.2243333333333 26.965 26.6976666666667 26.3063333333333 26.2183333333333 26.3113333333333 26.7113333333333 26.887 27.1053333333333
26.4033333333333 26.6073333333333 26.783 26.982 27.184 27.246 27.2243333333333 26.965 26.6976666666667 26.3063333333333 26.2183333333333 26.3113333333333 26.7113333333333 26.887 27.1053333333333 27.3593333333333 27.7343333333333 27.9356666666667 27.828 27.4496666666667 27.1123333333333 26.913 26.9886666666667 27.082 27.1486666666667 27.158 27.2503333333333
26.7113333333333 26.887 27.1053333333333 27.3593333333333 27.7343333333333 27.9356666666667 27.828 27.4496666666667 27.1123333333333 26.913 26.9886666666667 27.082 27.1486666666667 27.158 27.2503333333333 27.4633333333333 27.741 27.8053333333333 27.5203333333333 27.0573333333333 26.7226666666667 26.6193333333333 26.6593333333333 26.6403333333333 26.607 26.655 26.63
27.1486666666667 27.158 27.2503333333333 27.4633333333333 27.741 27.8053333333333 27.5203333333333 27.0573333333333 26.7226666666667 26.6193333333333 26.6593333333333 26.6403333333333 26.607 26.655 26.63 26.7853333333333 26.8963333333333 27.1696666666667 26.922 26.4733333333333 25.9976666666667 25.9713333333333 26.122 26.4723333333333 26.683 26.7616666666667 26.864
26.607 26.655 26.63 26.7853333333333 26.8963333333333 27.1696666666667 26.922 26.4733333333333 25.9976666666667 25.9713333333333 26.122 26.4723333333333 26.683 26.7616666666667 26.864 27.0343333333333 27.382 27.4633333333333 27.272 26.8773333333333 26.4406666666667 26.275 26.3646666666667 26.5053333333333 26.722 26.8033333333333 26.9
26.683 26.7616666666667 26.864 27.0343333333333 27.382 27.4633333333333 27.272 26.8773333333333 26.4406666666667 26.275 26.3646666666667 26.5053333333333 26.722 26.8033333333333 26.9 27.0143333333333 27.1526666666667 27.4313333333333 27.573 27.4653333333333 27.247 26.863 26.6853333333333 26.4223333333333 26.401 26.4686666666667 26.715
26.722 26.8033333333333 26.9 27.0143333333333 27.1526666666667 27.4313333333333 27.573 27.4653333333333 27.247 26.863 26.6853333333333 26.4223333333333 26.401 26.4686666666667 26.715 26.9163333333333 27.2003333333333 27.3023333333333 27.2143333333333 26.9376666666667 26.6023333333333 26.3866666666667 26.2223333333333 26.259 26.2873333333333 26.369 26.384
26.401 26.4686666666667 26.715 26.9163333333333 27.2003333333333 27.3023333333333 27.2143333333333 26.9376666666667 26.6023333333333 26.3866666666667 26.2223333333333 26.259 26.2873333333333 26.369 26.384 26.5373333333333 26.696 26.8993333333333 26.884 26.6926666666667 26.2756666666667 26.09 26.0516666666667 26.2986666666667 26.4406666666667 26.51 26.5953333333333
26.2873333333333 26.369 26.384 26.5373333333333 26.696 26.8993333333333 26.884 26.6926666666667 26.2756666666667 26.09 26.0516666666667 26.2986666666667 26.4406666666667 26.51 26.5953333333333 26.651 26.822 26.905 26.9566666666667 26.7626666666667 26.389 26.0866666666667 25.9113333333333 26.1063333333333 26.317 26.6383333333333 26.7513333333333
26.4406666666667 26.51 26.5953333333333 26.651 26.822 26.905 26.9566666666667 26.7626666666667 26.389 26.0866666666667 25.9113333333333 26.1063333333333 26.317 26.6383333333333 26.7513333333333 26.8016666666667 26.979 27.175 27.2176666666667 26.994 26.625 26.4136666666667 26.3073333333333 26.3706666666667 26.328 26.341 26.392
26.317 26.6383333333333 26.7513333333333 26.8016666666667 26.979 27.175 27.2176666666667 26.994 26.625 26.4136666666667 26.3073333333333 26.3706666666667 26.328 26.341 26.392 26.7576666666667 27.0416666666667 27.204 27.2523333333333 27.0716666666667 26.8506666666667 26.5726666666667 26.5156666666667 26.5 26.5256666666667 26.5466666666667 26.5636666666667
26.328 26.341 26.392 26.7576666666667 27.0416666666667 27.204 27.2523333333333 27.0716666666667 26.8506666666667 26.5726666666667 26.5156666666667 26.5 26.5256666666667 26.5466666666667 26.5636666666667 26.6993333333333 27.0803333333333 27.3626666666667 27.512 27.36 27.2153333333333 27.0063333333333 26.7273333333333 26.5736666666667 26.6053333333333 26.878 27.3043333333333
26.5256666666667 26.5466666666667 26.5636666666667 26.6993333333333 27.0803333333333 27.3626666666667 27.512 27.36 27.2153333333333 27.0063333333333 26.7273333333333 26.5736666666667 26.6053333333333 26.878 27.3043333333333 27.716 28.1863333333333 28.438 28.2036666666667 27.618 26.936 26.6496666666667 26.455 26.4766666666667 26.412 26.446 26.4336666666667
26.6053333333333 26.878 27.3043333333333 27.716 28.1863333333333 28.438 28.2036666666667 27.618 26.936 26.6496666666667 26.455 26.4766666666667 26.412 26.446 26.4336666666667 26.6073333333333 26.736 26.782 26.6353333333333 26.5233333333333 26.4563333333333 26.4576666666667 26.504 26.6116666666667 26.669 26.745 26.8406666666667
26.412 26.446 26.4336666666667 26.6073333333333 26.736 26.782 26.6353333333333 26.5233333333333 26.4563333333333 26.4576666666667 26.504 26.6116666666667 26.669 26.745 26.8406666666667 27.0136666666667 27.2733333333333 27.4323333333333 27.4533333333333 27.1693333333333 26.8436666666667 26.645 26.6176666666667 26.7926666666667 26.957 27.1113333333333 27.046
26.669 26.745 26.8406666666667 27.0136666666667 27.2733333333333 27.4323333333333 27.4533333333333 27.1693333333333 26.8436666666667 26.645 26.6176666666667 26.7926666666667 26.957 27.1113333333333 27.046 27.1273333333333 27.3273333333333 27.522 27.4503333333333 27.1546666666667 26.8456666666667 26.6496666666667 26.577 26.7806666666667 27.0123333333333 27.3393333333333 27.4013333333333
26.957 27.1113333333333 27.046 27.1273333333333 27.3273333333333 27.522 27.4503333333333 27.1546666666667 26.8456666666667 26.6496666666667 26.577 26.7806666666667 27.0123333333333 27.3393333333333 27.4013333333333 27.669 27.8356666666667 27.991 27.8836666666667 27.4176666666667 27.127 26.738 26.813 26.88 27.141 27.3066666666667 27.498
27.0123333333333 27.3393333333333 27.4013333333333 27.669 27.8356666666667 27.991 27.8836666666667 27.4176666666667 27.127 26.738 26.813 26.88 27.141 27.3066666666667 27.498 27.567 27.788 27.7146666666667 27.7446666666667 27.4206666666667 27.1596666666667 26.7683333333333 26.596 26.6533333333333 26.7683333333333 26.9613333333333 27.1483333333333
27.141 27.3066666666667 27.498 27.567 27.788 27.7146666666667 27.7446666666667 27.4206666666667 27.1596666666667 26.7683333333333 26.596 26.6533333333333 26.7683333333333 26.9613333333333 27.1483333333333 27.3493333333333 27.6253333333333 27.6783333333333 27.5066666666667 26.9396666666667 26.4736666666667 26.2383333333333 26.297 26.4996666666667 26.7273333333333 26.9463333333333 27.2143333333333
26.7683333333333 26.9613333333333 27.1483333333333 27.3493333333333 27.6253333333333 27.6783333333333 27.5066666666667 26.9396666666667 26.4736666666667 26.2383333333333 26.297 26.4996666666667 26.7273333333333 26.9463333333333 27.2143333333333 27.5926666666667 27.842 27.8243333333333 27.4876666666667 27.0206666666667 26.6873333333333 26.5643333333333 26.714 26.843 26.9903333333333 26.8933333333333 26.964
26.7273333333333 26.9463333333333 27.2143333333333 27.5926666666667 27.842 27.8243333333333 27.4876666666667 27.0206666666667 26.6873333333333 26.5643333333333 26.714 26.843 26.9903333333333 26.8933333333333 26.964 26.978 27.2056666666667 27.3916666666667 27.5096666666667 27.3576666666667 27.0583333333333 26.7926666666667 26.7193333333333 26.6743333333333 26.784 26.9213333333333 27.3013333333333
26.9903333333333 26.8933333333333 26.964 26.978 27.2056666666667 27.3916666666667 27.5096666666667 27.3576666666667 27.0583333333333 26.7926666666667 26.7193333333333 26.6743333333333 26.784 26.9213333333333 27.3013333333333 27.467 27.7336666666667 27.689 27.6913333333333 27.4396666666667 27.2373333333333 27.0376666666667 26.9196666666667 26.881 26.9733333333333 27.133 27.1826666666667
26.784 26.9213333333333 27.3013333333333 27.467 27.7336666666667 27.689 27.6913333333333 27.4396666666667 27.2373333333333 27.0376666666667 26.9196666666667 26.881 26.9733333333333 27.133 27.1826666666667 27.2333333333333 27.225 27.2086666666667 27.0786666666667 26.9833333333333 26.96 27.102 27.1776666666667 27.1726666666667 26.9953333333333 26.945 27.0526666666667
26.9733333333333 27.133 27.1826666666667 27.2333333333333 27.225 27.2086666666667 27.0786666666667 26.9833333333333 26.96 27.102 27.1776666666667 27.1726666666667 26.9953333333333 26.945 27.0526666666667 27.327 27.6893333333333 27.875 27.699 27.2026666666667 26.7556666666667 26.5513333333333 26.672 26.9616666666667 27.2803333333333 27.4273333333333 27.677
26.9953333333333 26.945 27.0526666666667 27.327 27.6893333333333 27.875 27.699 27.2026666666667 26.7556666666667 26.5513333333333 26.672 26.9616666666667 27.2803333333333 27.4273333333333 27.677 28 28.2156666666667 28.1913333333333 27.7683333333333 27.3553333333333 26.9266666666667 26.766 26.7093333333333 26.71 26.7596666666667 26.768 26.9116666666667
27.2803333333333 27.4273333333333 27.677 28 28.2156666666667 28.1913333333333 27.7683333333333 27.3553333333333 26.9266666666667 26.766 26.7093333333333 26.71 26.7596666666667 26.768 26.9116666666667 27.142 27.433 27.5053333333333 27.3606666666667 27.1183333333333 26.9213333333333 26.8446666666667 26.8513333333333 26.9823333333333 27.2103333333333 27.2736666666667 27.2936666666667
26.7596666666667 26.768 26.9116666666667 27.142 27.433 27.5053333333333 27.3606666666667 27.1183333333333 26.9213333333333 26.8446666666667 26.8513333333333 26.9823333333333 27.2103333333333 27.2736666666667 27.2936666666667 27.2263333333333 27.632 27.8176666666667 27.7426666666667 27.469 27.2973333333333 27.2116666666667 27.1186666666667 27.1486666666667 27.4033333333333 27.459 27.5543333333333
27.2103333333333 27.2736666666667 27.2936666666667 27.2263333333333 27.632 27.8176666666667 27.7426666666667 27.469 27.2973333333333 27.2116666666667 27.1186666666667 27.1486666666667 27.4033333333333 27.459 27.5543333333333 27.7166666666667 27.981 27.9183333333333 27.464 26.9943333333333 26.8556666666667 26.8716666666667 26.946 27.0723333333333 27.319 27.51 27.6366666666667
