-3.404 -2.636 -2.37 -2.40966666666667 -2.47033333333333 -2.68733333333333 -2.724 -3.08533333333333 -3.59066666666667 -3.999 -4.109 -3.402 -1.73933333333333 -0.668 -0.589 -0.524666666666667 -0.836666666666667 -0.951 -2.50133333333333 -3.48966666666667 -4.20566666666667 -4.722 -4.772 -4.16566666666667 -1.54233333333333 -0.176333333333333 1.22333333333333
-1.73933333333333 -0.668 -0.589 -0.524666666666667 -0.836666666666667 -0.951 -2.50133333333333 -3.48966666666667 -4.20566666666667 -4.722 -4.772 -4.16566666666667 -1.54233333333333 -0.176333333333333 1.22333333333333 0.00766666666666664 -0.643666666666667 -2.628 -3.61 -4.43666666666667 -4.50133333333333 -4.70766666666667 -4.35166666666667 -3.67233333333333 -2.031 -0.380666666666667 -0.417666666666667
-1.54233333333333 -0.176333333333333 1.22333333333333 0.00766666666666664 -0.643666666666667 -2.628 -3.61 -4.43666666666667 -4.50133333333333 -4.70766666666667 -4.35166666666667 -3.67233333333333 -2.031 -0.380666666666667 -0.417666666666667 -1.185 -2.39633333333333 -2.55533333333333 -3.348 -3.94933333333333 -4.31566666666667 -4.152 -3.70033333333333 -3.42333333333333 -2.205 -1.25366666666667 -0.329666666666667
-2.031 -0.380666666666667 -0.417666666666667 -1.185 -2.39633333333333 -2.55533333333333 -3.348 -3.94933333333333 -4.31566666666667 -4.152 -3.70033333333333 -3.42333333333333 -2.205 -1.25366666666667 -0.329666666666667 0.418666666666667 0.492333333333333 0.0203333333333333 -1.369 -2.54266666666667 -3.22233333333333 -3.58566666666667 -3.51333333333333 -2.474 -1.797 -0.916 -0.105333333333333
-2.205 -1.25366666666667 -0.329666666666667 0.418666666666667 0.492333333333333 0.0203333333333333 -1.369 -2.54266666666667 -3.22233333333333 -3.58566666666667 -3.51333333333333 -2.474 -1.797 -0.916 -0.105333333333333 0.716 0.709333333333333 -1.014 -2.43333333333333 -3.93333333333333 -3.96166666666667 -4.533 -4.17233333333333 -3.979 -2.42666666666667 -1.42433333333333 -0.653
-1.797 -0.916 -0.105333333333333 0.716 0.709333333333333 -1.014 -2.43333333333333 -3.93333333333333 -3.96166666666667 -4.533 -4.17233333333333 -3.979 -2.42666666666667 -1.42433333333333 -0.653 -1.29433333333333 -1.72 -2.24566666666667 -2.35166666666667 -2.65866666666667 -2.321 -2.46966666666667 -1.718 -0.284333333333333 0.945333333333333 2.13466666666667 2.03166666666667
-2.42666666666667 -1.42433333333333 -0.653 -1.29433333333333 -1.72 -2.24566666666667 -2.35166666666667 -2.65866666666667 -2.321 -2.46966666666667 -1.718 -0.284333333333333 0.945333333333333 2.13466666666667 2.03166666666667 2.60666666666667 1.52033333333333 -0.0129999999999999 -2.26733333333333 -3.709 -4.872 -5.428 -5.06133333333333 -4.05433333333333 -2.67766666666667 -2.49533333333333 -2.60266666666667
0.945333333333333 2.13466666666667 2.03166666666667 2.60666666666667 1.52033333333333 -0.0129999999999999 -2.26733333333333 -3.709 -4.872 -5.428 -5.06133333333333 -4.05433333333333 -2.67766666666667 -2.49533333333333 -2.60266666666667 -2.35333333333333 -2.066 -2.12533333333333 -2.61933333333333 -3.237 -3.31133333333333 -3.754 -3.61933333333333 -3.31 -2.22166666666667 -1.144 -1.467
-2.67766666666667 -2.49533333333333 -2.60266666666667 -2.35333333333333 -2.066 -2.12533333333333 -2.61933333333333 -3.237 -3.31133333333333 -3.754 -3.61933333333333 -3.31 -2.22166666666667 -1.144 -1.467 -1.99066666666667 -2.75366666666667 -2.47566666666667 -2.92833333333333 -3.175 -4.01166666666667 -4.41333333333333 -4.22833333333333 -3.13433333333333 -1.89666666666667 -1.23466666666667 -0.681333333333333
-2.22166666666667 -1.144 -1.467 -1.99066666666667 -2.75366666666667 -2.47566666666667 -2.92833333333333 -3.175 -4.01166666666667 -4.41333333333333 -4.22833333333333 -3.13433333333333 -1.89666666666667 -1.23466666666667 -0.681333333333333 -1.44 -1.34733333333333 -2.211 -2.37166666666667 -3.17133333333333 -3.73666666666667 -3.623 -3.59733333333333 -2.31666666666667 -0.0726666666666667 1.31166666666667 2.314
-1.89666666666667 -1.23466666666667 -0.681333333333333 -1.44 -1.34733333333333 -2.211 -2.37166666666667 -3.17133333333333 -3.73666666666667 -3.623 -3.59733333333333 -2.31666666666667 -0.0726666666666667 1.31166666666667 2.314 1.51733333333333 1.52566666666667 0.783 -0.500333333333333 -1.824 -3.082 -3.77533333333333 -3.91566666666667 -3.51233333333333 -1.31 -0.306666666666667 0.512
-0.0726666666666667 1.31166666666667 2.314 1.51733333333333 1.52566666666667 0.783 -0.500333333333333 -1.824 -3.082 -3.77533333333333 -3.91566666666667 -3.51233333333333 -1.31 -0.306666666666667 0.512 -0.825 -0.967333333333333 -1.84433333333333 -2.33833333333333 -3.60666666666667 -4.59733333333333 -5.43066666666667 -5.293 -5.01066666666667 -3.926 -3.48266666666667 -2.77633333333333
-1.31 -0.306666666666667 0.512 -0.825 -0.967333333333333 -1.84433333333333 -2.33833333333333 -3.60666666666667 -4.59733333333333 -5.43066666666667 -5.293 -5.01066666666667 -3.926 -3.48266666666667 -2.77633333333333 -2.87433333333333 -3.185 -3.42833333333333 -3.87066666666667 -4.399 -4.972 -5.152 -4.68233333333333 -3.61133333333333 -1.97 -0.657 1.29766666666667
-3.926 -3.48266666666667 -2.77633333333333 -2.87433333333333 -3.185 -3.42833333333333 -3.87066666666667 -4.399 -4.972 -5.152 -4.68233333333333 -3.61133333333333 -1.97 -0.657 1.29766666666667 1.21533333333333 0.301666666666667 -2.45533333333333 -3.504 -3.92933333333333 -4.05966666666667 -4.234 -4.19766666666667 -3.04066666666667 -1.66433333333333 -0.514 0.0483333333333333
-1.97 -0.657 1.29766666666667 1.21533333333333 0.301666666666667 -2.45533333333333 -3.504 -3.92933333333333 -4.05966666666667 -4.234 -4.19766666666667 -3.04066666666667 -1.66433333333333 -0.514 0.0483333333333333 -0.601333333333333 -1.03366666666667 -2.135 -2.72133333333333 -3.43333333333333 -4.07633333333333 -4.08 -3.84766666666667 -2.00466666666667 0.394666666666667 2.46766666666667 2.896
-1.66433333333333 -0.514 0.0483333333333333 -0.601333333333333 -1.03366666666667 -2.135 -2.72133333333333 -3.43333333333333 -4.07633333333333 -4.08 -3.84766666666667 -2.00466666666667 0.394666666666667 2.46766666666667 2.896 2.84466666666667 2.03633333333333 0.66 -1.66833333333333 -3.178 -3.983 -3.88633333333333 -3.572 -2.46433333333333 -0.619666666666666 0.662 1.957
0.394666666666667 2.46766666666667 2.896 2.84466666666667 2.03633333333333 0.66 -1.66833333333333 -3.178 -3.983 -3.88633333333333 -3.572 -2.46433333333333 -0.619666666666666 0.662 1.957 0.976666666666667 0.641333333333333 -1.07766666666667 -1.78333333333333 -3.298 -3.63433333333333 -4.06033333333333 -3.65033333333333 -3.601 -2.67766666666667 -2.10666666666667 -1.78233333333333
-0.619666666666666 0.662 1.957 0.976666666666667 0.641333333333333 -1.07766666666667 -1.78333333333333 -3.298 -3.63433333333333 -4.06033333333333 -3.65033333333333 -3.601 -2.67766666666667 -2.10666666666667 -1.78233333333333 -1.856 -1.85866666666667 -2.01266666666667 -2.61466666666667 -3.12233333333333 -3.38433333333333 -3.333 -3.01 -1.78566666666667 0.341 1.52133333333333 1.55333333333333
-2.67766666666667 -2.10666666666667 -1.78233333333333 -1.856 -1.85866666666667 -2.01266666666667 -2.61466666666667 -3.12233333333333 -3.38433333333333 -3.333 -3.01 -1.78566666666667 0.341 1.52133333333333 1.55333333333333 0.052 -0.776666666666667 -1.60366666666667 -2.50333333333333 -3.43933333333333 -4.349 -4.49933333333333 -4.545 -3.851 -2.383 -1.70966666666667 -1.58933333333333
0.341 1.52133333333333 1.55333333333333 0.052 -0.776666666666667 -1.60366666666667 -2.50333333333333 -3.43933333333333 -4.349 -4.49933333333333 -4.545 -3.851 -2.383 -1.70966666666667 -1.58933333333333 -2.25566666666667 -2.61133333333333 -2.565 -3.12033333333333 -3.61466666666667 -4.61333333333333 -4.88766666666667 -4.58833333333333 -3.774 -2.75833333333333 -1.65566666666667 -1.52
-2.383 -1.70966666666667 -1.58933333333333 -2.25566666666667 -2.61133333333333 -2.565 -3.12033333333333 -3.61466666666667 -4.61333333333333 -4.88766666666667 -4.58833333333333 -3.774 -2.75833333333333 -1.65566666666667 -1.52 -0.198666666666667 -0.414666666666667 -0.074 -1.25666666666667 -2.26766666666667 -2.10033333333333 -2.213 -0.103666666666667 0.157 0.829333333333333 0.867666666666667 1.22566666666667
-2.75833333333333 -1.65566666666667 -1.52 -0.198666666666667 -0.414666666666667 -0.074 -1.25666666666667 -2.26766666666667 -2.10033333333333 -2.213 -0.103666666666667 0.157 0.829333333333333 0.867666666666667 1.22566666666667 1.542 0.206666666666667 -1.498 -3.36733333333333 -4.53 -4.78733333333333 -5.156 -4.842 -4.34966666666667 -3.562 -3.84633333333333 -3.96233333333333
0.829333333333333 0.867666666666667 1.22566666666667 1.542 0.206666666666667 -1.498 -3.36733333333333 -4.53 -4.78733333333333 -5.156 -4.842 -4.34966666666667 -3.562 -3.84633333333333 -3.96233333333333 -4.86666666666667 -4.73633333333333 -4.96933333333333 -4.52833333333333 -4.79966666666667 -5.25633333333333 -5.332 -5.19933333333333 -4.402 -4.02466666666667 -3.29966666666667 -3.807
-3.562 -3.84633333333333 -3.96233333333333 -4.86666666666667 -4.73633333333333 -4.96933333333333 -4.52833333333333 -4.79966666666667 -5.25633333333333 -5.332 -5.19933333333333 -4.402 -4.02466666666667 -3.29966666666667 -3.807 -3.95466666666667 -4.411 -4.11533333333333 -4.582 -4.552 -5.021 -4.982 -5.179 -4.67766666666667 -3.99366666666667 -4.07466666666667 -4.275
-4.02466666666667 -3.29966666666667 -3.807 -3.95466666666667 -4.411 -4.11533333333333 -4.582 -4.552 -5.021 -4.982 -5.179 -4.67766666666667 -3.99366666666667 -4.07466666666667 -4.275 -4.71566666666667 -4.27366666666667 -3.88166666666667 -3.71566666666667 -3.794 -4.118 -4.42533333333333 -4.41166666666667 -4.00433333333333 -1.67633333333333 -0.593666666666667 0.492333333333333
-3.99366666666667 -4.07466666666667 -4.275 -4.71566666666667 -4.27366666666667 -3.88166666666667 -3.71566666666667 -3.794 -4.118 -4.42533333333333 -4.41166666666667 -4.00433333333333 -1.67633333333333 -0.593666666666667 0.492333333333333 -0.849666666666667 -1.60366666666667 -2.58966666666667 -3.85233333333333 -4.133 -4.25833333333333 -3.299 -3.00033333333333 -2.76866666666667 -1.43466666666667 -0.038 0.982
-1.67633333333333 -0.593666666666667 0.492333333333333 -0.849666666666667 -1.60366666666667 -2.58966666666667 -3.85233333333333 -4.133 -4.25833333333333 -3.299 -3.00033333333333 -2.76866666666667 -1.43466666666667 -0.038 0.982 -0.316 -1.717 -2.96866666666667 -3.502 -4.26533333333333 -4.684 -4.94666666666667 -4.57533333333333 -4.32666666666667 -3.469 -2.152 -1.85133333333333
-1.43466666666667 -0.038 0.982 -0.316 -1.717 -2.96866666666667 -3.502 -4.26533333333333 -4.684 -4.94666666666667 -4.57533333333333 -4.32666666666667 -3.469 -2.152 -1.85133333333333 -1.73833333333333 -2.53433333333333 -2.91133333333333 -3.35033333333333 -3.76733333333333 -3.77066666666667 -4.23766666666667 -4.442 -4.008 -2.95166666666667 -2.143 0.271333333333333
-3.469 -2.152 -1.85133333333333 -1.73833333333333 -2.53433333333333 -2.91133333333333 -3.35033333333333 -3.76733333333333 -3.77066666666667 -4.23766666666667 -4.442 -4.008 -2.95166666666667 -2.143 0.271333333333333 0.0993333333333335 -0.0816666666666666 -2.929 -3.82933333333333 -4.82533333333333 -4.982 -4.89133333333333 -4.67733333333333 -4.324 -3.974 -3.37766666666667 -3.106
-2.95166666666667 -2.143 0.271333333333333 0.0993333333333335 -0.0816666666666666 -2.929 -3.82933333333333 -4.82533333333333 -4.982 -4.89133333333333 -4.67733333333333 -4.324 -3.974 -3.37766666666667 -3.106 -3.31566666666667 -3.74766666666667 -3.78033333333333 -3.75066666666667 -3.7 -4.12133333333333 -4.34233333333333 -3.74933333333333 -3.26766666666667 -2.51233333333333 -1.73833333333333 -1.71966666666667
-3.974 -3.37766666666667 -3.106 -3.31566666666667 -3.74766666666667 -3.78033333333333 -3.75066666666667 -3.7 -4.12133333333333 -4.34233333333333 -3.74933333333333 -3.26766666666667 -2.51233333333333 -1.73833333333333 -1.71966666666667 -1.90666666666667 -3.27766666666667 -3.58233333333333 -4.62266666666667 -4.872 -5.61666666666667 -5.47133333333333 -5.104 -4.448 -3.88666666666667 -3.31966666666667 -3.87466666666667
-2.51233333333333 -1.73833333333333 -1.71966666666667 -1.90666666666667 -3.27766666666667 -3.58233333333333 -4.62266666666667 -4.872 -5.61666666666667 -5.47133333333333 -5.104 -4.448 -3.88666666666667 -3.31966666666667 -3.87466666666667 -4.15866666666667 -5.186 -4.717 -4.89 -5.22066666666667 -6.098 -6.02 -5.887 -5.42233333333333 -5.1 -4.31533333333333 -4.67733333333333
-3.88666666666667 -3.31966666666667 -3.87466666666667 -4.15866666666667 -5.186 -4.717 -4.89 -5.22066666666667 -6.098 -6.02 -5.887 -5.42233333333333 -5.1 -4.31533333333333 -4.67733333333333 -4.43533333333333 -4.401 -3.448 -3.66066666666667 -4.30766666666667 -4.73366666666667 -4.88633333333333 -4.19866666666667 -3.99166666666667 -2.53 -1.26566666666667 0.883333333333333
-5.1 -4.31533333333333 -4.67733333333333 -4.43533333333333 -4.401 -3.448 -3.66066666666667 -4.30766666666667 -4.73366666666667 -4.88633333333333 -4.19866666666667 -3.99166666666667 -2.53 -1.26566666666667 0.883333333333333 0.476666666666667 -0.762333333333333 -3.16166666666667 -4.29066666666667 -5.214 -5.76233333333333 -6.34066666666667 -6.19566666666667 -5.53466666666667 -5.35533333333333 -4.467 -4.43466666666667
-2.53 -1.26566666666667 0.883333333333333 0.476666666666667 -0.762333333333333 -3.16166666666667 -4.29066666666667 -5.214 -5.76233333333333 -6.34066666666667 -6.19566666666667 -5.53466666666667 -5.35533333333333 -4.467 -4.43466666666667 -4.44333333333333 -5.41233333333333 -5.57466666666667 -5.469 -5.66666666666667 -5.997 -6.32766666666667 -5.635 -4.90233333333333 -4.41366666666667 -4.13033333333333 -4.74666666666667
-5.35533333333333 -4.467 -4.43466666666667 -4.44333333333333 -5.41233333333333 -5.57466666666667 -5.469 -5.66666666666667 -5.997 -6.32766666666667 -5.635 -4.90233333333333 -4.41366666666667 -4.13033333333333 -4.74666666666667 -4.55 -4.913 -4.571 -4.74666666666667 -5.177 -5.565 -5.387 -4.81233333333333 -4.152 -3.343 -2.19633333333333 -2.06433333333333
-4.41366666666667 -4.13033333333333 -4.74666666666667 -4.55 -4.913 -4.571 -4.74666666666667 -5.177 -5.565 -5.387 -4.81233333333333 -4.152 -3.343 -2.19633333333333 -2.06433333333333 -2.83533333333333 -4.299 -4.883 -5.111 -5.205 -5.01333333333333 -4.78866666666667 -3.93033333333333 -3.60833333333333 -2.77466666666667 -2.57566666666667 -1.746
