-7.922333333	-8.06	-7.387666667	-6.843	-6.001666667	-6.205	-7.490333333	-9.014666667	-9.929333333	-9.498666667	-9.411666667	-8.825666667	-7.958666667	-7.401666667	-6.209333333	-6.325666667	-5.935333333	-6.838666667	-7.378666667	-8.476333333	-8.981666667	-9.406666667	-8.931333333	-8.691333333	-8.124666667	-6.845	-5.83
-7.958666667	-7.401666667	-6.209333333	-6.325666667	-5.935333333	-6.838666667	-7.378666667	-8.476333333	-8.981666667	-9.406666667	-8.931333333	-8.691333333	-8.124666667	-6.845	-5.83	-4.574666667	-5.528666667	-6.606	-8.394	-8.956	-9.003666667	-8.396	-8.176	-7.829	-7.375666667	-6.805333333	-6.074
-8.124666667	-6.845	-5.83	-4.574666667	-5.528666667	-6.606	-8.394	-8.956	-9.003666667	-8.396	-8.176	-7.829	-7.375666667	-6.805333333	-6.074	-6.037666667	-5.561	-6.348333333	-6.838333333	-7.816333333	-8.608	-9.194666667	-9.183	-8.263333333	-7.538666667	-6.509	-5.917
-7.375666667	-6.805333333	-6.074	-6.037666667	-5.561	-6.348333333	-6.838333333	-7.816333333	-8.608	-9.194666667	-9.183	-8.263333333	-7.538666667	-6.509	-5.917	-5.669333333	-7.063666667	-8.317666667	-9.769	-10.38	-10.59933333	-10.39266667	-10.26066667	-9.819333333	-9.117	-7.947666667	-7.324
-7.538666667	-6.509	-5.917	-5.669333333	-7.063666667	-8.317666667	-9.769	-10.38	-10.59933333	-10.39266667	-10.26066667	-9.819333333	-9.117	-7.947666667	-7.324	-6.385	-6.117333333	-5.128333333	-6.032666667	-6.271	-7.807	-8.104333333	-8.362333333	-8.508333333	-8.269666667	-8.041333333	-7.449333333
-9.117	-7.947666667	-7.324	-6.385	-6.117333333	-5.128333333	-6.032666667	-6.271	-7.807	-8.104333333	-8.362333333	-8.508333333	-8.269666667	-8.041333333	-7.449333333	-7.145	-7.000666667	-7.227	-8.016	-9.064	-9.521666667	-9.526333333	-8.977666667	-8.328666667	-7.077333333	-6.535333333	-5.140666667
-8.269666667	-8.041333333	-7.449333333	-7.145	-7.000666667	-7.227	-8.016	-9.064	-9.521666667	-9.526333333	-8.977666667	-8.328666667	-7.077333333	-6.535333333	-5.140666667	-4.541	-4.95	-6.798666667	-8.270333333	-8.820333333	-8.841333333	-8.73	-8.274666667	-8.161	-8.008333333	-7.093666667	-5.821333333
-7.077333333	-6.535333333	-5.140666667	-4.541	-4.95	-6.798666667	-8.270333333	-8.820333333	-8.841333333	-8.73	-8.274666667	-8.161	-8.008333333	-7.093666667	-5.821333333	-5.487	-6.153666667	-7.718666667	-8.463666667	-8.801666667	-8.877	-8.388333333	-8.508	-8.285333333	-8.389333333	-7.983666667	-6.379666667
-8.008333333	-7.093666667	-5.821333333	-5.487	-6.153666667	-7.718666667	-8.463666667	-8.801666667	-8.877	-8.388333333	-8.508	-8.285333333	-8.389333333	-7.983666667	-6.379666667	-5.813	-5.616	-6.473	-6.529333333	-7.617333333	-8.805	-10.029	-9.407333333	-8.794333333	-8.197666667	-7.062	-5.524333333
-8.389333333	-7.983666667	-6.379666667	-5.813	-5.616	-6.473	-6.529333333	-7.617333333	-8.805	-10.029	-9.407333333	-8.794333333	-8.197666667	-7.062	-5.524333333	-4.885	-5.429	-6.763	-7.316666667	-7.772666667	-8.284666667	-8.309333333	-8.085	-7.511	-7.518	-6.763	-5.751
-8.197666667	-7.062	-5.524333333	-4.885	-5.429	-6.763	-7.316666667	-7.772666667	-8.284666667	-8.309333333	-8.085	-7.511	-7.518	-6.763	-5.751	-4.099333333	-4.708666667	-5.844	-7.473666667	-8.176666667	-8.814333333	-8.742333333	-8.855333333	-8.515666667	-8.817	-8.248666667	-6.79
-7.518	-6.763	-5.751	-4.099333333	-4.708666667	-5.844	-7.473666667	-8.176666667	-8.814333333	-8.742333333	-8.855333333	-8.515666667	-8.817	-8.248666667	-6.79	-5.801333333	-5.967666667	-7.53	-8.259	-9.002	-8.864666667	-9.078333333	-8.621	-8.554333333	-8.365666667	-7.304	-6.044333333
-8.817	-8.248666667	-6.79	-5.801333333	-5.967666667	-7.53	-8.259	-9.002	-8.864666667	-9.078333333	-8.621	-8.554333333	-8.365666667	-7.304	-6.044333333	-5.188333333	-5.517333333	-7.043	-8.146333333	-9.084666667	-9.016666667	-9.348	-8.910666667	-7.937666667	-7.142333333	-6.288	-5.393666667
-8.365666667	-7.304	-6.044333333	-5.188333333	-5.517333333	-7.043	-8.146333333	-9.084666667	-9.016666667	-9.348	-8.910666667	-7.937666667	-7.142333333	-6.288	-5.393666667	-4.515666667	-5.113666667	-6.543333333	-8.135666667	-8.239	-8.761666667	-8.817333333	-9.189	-8.992333333	-7.789	-6.914666667	-5.802
-7.142333333	-6.288	-5.393666667	-4.515666667	-5.113666667	-6.543333333	-8.135666667	-8.239	-8.761666667	-8.817333333	-9.189	-8.992333333	-7.789	-6.914666667	-5.802	-6.193333333	-6.422333333	-6.789333333	-7.391666667	-8.166666667	-9.022	-9.848	-10.28166667	-10.47166667	-9.063333333	-7.259333333	-3.801666667
-7.789	-6.914666667	-5.802	-6.193333333	-6.422333333	-6.789333333	-7.391666667	-8.166666667	-9.022	-9.848	-10.28166667	-10.47166667	-9.063333333	-7.259333333	-3.801666667	-2.765	-3.370333333	-6.605	-8.136666667	-8.770666667	-8.954666667	-9.217	-9.469666667	-8.988333333	-8.674333333	-7.682	-6.46
-9.063333333	-7.259333333	-3.801666667	-2.765	-3.370333333	-6.605	-8.136666667	-8.770666667	-8.954666667	-9.217	-9.469666667	-8.988333333	-8.674333333	-7.682	-6.46	-4.959666667	-4.919333333	-6.376333333	-7.814	-8.416333333	-8.319333333	-8.148333333	-7.386333333	-6.738666667	-6.818333333	-7.048	-6.491333333
-8.674333333	-7.682	-6.46	-4.959666667	-4.919333333	-6.376333333	-7.814	-8.416333333	-8.319333333	-8.148333333	-7.386333333	-6.738666667	-6.818333333	-7.048	-6.491333333	-5.985333333	-6.188333333	-6.892666667	-7.820666667	-8.896	-9.889	-9.493	-8.699666667	-7.895	-7.615333333	-6.519666667	-5.470666667
-6.818333333	-7.048	-6.491333333	-5.985333333	-6.188333333	-6.892666667	-7.820666667	-8.896	-9.889	-9.493	-8.699666667	-7.895	-7.615333333	-6.519666667	-5.470666667	-4.848333333	-5.395666667	-6.404	-7.409	-8.608333333	-9.150333333	-9.532666667	-8.849	-8.267333333	-7.243333333	-7.042333333	-6.156666667
-7.615333333	-6.519666667	-5.470666667	-4.848333333	-5.395666667	-6.404	-7.409	-8.608333333	-9.150333333	-9.532666667	-8.849	-8.267333333	-7.243333333	-7.042333333	-6.156666667	-5.945333333	-5.540666667	-6.060333333	-7.085333333	-7.688333333	-8.718666667	-7.904	-8.136333333	-7.022	-6.883333333	-5.496333333	-5.267
-7.243333333	-7.042333333	-6.156666667	-5.945333333	-5.540666667	-6.060333333	-7.085333333	-7.688333333	-8.718666667	-7.904	-8.136333333	-7.022	-6.883333333	-5.496333333	-5.267	-5.591666667	-6.168333333	-7.018333333	-7.821	-9.182	-9.635666667	-8.779666667	-7.563	-6.496333333	-6.083333333	-6.081	-5.982666667
-6.883333333	-5.496333333	-5.267	-5.591666667	-6.168333333	-7.018333333	-7.821	-9.182	-9.635666667	-8.779666667	-7.563	-6.496333333	-6.083333333	-6.081	-5.982666667	-4.738333333	-4.78	-5.865	-8.546	-9.049666667	-9.076666667	-8.835333333	-8.866333333	-8.302333333	-7.600666667	-7.083666667	-6.925333333
-6.083333333	-6.081	-5.982666667	-4.738333333	-4.78	-5.865	-8.546	-9.049666667	-9.076666667	-8.835333333	-8.866333333	-8.302333333	-7.600666667	-7.083666667	-6.925333333	-6.883666667	-6.584333333	-6.856666667	-6.871	-7.537	-7.937333333	-8.782666667	-8.676333333	-7.961666667	-7.142333333	-6.286	-6.584
-7.600666667	-7.083666667	-6.925333333	-6.883666667	-6.584333333	-6.856666667	-6.871	-7.537	-7.937333333	-8.782666667	-8.676333333	-7.961666667	-7.142333333	-6.286	-6.584	-6.636	-7.393666667	-7.295333333	-7.329333333	-7.800666667	-8.200333333	-8.410333333	-8.124666667	-7.671	-7.358666667	-6.362333333	-5.906666667
-7.142333333	-6.286	-6.584	-6.636	-7.393666667	-7.295333333	-7.329333333	-7.800666667	-8.200333333	-8.410333333	-8.124666667	-7.671	-7.358666667	-6.362333333	-5.906666667	-5.79	-6.228333333	-6.722333333	-6.576	-6.979	-7.536666667	-7.986333333	-7.497666667	-6.937	-5.715666667	-4.721666667	-3.607666667
-7.358666667	-6.362333333	-5.906666667	-5.79	-6.228333333	-6.722333333	-6.576	-6.979	-7.536666667	-7.986333333	-7.497666667	-6.937	-5.715666667	-4.721666667	-3.607666667	-4.463	-5.705	-6.925	-7.588	-8.145	-8.593666667	-8.451666667	-8.272333333	-7.959666667	-7.488	-6.711666667	-5.257333333
-5.715666667	-4.721666667	-3.607666667	-4.463	-5.705	-6.925	-7.588	-8.145	-8.593666667	-8.451666667	-8.272333333	-7.959666667	-7.488	-6.711666667	-5.257333333	-5.078333333	-6.083333333	-7.405333333	-7.464666667	-7.720333333	-7.672666667	-8.595666667	-8.215333333	-8.634333333	-7.904	-7.208666667	-5.276666667
-7.488	-6.711666667	-5.257333333	-5.078333333	-6.083333333	-7.405333333	-7.464666667	-7.720333333	-7.672666667	-8.595666667	-8.215333333	-8.634333333	-7.904	-7.208666667	-5.276666667	-4.747333333	-5.390666667	-6.844333333	-7.785333333	-8.321	-9.126333333	-9.531	-8.857333333	-8.611666667	-7.471	-7.419333333	-6.193333333
-7.904	-7.208666667	-5.276666667	-4.747333333	-5.390666667	-6.844333333	-7.785333333	-8.321	-9.126333333	-9.531	-8.857333333	-8.611666667	-7.471	-7.419333333	-6.193333333	-5.529	-5.266	-6.027	-7.534	-8.215666667	-8.503666667	-8.507333333	-8.334333333	-7.791	-7.544333333	-7.199666667	-7.358
-7.471	-7.419333333	-6.193333333	-5.529	-5.266	-6.027	-7.534	-8.215666667	-8.503666667	-8.507333333	-8.334333333	-7.791	-7.544333333	-7.199666667	-7.358	-6.895666667	-6.773333333	-6.319666667	-6.999666667	-7.379333333	-7.874333333	-7.961	-8.247333333	-8.439666667	-8.140666667	-7.44	-6.277666667
-7.544333333	-7.199666667	-7.358	-6.895666667	-6.773333333	-6.319666667	-6.999666667	-7.379333333	-7.874333333	-7.961	-8.247333333	-8.439666667	-8.140666667	-7.44	-6.277666667	-5.247333333	-5.472666667	-6.409333333	-7.098333333	-7.883333333	-8.238	-8.800666667	-8.152333333	-8.172	-7.416666667	-7.305333333	-6.09
-8.140666667	-7.44	-6.277666667	-5.247333333	-5.472666667	-6.409333333	-7.098333333	-7.883333333	-8.238	-8.800666667	-8.152333333	-8.172	-7.416666667	-7.305333333	-6.09	-5.942666667	-5.936666667	-6.538	-7.059	-7.543333333	-8.354	-9.021	-9.186333333	-9.024	-8.154	-6.736333333	-5.202666667
-7.416666667	-7.305333333	-6.09	-5.942666667	-5.936666667	-6.538	-7.059	-7.543333333	-8.354	-9.021	-9.186333333	-9.024	-8.154	-6.736333333	-5.202666667	-4.953	-5.604	-6.565666667	-6.894	-7.418	-7.922666667	-8.421333333	-8.169666667	-8.011	-7.855	-6.659666667	-5.820333333
-8.154	-6.736333333	-5.202666667	-4.953	-5.604	-6.565666667	-6.894	-7.418	-7.922666667	-8.421333333	-8.169666667	-8.011	-7.855	-6.659666667	-5.820333333	-5.071	-5.822666667	-7.019666667	-8.085	-8.294	-8.202333333	-7.665333333	-7.717333333	-7.099666667	-6.600666667	-6.055666667	-5.165
-7.855	-6.659666667	-5.820333333	-5.071	-5.822666667	-7.019666667	-8.085	-8.294	-8.202333333	-7.665333333	-7.717333333	-7.099666667	-6.600666667	-6.055666667	-5.165	-5.3	-5.880666667	-6.887666667	-7.304333333	-7.414333333	-7.739	-8.065	-7.511666667	-7.279333333	-6.265	-5.247666667	-4.631333333
