-7.92233333333333 -8.06 -7.38766666666667 -6.843 -6.00166666666667 -6.205 -7.49033333333333 -9.01466666666667 -9.92933333333333 -9.49866666666667 -9.41166666666667 -8.82566666666667 -7.95866666666667 -7.40166666666667 -6.20933333333333 -6.32566666666667 -5.93533333333333 -6.83866666666667 -7.37866666666667 -8.47633333333333 -8.98166666666667 -9.40666666666667 -8.93133333333333 -8.69133333333333 -8.12466666666667 -6.845 -5.83
-7.95866666666667 -7.40166666666667 -6.20933333333333 -6.32566666666667 -5.93533333333333 -6.83866666666667 -7.37866666666667 -8.47633333333333 -8.98166666666667 -9.40666666666667 -8.93133333333333 -8.69133333333333 -8.12466666666667 -6.845 -5.83 -4.57466666666667 -5.52866666666667 -6.606 -8.394 -8.956 -9.00366666666667 -8.396 -8.176 -7.829 -7.37566666666667 -6.80533333333333 -6.074
-8.12466666666667 -6.845 -5.83 -4.57466666666667 -5.52866666666667 -6.606 -8.394 -8.956 -9.00366666666667 -8.396 -8.176 -7.829 -7.37566666666667 -6.80533333333333 -6.074 -6.03766666666667 -5.561 -6.34833333333333 -6.83833333333333 -7.81633333333333 -8.608 -9.19466666666667 -9.183 -8.26333333333333 -7.53866666666667 -6.509 -5.917
-7.37566666666667 -6.80533333333333 -6.074 -6.03766666666667 -5.561 -6.34833333333333 -6.83833333333333 -7.81633333333333 -8.608 -9.19466666666667 -9.183 -8.26333333333333 -7.53866666666667 -6.509 -5.917 -5.66933333333333 -7.06366666666667 -8.31766666666667 -9.769 -10.38 -10.5993333333333 -10.3926666666667 -10.2606666666667 -9.81933333333333 -9.117 -7.94766666666667 -7.324
-7.53866666666667 -6.509 -5.917 -5.66933333333333 -7.06366666666667 -8.31766666666667 -9.769 -10.38 -10.5993333333333 -10.3926666666667 -10.2606666666667 -9.81933333333333 -9.117 -7.94766666666667 -7.324 -6.385 -6.11733333333333 -5.12833333333333 -6.03266666666667 -6.271 -7.807 -8.10433333333333 -8.36233333333333 -8.50833333333333 -8.26966666666667 -8.04133333333333 -7.44933333333333
-9.117 -7.94766666666667 -7.324 -6.385 -6.11733333333333 -5.12833333333333 -6.03266666666667 -6.271 -7.807 -8.10433333333333 -8.36233333333333 -8.50833333333333 -8.26966666666667 -8.04133333333333 -7.44933333333333 -7.145 -7.00066666666667 -7.227 -8.016 -9.064 -9.52166666666667 -9.52633333333333 -8.97766666666667 -8.32866666666667 -7.07733333333333 -6.53533333333333 -5.14066666666667
-8.26966666666667 -8.04133333333333 -7.44933333333333 -7.145 -7.00066666666667 -7.227 -8.016 -9.064 -9.52166666666667 -9.52633333333333 -8.97766666666667 -8.32866666666667 -7.07733333333333 -6.53533333333333 -5.14066666666667 -4.541 -4.95 -6.79866666666667 -8.27033333333333 -8.82033333333333 -8.84133333333333 -8.73 -8.27466666666667 -8.161 -8.00833333333333 -7.09366666666667 -5.82133333333333
-7.07733333333333 -6.53533333333333 -5.14066666666667 -4.541 -4.95 -6.79866666666667 -8.27033333333333 -8.82033333333333 -8.84133333333333 -8.73 -8.27466666666667 -8.161 -8.00833333333333 -7.09366666666667 -5.82133333333333 -5.487 -6.15366666666667 -7.71866666666667 -8.46366666666667 -8.80166666666667 -8.877 -8.38833333333333 -8.508 -8.28533333333333 -8.38933333333333 -7.98366666666667 -6.37966666666667
-8.00833333333333 -7.09366666666667 -5.82133333333333 -5.487 -6.15366666666667 -7.71866666666667 -8.46366666666667 -8.80166666666667 -8.877 -8.38833333333333 -8.508 -8.28533333333333 -8.38933333333333 -7.98366666666667 -6.37966666666667 -5.813 -5.616 -6.473 -6.52933333333333 -7.61733333333333 -8.805 -10.029 -9.40733333333333 -8.79433333333333 -8.19766666666667 -7.062 -5.52433333333333
-8.38933333333333 -7.98366666666667 -6.37966666666667 -5.813 -5.616 -6.473 -6.52933333333333 -7.61733333333333 -8.805 -10.029 -9.40733333333333 -8.79433333333333 -8.19766666666667 -7.062 -5.52433333333333 -4.885 -5.429 -6.763 -7.31666666666667 -7.77266666666667 -8.28466666666667 -8.30933333333333 -8.085 -7.511 -7.518 -6.763 -5.751
-8.19766666666667 -7.062 -5.52433333333333 -4.885 -5.429 -6.763 -7.31666666666667 -7.77266666666667 -8.28466666666667 -8.30933333333333 -8.085 -7.511 -7.518 -6.763 -5.751 -4.09933333333333 -4.70866666666667 -5.844 -7.47366666666667 -8.17666666666667 -8.81433333333333 -8.74233333333333 -8.85533333333333 -8.51566666666667 -8.817 -8.24866666666667 -6.79
-7.518 -6.763 -5.751 -4.09933333333333 -4.70866666666667 -5.844 -7.47366666666667 -8.17666666666667 -8.81433333333333 -8.74233333333333 -8.85533333333333 -8.51566666666667 -8.817 -8.24866666666667 -6.79 -5.80133333333333 -5.96766666666667 -7.53 -8.259 -9.002 -8.86466666666667 -9.07833333333333 -8.621 -8.55433333333333 -8.36566666666667 -7.304 -6.04433333333333
-8.817 -8.24866666666667 -6.79 -5.80133333333333 -5.96766666666667 -7.53 -8.259 -9.002 -8.86466666666667 -9.07833333333333 -8.621 -8.55433333333333 -8.36566666666667 -7.304 -6.04433333333333 -5.18833333333333 -5.51733333333333 -7.043 -8.14633333333333 -9.08466666666667 -9.01666666666667 -9.348 -8.91066666666667 -7.93766666666667 -7.14233333333333 -6.288 -5.39366666666667
-8.36566666666667 -7.304 -6.04433333333333 -5.18833333333333 -5.51733333333333 -7.043 -8.14633333333333 -9.08466666666667 -9.01666666666667 -9.348 -8.91066666666667 -7.93766666666667 -7.14233333333333 -6.288 -5.39366666666667 -4.51566666666667 -5.11366666666667 -6.54333333333333 -8.13566666666667 -8.239 -8.76166666666666 -8.81733333333333 -9.189 -8.99233333333333 -7.789 -6.91466666666667 -5.802
-7.14233333333333 -6.288 -5.39366666666667 -4.51566666666667 -5.11366666666667 -6.54333333333333 -8.13566666666667 -8.239 -8.76166666666666 -8.81733333333333 -9.189 -8.99233333333333 -7.789 -6.91466666666667 -5.802 -6.19333333333333 -6.42233333333333 -6.78933333333333 -7.39166666666667 -8.16666666666667 -9.022 -9.848 -10.2816666666667 -10.4716666666667 -9.06333333333333 -7.25933333333333 -3.80166666666667
-7.789 -6.91466666666667 -5.802 -6.19333333333333 -6.42233333333333 -6.78933333333333 -7.39166666666667 -8.16666666666667 -9.022 -9.848 -10.2816666666667 -10.4716666666667 -9.06333333333333 -7.25933333333333 -3.80166666666667 -2.765 -3.37033333333333 -6.605 -8.13666666666667 -8.77066666666667 -8.95466666666667 -9.217 -9.46966666666667 -8.98833333333333 -8.67433333333333 -7.682 -6.46
-9.06333333333333 -7.25933333333333 -3.80166666666667 -2.765 -3.37033333333333 -6.605 -8.13666666666667 -8.77066666666667 -8.95466666666667 -9.217 -9.46966666666667 -8.98833333333333 -8.67433333333333 -7.682 -6.46 -4.95966666666667 -4.91933333333333 -6.37633333333333 -7.814 -8.41633333333333 -8.31933333333333 -8.14833333333333 -7.38633333333333 -6.73866666666667 -6.81833333333333 -7.048 -6.49133333333333
-8.67433333333333 -7.682 -6.46 -4.95966666666667 -4.91933333333333 -6.37633333333333 -7.814 -8.41633333333333 -8.31933333333333 -8.14833333333333 -7.38633333333333 -6.73866666666667 -6.81833333333333 -7.048 -6.49133333333333 -5.98533333333333 -6.18833333333333 -6.89266666666667 -7.82066666666667 -8.896 -9.889 -9.493 -8.69966666666667 -7.895 -7.61533333333333 -6.51966666666667 -5.47066666666667
-6.81833333333333 -7.048 -6.49133333333333 -5.98533333333333 -6.18833333333333 -6.89266666666667 -7.82066666666667 -8.896 -9.889 -9.493 -8.69966666666667 -7.895 -7.61533333333333 -6.51966666666667 -5.47066666666667 -4.84833333333333 -5.39566666666667 -6.404 -7.409 -8.60833333333333 -9.15033333333333 -9.53266666666667 -8.849 -8.26733333333333 -7.24333333333333 -7.04233333333333 -6.15666666666667
-7.61533333333333 -6.51966666666667 -5.47066666666667 -4.84833333333333 -5.39566666666667 -6.404 -7.409 -8.60833333333333 -9.15033333333333 -9.53266666666667 -8.849 -8.26733333333333 -7.24333333333333 -7.04233333333333 -6.15666666666667 -5.94533333333333 -5.54066666666667 -6.06033333333333 -7.08533333333333 -7.68833333333333 -8.71866666666667 -7.904 -8.13633333333333 -7.022 -6.88333333333333 -5.49633333333333 -5.267
-7.24333333333333 -7.04233333333333 -6.15666666666667 -5.94533333333333 -5.54066666666667 -6.06033333333333 -7.08533333333333 -7.68833333333333 -8.71866666666667 -7.904 -8.13633333333333 -7.022 -6.88333333333333 -5.49633333333333 -5.267 -5.59166666666667 -6.16833333333333 -7.01833333333333 -7.821 -9.182 -9.63566666666667 -8.77966666666667 -7.563 -6.49633333333333 -6.08333333333333 -6.081 -5.98266666666667
-6.88333333333333 -5.49633333333333 -5.267 -5.59166666666667 -6.16833333333333 -7.01833333333333 -7.821 -9.182 -9.63566666666667 -8.77966666666667 -7.563 -6.49633333333333 -6.08333333333333 -6.081 -5.98266666666667 -4.73833333333333 -4.78 -5.865 -8.546 -9.04966666666667 -9.07666666666667 -8.83533333333333 -8.86633333333334 -8.30233333333334 -7.60066666666667 -7.08366666666667 -6.92533333333333
-6.08333333333333 -6.081 -5.98266666666667 -4.73833333333333 -4.78 -5.865 -8.546 -9.04966666666667 -9.07666666666667 -8.83533333333333 -8.86633333333334 -8.30233333333334 -7.60066666666667 -7.08366666666667 -6.92533333333333 -6.88366666666667 -6.58433333333333 -6.85666666666667 -6.871 -7.537 -7.93733333333333 -8.78266666666667 -8.67633333333333 -7.96166666666667 -7.14233333333333 -6.286 -6.584
-7.60066666666667 -7.08366666666667 -6.92533333333333 -6.88366666666667 -6.58433333333333 -6.85666666666667 -6.871 -7.537 -7.93733333333333 -8.78266666666667 -8.67633333333333 -7.96166666666667 -7.14233333333333 -6.286 -6.584 -6.636 -7.39366666666667 -7.29533333333333 -7.32933333333333 -7.80066666666667 -8.20033333333333 -8.41033333333333 -8.12466666666667 -7.671 -7.35866666666667 -6.36233333333333 -5.90666666666667
-7.14233333333333 -6.286 -6.584 -6.636 -7.39366666666667 -7.29533333333333 -7.32933333333333 -7.80066666666667 -8.20033333333333 -8.41033333333333 -8.12466666666667 -7.671 -7.35866666666667 -6.36233333333333 -5.90666666666667 -5.79 -6.22833333333333 -6.72233333333333 -6.576 -6.979 -7.53666666666667 -7.98633333333333 -7.49766666666667 -6.937 -5.71566666666667 -4.72166666666667 -3.60766666666667
-7.35866666666667 -6.36233333333333 -5.90666666666667 -5.79 -6.22833333333333 -6.72233333333333 -6.576 -6.979 -7.53666666666667 -7.98633333333333 -7.49766666666667 -6.937 -5.71566666666667 -4.72166666666667 -3.60766666666667 -4.463 -5.705 -6.925 -7.588 -8.145 -8.59366666666667 -8.45166666666667 -8.27233333333333 -7.95966666666667 -7.488 -6.71166666666667 -5.25733333333333
-5.71566666666667 -4.72166666666667 -3.60766666666667 -4.463 -5.705 -6.925 -7.588 -8.145 -8.59366666666667 -8.45166666666667 -8.27233333333333 -7.95966666666667 -7.488 -6.71166666666667 -5.25733333333333 -5.07833333333333 -6.08333333333333 -7.40533333333333 -7.46466666666667 -7.72033333333333 -7.67266666666667 -8.59566666666667 -8.21533333333333 -8.63433333333333 -7.904 -7.20866666666667 -5.27666666666667
-7.488 -6.71166666666667 -5.25733333333333 -5.07833333333333 -6.08333333333333 -7.40533333333333 -7.46466666666667 -7.72033333333333 -7.67266666666667 -8.59566666666667 -8.21533333333333 -8.63433333333333 -7.904 -7.20866666666667 -5.27666666666667 -4.74733333333333 -5.39066666666667 -6.84433333333333 -7.78533333333333 -8.321 -9.12633333333333 -9.531 -8.85733333333333 -8.61166666666667 -7.471 -7.41933333333333 -6.19333333333333
-7.904 -7.20866666666667 -5.27666666666667 -4.74733333333333 -5.39066666666667 -6.84433333333333 -7.78533333333333 -8.321 -9.12633333333333 -9.531 -8.85733333333333 -8.61166666666667 -7.471 -7.41933333333333 -6.19333333333333 -5.529 -5.266 -6.027 -7.534 -8.21566666666667 -8.50366666666667 -8.50733333333333 -8.33433333333333 -7.791 -7.54433333333333 -7.19966666666667 -7.358
-7.471 -7.41933333333333 -6.19333333333333 -5.529 -5.266 -6.027 -7.534 -8.21566666666667 -8.50366666666667 -8.50733333333333 -8.33433333333333 -7.791 -7.54433333333333 -7.19966666666667 -7.358 -6.89566666666667 -6.77333333333333 -6.31966666666667 -6.99966666666667 -7.37933333333333 -7.87433333333333 -7.961 -8.24733333333333 -8.43966666666667 -8.14066666666667 -7.44 -6.27766666666667
-7.54433333333333 -7.19966666666667 -7.358 -6.89566666666667 -6.77333333333333 -6.31966666666667 -6.99966666666667 -7.37933333333333 -7.87433333333333 -7.961 -8.24733333333333 -8.43966666666667 -8.14066666666667 -7.44 -6.27766666666667 -5.24733333333333 -5.47266666666667 -6.40933333333333 -7.09833333333333 -7.88333333333333 -8.238 -8.80066666666667 -8.15233333333333 -8.172 -7.41666666666667 -7.30533333333333 -6.09
-8.14066666666667 -7.44 -6.27766666666667 -5.24733333333333 -5.47266666666667 -6.40933333333333 -7.09833333333333 -7.88333333333333 -8.238 -8.80066666666667 -8.15233333333333 -8.172 -7.41666666666667 -7.30533333333333 -6.09 -5.94266666666667 -5.93666666666667 -6.538 -7.059 -7.54333333333333 -8.354 -9.021 -9.18633333333333 -9.024 -8.154 -6.73633333333333 -5.20266666666667
-7.41666666666667 -7.30533333333333 -6.09 -5.94266666666667 -5.93666666666667 -6.538 -7.059 -7.54333333333333 -8.354 -9.021 -9.18633333333333 -9.024 -8.154 -6.73633333333333 -5.20266666666667 -4.953 -5.604 -6.56566666666667 -6.894 -7.418 -7.92266666666667 -8.42133333333333 -8.16966666666667 -8.011 -7.855 -6.65966666666667 -5.82033333333333
-8.154 -6.73633333333333 -5.20266666666667 -4.953 -5.604 -6.56566666666667 -6.894 -7.418 -7.92266666666667 -8.42133333333333 -8.16966666666667 -8.011 -7.855 -6.65966666666667 -5.82033333333333 -5.071 -5.82266666666667 -7.01966666666667 -8.085 -8.294 -8.20233333333333 -7.66533333333333 -7.71733333333333 -7.09966666666667 -6.60066666666667 -6.05566666666667 -5.165
-7.855 -6.65966666666667 -5.82033333333333 -5.071 -5.82266666666667 -7.01966666666667 -8.085 -8.294 -8.20233333333333 -7.66533333333333 -7.71733333333333 -7.09966666666667 -6.60066666666667 -6.05566666666667 -5.165 -5.3 -5.88066666666667 -6.88766666666667 -7.30433333333333 -7.41433333333333 -7.739 -8.065 -7.51166666666667 -7.27933333333333 -6.265 -5.24766666666667 -4.63133333333333
-6.60066666666667 -6.05566666666667 -5.165 -5.3 -5.88066666666667 -6.88766666666667 -7.30433333333333 -7.41433333333333 -7.739 -8.065 -7.51166666666667 -7.27933333333333 -6.265 -5.24766666666667 -4.63133333333333 -4.33233333333333 -5.61266666666667 -6.05466666666667 -7.25566666666667 -7.92033333333333 -8.28033333333333 -8.586 -8.282 -8.342 -7.439 -7.013 -5.529
-6.265 -5.24766666666667 -4.63133333333333 -4.33233333333333 -5.61266666666667 -6.05466666666667 -7.25566666666667 -7.92033333333333 -8.28033333333333 -8.586 -8.282 -8.342 -7.439 -7.013 -5.529 -5.20866666666667 -5.258 -6.67033333333333 -7.52166666666667 -7.90466666666667 -7.91666666666667 -7.97833333333333 -7.768 -7.299 -6.41266666666667 -5.77333333333333 -5.12666666666667
