828.956092294054
828.956092294054
488.967759998875
488.967759998875
828.956092294054
828.956092294054
488.967759998875
828.956092294054
488.967759998875
649.332261182115
649.332261182115
725.454480971014
649.332261182115
828.956092294054
649.332261182115
601.72932526068
560.446572666764
488.967759998875
828.956092294054
560.446572666764
560.446572666764
725.454480971014
828.956092294054
828.956092294054
828.956092294054
828.956092294054
488.967759998875
828.956092294054
488.967759998875
828.956092294054
725.454480971014
488.967759998875
560.446572666764
725.454480971014
601.72932526068
828.956092294054
828.956092294054
828.956092294054
488.967759998875
725.454480971014
725.454480971014
601.72932526068
828.956092294054
488.967759998875
560.446572666764
649.332261182115
828.956092294054
725.454480971014
828.956092294054
828.956092294054
828.956092294054
649.332261182115
725.454480971014
828.956092294054
560.446572666764
725.454480971014
828.956092294054
560.446572666764
725.454480971014
828.956092294054
725.454480971014
488.967759998875
828.956092294054
828.956092294054
601.72932526068
828.956092294054
828.956092294054
828.956092294054
828.956092294054
828.956092294054
828.956092294054
828.956092294054
828.956092294054
828.956092294054
560.446572666764
828.956092294054
725.454480971014
725.454480971014
488.967759998875
828.956092294054
725.454480971014
601.72932526068
725.454480971014
601.72932526068
601.72932526068
488.967759998875
560.446572666764
649.332261182115
828.956092294054
725.454480971014
725.454480971014
828.956092294054
725.454480971014
828.956092294054
828.956092294054
488.967759998875
828.956092294054
725.454480971014
828.956092294054
488.967759998875
828.956092294054
828.956092294054
560.446572666764
649.332261182115
828.956092294054
488.967759998875
725.454480971014
725.454480971014
725.454480971014
488.967759998875
828.956092294054
725.454480971014
828.956092294054
828.956092294054
828.956092294054
488.967759998875
828.956092294054
488.967759998875
560.446572666764
725.454480971014
725.454480971014
725.454480971014
601.72932526068
601.72932526068
725.454480971014
828.956092294054
649.332261182115
828.956092294054
828.956092294054
488.967759998875
488.967759998875
601.72932526068
488.967759998875
725.454480971014
601.72932526068
488.967759998875
488.967759998875
601.72932526068
601.72932526068
601.72932526068
488.967759998875
725.454480971014
601.72932526068
488.967759998875
488.967759998875
488.967759998875
828.956092294054
828.956092294054
828.956092294054
828.956092294054
560.446572666764
828.956092294054
560.446572666764
828.956092294054
725.454480971014
560.446572666764
725.454480971014
488.967759998875
828.956092294054
649.332261182115
488.967759998875
601.72932526068
828.956092294054
560.446572666764
828.956092294054
725.454480971014
828.956092294054
488.967759998875
725.454480971014
649.332261182115
828.956092294054
601.72932526068
828.956092294054
725.454480971014
828.956092294054
725.454480971014
488.967759998875
828.956092294054
725.454480971014
649.332261182115
828.956092294054
601.72932526068
725.454480971014
828.956092294054
828.956092294054
828.956092294054
828.956092294054
828.956092294054
828.956092294054
649.332261182115
725.454480971014
725.454480971014
488.967759998875
488.967759998875
828.956092294054
828.956092294054
560.446572666764
828.956092294054
725.454480971014
725.454480971014
828.956092294054
828.956092294054
725.454480971014
560.446572666764
725.454480971014
828.956092294054
725.454480971014
828.956092294054
560.446572666764
828.956092294054
488.967759998875
828.956092294054
488.967759998875
725.454480971014
601.72932526068
828.956092294054
725.454480971014
601.72932526068
560.446572666764
828.956092294054
601.72932526068
649.332261182115
828.956092294054
725.454480971014
488.967759998875
828.956092294054
601.72932526068
725.454480971014
725.454480971014
828.956092294054
488.967759998875
488.967759998875
828.956092294054
828.956092294054
828.956092294054
725.454480971014
649.332261182115
488.967759998875
725.454480971014
649.332261182115
828.956092294054
488.967759998875
488.967759998875
828.956092294054
828.956092294054
828.956092294054
828.956092294054
828.956092294054
488.967759998875
828.956092294054
828.956092294054
828.956092294054
828.956092294054
828.956092294054
828.956092294054
828.956092294054
488.967759998875
649.332261182115
488.967759998875
828.956092294054
828.956092294054
828.956092294054
725.454480971014
828.956092294054
828.956092294054
725.454480971014
828.956092294054
601.72932526068
828.956092294054
828.956092294054
725.454480971014
488.967759998875
828.956092294054
560.446572666764
828.956092294054
649.332261182115
601.72932526068
725.454480971014
828.956092294054
601.72932526068
828.956092294054
828.956092294054
560.446572666764
725.454480971014
828.956092294054
828.956092294054
828.956092294054
725.454480971014
828.956092294054
725.454480971014
828.956092294054
828.956092294054
649.332261182115
601.72932526068
601.72932526068
828.956092294054
828.956092294054
828.956092294054
828.956092294054
828.956092294054
