283.328420842721
709.204853335072
709.204853335072
283.328420842721
283.328420842721
708.454658822205
709.204853335072
709.204853335072
1056.33146820104
549.370237892452
708.454658822205
1056.33146820104
708.454658822205
283.328420842721
708.454658822205
283.328420842721
283.328420842721
709.204853335072
1056.33146820104
709.204853335072
709.204853335072
549.370237892452
283.328420842721
708.521667746201
549.370237892452
709.204853335072
708.521667746201
709.204853335072
709.204853335072
709.204853335072
708.521667746201
283.328420842721
1056.33146820104
283.328420842721
549.370237892452
709.204853335072
708.454658822205
549.370237892452
708.454658822205
709.204853335072
709.204853335072
709.204853335072
708.454658822205
283.328420842721
1056.33146820104
709.204853335072
549.370237892452
709.204853335072
1056.33146820104
709.204853335072
709.204853335072
283.328420842721
709.204853335072
549.370237892452
283.328420842721
283.328420842721
709.204853335072
1056.33146820104
549.370237892452
1056.33146820104
283.328420842721
709.204853335072
709.204853335072
709.204853335072
709.204853335072
708.454658822205
709.204853335072
709.204853335072
283.328420842721
283.328420842721
1056.33146820104
1056.33146820104
283.328420842721
709.204853335072
709.204853335072
709.204853335072
549.370237892452
709.204853335072
283.328420842721
549.370237892452
709.204853335072
283.328420842721
709.204853335072
283.328420842721
549.370237892452
1056.33146820104
1056.33146820104
709.204853335072
709.204853335072
708.521667746201
283.328420842721
1056.33146820104
549.370237892452
1056.33146820104
709.204853335072
1056.33146820104
709.204853335072
549.370237892452
549.370237892452
283.328420842721
709.204853335072
709.204853335072
1056.33146820104
1056.33146820104
709.204853335072
709.204853335072
709.204853335072
709.204853335072
709.204853335072
549.370237892452
708.454658822205
283.328420842721
283.328420842721
708.454658822205
283.328420842721
709.204853335072
709.204853335072
283.328420842721
283.328420842721
709.204853335072
708.521667746201
709.204853335072
708.454658822205
709.204853335072
708.454658822205
709.204853335072
283.328420842721
283.328420842721
708.454658822205
283.328420842721
709.204853335072
1056.33146820104
709.204853335072
1056.33146820104
709.204853335072
549.370237892452
1056.33146820104
1056.33146820104
709.204853335072
283.328420842721
1056.33146820104
709.204853335072
709.204853335072
549.370237892452
549.370237892452
1056.33146820104
708.454658822205
709.204853335072
1056.33146820104
708.454658822205
708.521667746201
708.454658822205
709.204853335072
1056.33146820104
709.204853335072
283.328420842721
709.204853335072
709.204853335072
1056.33146820104
709.204853335072
709.204853335072
283.328420842721
708.521667746201
708.454658822205
709.204853335072
709.204853335072
709.204853335072
708.521667746201
709.204853335072
709.204853335072
708.454658822205
708.454658822205
709.204853335072
709.204853335072
709.204853335072
709.204853335072
709.204853335072
708.454658822205
709.204853335072
708.454658822205
1056.33146820104
709.204853335072
283.328420842721
708.454658822205
549.370237892452
709.204853335072
283.328420842721
283.328420842721
549.370237892452
708.454658822205
283.328420842721
708.454658822205
709.204853335072
708.454658822205
283.328420842721
709.204853335072
709.204853335072
549.370237892452
708.521667746201
709.204853335072
1056.33146820104
709.204853335072
708.454658822205
709.204853335072
1056.33146820104
708.521667746201
283.328420842721
709.204853335072
283.328420842721
708.521667746201
1056.33146820104
1056.33146820104
283.328420842721
283.328420842721
283.328420842721
283.328420842721
709.204853335072
283.328420842721
1056.33146820104
549.370237892452
708.454658822205
708.521667746201
709.204853335072
709.204853335072
283.328420842721
283.328420842721
1056.33146820104
709.204853335072
708.454658822205
709.204853335072
709.204853335072
283.328420842721
549.370237892452
549.370237892452
283.328420842721
709.204853335072
549.370237892452
708.454658822205
708.454658822205
708.521667746201
709.204853335072
709.204853335072
709.204853335072
709.204853335072
708.454658822205
708.521667746201
1056.33146820104
708.521667746201
709.204853335072
708.454658822205
283.328420842721
708.454658822205
709.204853335072
708.454658822205
709.204853335072
283.328420842721
709.204853335072
709.204853335072
709.204853335072
709.204853335072
708.454658822205
708.454658822205
283.328420842721
708.521667746201
709.204853335072
549.370237892452
708.454658822205
1056.33146820104
708.521667746201
709.204853335072
709.204853335072
709.204853335072
549.370237892452
709.204853335072
708.521667746201
708.454658822205
709.204853335072
283.328420842721
708.454658822205
709.204853335072
708.454658822205
709.204853335072
709.204853335072
708.454658822205
549.370237892452
709.204853335072
708.454658822205
1056.33146820104
709.204853335072
708.454658822205
709.204853335072
709.204853335072
549.370237892452
708.454658822205
549.370237892452
549.370237892452
283.328420842721
709.204853335072
709.204853335072
1056.33146820104
