466.612394185391
245.5
410.227514661667
245.5
410.227514661667
466.612394185391
410.227514661667
484.071143615211
410.227514661667
245.5
410.227514661667
410.227514661667
245.5
466.612394185391
466.612394185391
245.5
410.227514661667
410.227514661667
410.227514661667
245.5
245.5
466.612394185391
410.227514661667
245.5
245.5
342.636182057204
245.5
466.612394185391
484.071143615211
245.5
466.612394185391
466.612394185391
466.612394185391
245.5
245.5
484.071143615211
342.636182057204
245.5
410.227514661667
466.612394185391
245.5
466.612394185391
245.5
342.636182057204
245.5
245.5
245.5
456.55338468707
245.5
245.5
466.612394185391
245.5
342.636182057204
245.5
410.227514661667
466.612394185391
245.5
456.55338468707
484.071143615211
245.5
342.636182057204
342.636182057204
410.227514661667
245.5
484.071143615211
245.5
245.5
245.5
466.612394185391
466.612394185391
466.612394185391
484.071143615211
466.612394185391
245.5
245.5
245.5
245.5
466.612394185391
245.5
410.227514661667
245.5
245.5
466.612394185391
466.612394185391
410.227514661667
245.5
410.227514661667
466.612394185391
484.071143615211
466.612394185391
245.5
484.071143615211
245.5
245.5
245.5
410.227514661667
245.5
245.5
342.636182057204
466.612394185391
245.5
245.5
484.071143615211
342.636182057204
410.227514661667
466.612394185391
456.55338468707
466.612394185391
245.5
466.612394185391
466.612394185391
245.5
342.636182057204
245.5
410.227514661667
466.612394185391
410.227514661667
245.5
245.5
484.071143615211
410.227514661667
245.5
410.227514661667
245.5
245.5
245.5
245.5
245.5
466.612394185391
245.5
245.5
245.5
245.5
245.5
466.612394185391
245.5
466.612394185391
410.227514661667
342.636182057204
410.227514661667
456.55338468707
342.636182057204
410.227514661667
245.5
466.612394185391
466.612394185391
342.636182057204
410.227514661667
245.5
245.5
245.5
456.55338468707
245.5
245.5
466.612394185391
245.5
466.612394185391
484.071143615211
410.227514661667
484.071143615211
484.071143615211
466.612394185391
466.612394185391
466.612394185391
245.5
466.612394185391
245.5
484.071143615211
410.227514661667
410.227514661667
245.5
466.612394185391
245.5
466.612394185391
245.5
456.55338468707
245.5
484.071143615211
342.636182057204
410.227514661667
245.5
410.227514661667
245.5
410.227514661667
410.227514661667
410.227514661667
342.636182057204
484.071143615211
466.612394185391
484.071143615211
484.071143615211
245.5
466.612394185391
410.227514661667
245.5
245.5
466.612394185391
410.227514661667
466.612394185391
466.612394185391
484.071143615211
245.5
466.612394185391
245.5
466.612394185391
245.5
466.612394185391
410.227514661667
245.5
245.5
245.5
466.612394185391
410.227514661667
245.5
466.612394185391
466.612394185391
484.071143615211
245.5
342.636182057204
410.227514661667
456.55338468707
466.612394185391
410.227514661667
466.612394185391
456.55338468707
245.5
466.612394185391
245.5
342.636182057204
245.5
245.5
466.612394185391
466.612394185391
410.227514661667
410.227514661667
466.612394185391
245.5
466.612394185391
410.227514661667
410.227514661667
245.5
245.5
410.227514661667
466.612394185391
466.612394185391
466.612394185391
466.612394185391
466.612394185391
466.612394185391
410.227514661667
484.071143615211
410.227514661667
466.612394185391
484.071143615211
245.5
245.5
484.071143615211
245.5
466.612394185391
245.5
410.227514661667
456.55338468707
245.5
245.5
466.612394185391
456.55338468707
342.636182057204
410.227514661667
245.5
245.5
245.5
484.071143615211
466.612394185391
245.5
456.55338468707
245.5
410.227514661667
342.636182057204
245.5
456.55338468707
466.612394185391
456.55338468707
245.5
245.5
466.612394185391
456.55338468707
484.071143615211
484.071143615211
484.071143615211
342.636182057204
466.612394185391
342.636182057204
245.5
466.612394185391
245.5
484.071143615211
245.5
456.55338468707
410.227514661667
245.5
