1948   25.654   25.980   26.438   26.764   26.912   26.716   26.342   26.164   26.156   26.067   25.912   26.309
1949   25.774   26.330   26.547   26.962   27.015   26.570   26.470   26.375   26.258   25.918   25.870   25.662
1950   25.987   26.311   26.742   26.643   26.794   26.458   26.421   26.209   26.186   26.042   25.915   25.838
1951   26.118   26.408   26.625   26.952   27.063   26.332   25.934   26.071   26.188   26.376   26.333   26.295
1952   26.228   26.801   27.167   27.392   27.198   26.522   26.048   26.013   25.988   25.840   25.820   26.002
1953   26.056   26.048   27.028   27.234   27.112   26.992   26.422   26.242   26.105   26.256   26.486   26.479
1954   26.189   26.409   26.698   26.963   26.937   26.469   25.938   25.836   25.678   25.362   25.462   25.598
1955   25.640   26.192   26.654   26.633   26.140   25.609   25.602   25.841   26.045   25.626   25.503   25.364
1956   25.746   26.003   26.587   26.573   26.285   25.977   25.334   25.532   25.363   25.491   25.398   25.417
1957   26.038   26.160   26.586   27.124   27.243   26.862   26.191   25.674   25.462   25.368   25.510   25.971
1958   26.116   26.924   26.714   26.936   27.038   26.506   26.046   26.048   25.903   25.697   25.684   25.934
1959   26.287   26.742   27.112   26.976   27.399   26.432   25.937   25.729   26.094   26.072   26.193   26.192
1960   26.069   26.190   26.590   26.750   26.571   26.038   25.745   25.577   25.434   25.395   25.570   25.859
1961   25.885   25.862   26.034   26.325   26.319   25.833   25.983   26.076   25.793   25.541   25.772   25.875
1962   25.862   25.657   25.825   26.124   26.432   26.056   25.906   25.710   25.805   25.542   25.392   25.235
1963   25.446   25.459   25.968   26.207   26.699   25.963   26.119   26.367   25.895   25.659   25.895   25.933
1964   26.271   26.790   27.062   27.576   27.061   26.406   26.071   25.839   25.905   25.553   25.269   25.391
1965   25.910   26.536   26.562   27.193   27.157   26.395   26.046   26.052   26.025   26.449   26.580   26.319
1966   26.374   27.001   27.111   27.430   26.865   26.762   26.739   26.546   26.471   26.263   26.341   26.499
1967   26.099   26.665   27.168   27.519   27.595   27.132   26.871   26.914   26.769   26.538   26.738   26.769
1968   26.598   26.781   27.418   27.530   26.874   26.542   26.340   26.100   26.024   26.319   26.388   26.582
1969   27.017   27.430   27.795   28.197   27.553   26.803   26.491   26.676   26.420   26.463   26.632   26.499
1970   26.803   27.001   27.420   27.603   27.568   27.270   26.680   26.443   26.339   26.238   26.366   26.120
1971   26.311   26.631   26.872   27.609   26.901   26.503   26.376   26.233   26.004   25.883   26.005   25.956
1972   26.251   26.635   26.978   27.330   27.201   27.063   26.781   26.610   26.604   26.758   27.118   27.003
1973   27.229   27.480   27.745   27.884   27.421   26.543   26.300   25.986   26.587   26.205   26.181   26.063
1974   26.221   26.308   26.902   27.093   26.927   26.635   26.312   26.192   25.935   26.032   26.194   26.358
1975   26.073   26.525   27.089   27.470   27.243   26.898   26.725   26.360   26.351   25.926   26.076   25.946
1976   25.675   26.344   26.847   26.766   26.862   26.694   26.515   26.411   26.577   26.230   26.601   26.348
1977   26.695   26.723   27.312   27.901   27.521   26.996   26.647   26.672   26.759   26.917   26.896   26.730
1978   26.894   27.200   27.930   28.067   27.840   27.208   26.595   26.448   26.400   26.610   26.426   26.741
1979   26.916   27.451   27.708   27.908   27.566   27.358   26.606   26.469   26.212   26.869   26.826   26.858
1980   27.192   27.257   27.548   28.029   28.117   27.102   26.528   26.418   26.626   26.697   26.828   26.659
1981   26.596   26.713   27.536   27.838   27.679   26.835   26.354   26.352   26.398   26.162   26.248   26.480
1982   26.504   26.938   27.477   28.032   27.692   27.104   26.712   26.582   26.845   26.805   27.204   27.185
1983   26.974   27.440   27.818   28.232   27.732   27.310   27.088   27.022   26.959   26.946   26.539   26.767
1984   26.653   26.694   27.253   27.857   27.232   26.607   26.284   26.179   26.265   26.347   26.616   26.324
1985   26.737   26.996   27.363   27.683   27.234   26.260   26.272   26.238   26.334   26.266   26.304   26.708
1986   26.807   27.005   27.552   27.885   27.240   27.610   27.022   26.566   26.314   26.370   26.482   27.069
1987   26.714   27.261   27.862   28.413   28.301   27.688   26.992   27.036   27.100   27.153   27.010   27.040
1988   27.081   27.323   28.103   28.258   27.809   27.130   27.008   26.908   26.804   26.761   26.436   26.655
1989   26.700   26.456   27.205   27.384   27.381   26.316   26.041   26.053   26.349   26.369   26.763   26.908
1990   26.750   27.372   27.682   27.969   27.928   27.094   26.691   26.407   26.426   26.725   26.777   26.760
1991   26.772   26.908   27.686   28.061   28.136   27.779   26.952   27.032   26.643   26.743   26.645   26.761
1992   26.632   26.785   27.204   27.627   27.520   26.937   26.652   26.381   26.377   26.241   26.229   26.594
1993   26.440   26.674   26.925   27.265   27.214   26.988   26.364   26.107   26.151   26.335   26.374   26.498
1994   26.530   26.852   27.281   27.572   27.370   26.863   26.683   26.548   26.417   26.494   26.867   26.726
1995   26.656   26.934   27.263   27.512   27.373   27.107   26.673   26.316   26.365   26.271   26.329   26.320
1996   26.362   26.768   27.323   27.250   27.230   27.221   26.518   26.328   26.417   26.145   26.068   26.268
1997   26.315   26.511   27.526   27.936   27.671   27.376   27.219   26.802   26.782   27.091   27.122   27.216
1998   27.406   27.838   28.220   28.704   28.604   27.848   27.112   26.611   26.466   26.525   26.491   26.373
1999   26.534   26.850   27.596   27.227   26.970   26.508   26.473   26.506   26.686   26.556   26.641   26.603
2000   26.541   26.778   26.926   27.600   27.490   26.773   26.534   26.573   26.759   26.765   26.952   27.288
2001   26.948   26.893   27.663   27.909   27.355   26.885   26.503   26.604   26.623   26.646   26.859   26.909
2002   26.930   26.864   27.689   28.029   27.699   27.149   26.564   26.351   26.363   26.833   27.284   27.629
2003   27.036   27.596   27.724   28.501   27.748   27.596   27.169   26.867   26.712   26.873   27.112   26.798
2004   27.081   27.226   27.597   28.134   27.502   26.719   26.204   26.218   26.374   26.772   27.113   27.056
2005   27.108   27.318   27.767   28.150   27.889   27.018   26.755   26.522   26.539   26.688   26.720   26.712
2006   26.769   27.439   27.973   28.166   27.674   27.463   27.119   27.094   27.035   27.418   27.305   27.494
2007   27.165   27.684   27.686   28.670   28.545   28.402   28.170   27.763   27.586   27.184   27.243   27.030
2008   27.309   27.141   27.671   27.759   27.678   27.284   27.207   27.128   27.538   27.463   27.306   27.358
2009   27.140   27.168   28.010   28.538   28.174   27.370   26.667   26.585   27.237   27.753   27.582   27.729
2010   27.537   28.074   28.706   28.886   28.274   27.492   26.890   26.592   26.585   26.747   26.886   26.732
2011   26.431   26.854   27.520   27.731   27.192   26.780   26.517   26.546   26.902   27.410   27.545   27.339
2012   27.017   27.292   27.535   28.864   28.176   27.212   27.598   27.654   27.767   27.440   27.803   27.783
2013   27.202   27.634   28.648   28.731   28.094   27.223   26.830   27.014   27.084   27.241   27.819   27.681
2014   27.370   27.672   28.343   28.524   28.668   27.520   26.670 -999.999 -999.999 -999.999 -999.999 -999.999