158.413986848714
124.22
124.22
149.223502150621
210.801823222342
158.413986848714
157.241754960319
210.801823222342
72.5968030987837
158.413986848714
210.801823222342
157.241754960319
72.5968030987837
157.241754960319
124.22
210.801823222342
124.22
124.22
157.241754960319
149.223502150621
124.22
158.413986848714
149.223502150621
157.241754960319
124.22
157.241754960319
149.223502150621
124.22
157.241754960319
149.223502150621
210.801823222342
157.241754960319
124.22
124.22
210.801823222342
149.223502150621
210.801823222342
210.801823222342
158.413986848714
124.22
124.22
124.22
157.241754960319
72.5968030987837
124.22
124.22
149.223502150621
124.22
72.5968030987837
210.801823222342
149.223502150621
124.22
158.413986848714
157.241754960319
158.413986848714
124.22
210.801823222342
210.801823222342
124.22
149.223502150621
157.241754960319
124.22
149.223502150621
124.22
124.22
124.22
72.5968030987837
124.22
149.223502150621
158.413986848714
72.5968030987837
124.22
149.223502150621
210.801823222342
149.223502150621
157.241754960319
124.22
124.22
124.22
149.223502150621
158.413986848714
124.22
124.22
124.22
124.22
124.22
157.241754960319
149.223502150621
124.22
124.22
124.22
124.22
124.22
157.241754960319
149.223502150621
158.413986848714
210.801823222342
210.801823222342
124.22
124.22
149.223502150621
157.241754960319
124.22
158.413986848714
72.5968030987837
124.22
124.22
210.801823222342
124.22
124.22
158.413986848714
210.801823222342
210.801823222342
124.22
210.801823222342
158.413986848714
124.22
124.22
124.22
157.241754960319
210.801823222342
124.22
124.22
210.801823222342
124.22
124.22
72.5968030987837
158.413986848714
149.223502150621
124.22
124.22
72.5968030987837
157.241754960319
157.241754960319
124.22
72.5968030987837
72.5968030987837
72.5968030987837
124.22
158.413986848714
157.241754960319
210.801823222342
157.241754960319
124.22
157.241754960319
72.5968030987837
124.22
124.22
157.241754960319
124.22
210.801823222342
124.22
149.223502150621
124.22
157.241754960319
157.241754960319
149.223502150621
72.5968030987837
124.22
158.413986848714
158.413986848714
124.22
124.22
157.241754960319
124.22
157.241754960319
124.22
158.413986848714
157.241754960319
124.22
157.241754960319
124.22
210.801823222342
124.22
149.223502150621
210.801823222342
72.5968030987837
72.5968030987837
72.5968030987837
124.22
149.223502150621
157.241754960319
157.241754960319
124.22
149.223502150621
158.413986848714
157.241754960319
210.801823222342
210.801823222342
124.22
124.22
72.5968030987837
124.22
124.22
210.801823222342
124.22
124.22
149.223502150621
210.801823222342
157.241754960319
124.22
149.223502150621
157.241754960319
124.22
124.22
124.22
124.22
124.22
210.801823222342
124.22
149.223502150621
210.801823222342
158.413986848714
124.22
158.413986848714
124.22
210.801823222342
210.801823222342
210.801823222342
124.22
124.22
157.241754960319
157.241754960319
210.801823222342
157.241754960319
124.22
149.223502150621
210.801823222342
124.22
210.801823222342
157.241754960319
157.241754960319
124.22
124.22
149.223502150621
158.413986848714
157.241754960319
124.22
157.241754960319
124.22
72.5968030987837
124.22
72.5968030987837
124.22
124.22
124.22
124.22
124.22
124.22
124.22
124.22
149.223502150621
124.22
157.241754960319
72.5968030987837
72.5968030987837
149.223502150621
124.22
158.413986848714
124.22
149.223502150621
149.223502150621
210.801823222342
157.241754960319
149.223502150621
124.22
157.241754960319
124.22
157.241754960319
210.801823222342
72.5968030987837
124.22
157.241754960319
124.22
72.5968030987837
210.801823222342
72.5968030987837
124.22
157.241754960319
158.413986848714
157.241754960319
72.5968030987837
157.241754960319
124.22
72.5968030987837
149.223502150621
124.22
124.22
149.223502150621
210.801823222342
149.223502150621
210.801823222342
124.22
124.22
149.223502150621
157.241754960319
124.22
124.22
157.241754960319
157.241754960319
