1948 1012.986 1014.894 1014.120 1012.856 1012.405 1012.165 1011.825 1009.049 1010.154 1009.373 1010.473 1013.814
1949 1014.585 1014.166 1014.032 1014.472 1013.826 1013.060 1011.774 1011.596 1010.748 1012.118 1011.598 1012.874
1950 1013.488 1013.451 1013.818 1012.224 1011.923 1012.205 1010.543 1010.468 1010.949 1011.255 1010.481 1010.973
1951 1014.133 1011.976 1013.126 1014.244 1013.532 1012.454 1012.295 1010.785 1011.266 1010.863 1012.407 1013.488
1952 1014.977 1014.210 1013.624 1014.223 1012.516 1012.712 1011.582 1010.897 1010.664 1010.070 1011.215 1013.079
1953 1013.837 1015.818 1013.928 1012.709 1012.926 1012.806 1011.217 1008.854 1011.297 1010.521 1011.950 1011.122
1954 1012.478 1013.342 1013.272 1012.706 1012.350 1011.874 1010.531 1009.396 1009.052 1010.724 1011.391 1011.962
1955 1015.635 1012.255 1012.929 1013.021 1012.775 1012.748 1011.400 1011.079 1010.204 1010.868 1010.872 1010.854
1956 1012.182 1012.366 1013.988 1013.052 1012.903 1011.916 1010.722 1010.769 1010.792 1011.061 1011.437 1013.284
1957 1013.309 1013.430 1014.018 1013.648 1011.833 1012.628 1011.518 1009.145 1010.993 1010.052 1011.780 1013.974
1958 1016.073 1014.328 1015.027 1014.607 1013.052 1011.987 1010.967 1010.980 1010.326 1009.775 1011.348 1011.827
1959 1014.498 1015.981 1014.441 1013.441 1012.665 1012.099 1010.772 1009.089 1008.368 1011.389 1010.354 1012.099
1960 1013.759 1013.912 1012.828 1012.753 1011.607 1012.174 1011.022 1009.263 1010.166 1009.186 1011.607 1011.856
1961 1012.258 1012.653 1013.445 1012.435 1012.403 1010.372 1009.926 1009.008 1007.960 1006.838 1011.706 1012.084
1962 1011.756 1014.208 1013.827 1010.801 1012.580 1011.331 1009.221 1010.499 1009.518 1008.603 1010.854 1011.160
1963 1011.176 1013.924 1012.559 1011.294 1011.058 1010.649 1009.763 1009.208 1009.655 1007.319 1012.409 1012.063
1964 1013.992 1014.622 1013.628 1012.425 1009.969 1011.014 1010.081 1008.953 1009.790 1010.195 1009.964 1011.749
1965 1012.075 1012.513 1012.957 1013.118 1012.729 1013.030 1010.276 1010.301 1008.941 1009.432 1013.877 1013.444
1966 1015.985 1014.537 1013.564 1013.293 1012.623 1012.736 1010.428 1009.120 1008.430 1009.876 1011.617 1012.245
1967 1012.737 1013.576 1012.378 1013.521 1010.856 1010.247 1007.606 1008.619 1006.487 1010.270 1011.754 1012.960
1968 1012.357 1013.990 1013.841 1012.056 1011.329 1011.765 1009.485 1009.162 1007.792 1009.913 1010.561 1012.478
1969 1013.755 1013.633 1014.420 1013.900 1012.688 1012.512 1010.910 1011.242 1008.923 1009.773 1011.608 1012.351
1970 1013.500 1014.013 1013.500 1013.934 1012.009 1012.119 1010.184 1009.504 1010.063 1010.320 1011.616 1012.089
1971 1010.538 1012.148 1011.170 1009.810 1010.971 1011.895 1009.870 1010.113 1009.359 1011.928 1011.613 1012.823
1972 1012.207 1011.879 1012.968 1013.304 1011.530 1010.633 1007.194 1010.422 1008.846 1008.947 1013.345 1014.259
1973 1014.267 1015.984 1014.390 1014.341 1012.638 1011.982 1011.172 1011.066 1012.669 1010.744 1011.461 1011.813
1974 1010.531 1012.180 1012.134 1011.369 1010.909 1009.939 1009.866 1006.766 1009.633 1010.460 1010.541 1013.016
1975 1013.523 1013.589 1013.065 1013.166 1011.897 1012.464 1010.627 1010.703 1010.633 1010.915 1008.992 1012.032
1976 1012.249 1012.292 1012.414 1012.262 1010.569 1011.374 1010.014 1010.411 1007.459 1012.154 1011.702 1012.196
1977 1012.808 1013.990 1014.895 1013.512 1011.981 1011.779 1009.913 1008.971 1009.032 1008.668 1011.814 1013.586
1978 1014.160 1015.325 1014.234 1013.479 1011.464 1011.581 1008.109 1010.054 1009.770 1009.577 1009.636 1013.763
1979 1013.772 1013.421 1013.652 1013.867 1012.554 1012.606 1011.809 1009.519 1009.946 1009.684 1011.513 1012.386
1980 1013.535 1014.630 1014.448 1013.463 1012.128 1012.838 1011.172 1010.044 1007.905 1010.547 1011.601 1011.400
1981 1012.720 1013.708 1015.168 1013.062 1012.031 1011.882 1010.085 1006.692 1010.500 1010.171 1010.966 1011.507
1982 1012.695 1013.651 1013.344 1013.156 1012.783 1011.042 1008.346 1009.484 1009.252 1009.166 1013.354 1014.987
1983 1016.612 1016.820 1016.556 1014.841 1014.220 1012.760 1011.726 1011.260 1011.078 1011.085 1011.513 1012.449
1984 1012.781 1012.240 1013.848 1012.397 1011.459 1011.087 1008.475 1009.410 1009.761 1008.124 1011.286 1010.653
1985 1011.804 1012.266 1013.671 1010.135 1010.157 1010.510 1009.914 1008.916 1010.836 1011.710 1011.507 1011.851
1986 1012.528 1012.159 1013.619 1012.825 1010.507 1010.348 1010.093 1004.242 1008.990 1012.107 1012.938 1011.557
1987 1014.435 1015.214 1015.710 1014.103 1013.183 1011.940 1011.519 1011.087 1008.217 1011.240 1012.175 1013.663
1988 1013.677 1014.047 1013.537 1013.330 1011.905 1012.058 1010.063 1011.757 1009.112 1009.718 1011.542 1011.997
1989 1012.273 1012.695 1011.713 1010.584 1012.393 1011.594 1010.284 1008.181 1009.656 1009.154 1010.671 1011.981
1990 1012.969 1015.991 1014.287 1012.601 1011.783 1011.246 1008.495 1008.286 1010.031 1010.517 1010.681 1012.595
1991 1014.263 1014.828 1014.096 1013.165 1012.296 1011.407 1011.134 1006.341 1009.580 1009.313 1010.958 1013.563
1992 1015.197 1015.303 1016.842 1013.538 1012.150 1011.835 1011.965 1008.803 1007.261 1008.981 1010.344 1014.852
1993 1014.350 1014.829 1014.050 1013.797 1012.763 1012.122 1010.778 1009.687 1010.368 1010.454 1011.695 1012.536
1994 1012.627 1012.747 1014.179 1012.432 1011.647 1011.319 1008.046 1008.949 1007.530 1009.354 1012.423 1013.776
1995 1014.626 1014.437 1014.249 1013.831 1012.483 1012.576 1011.505 1010.948 1010.271 1009.559 1011.502 1012.894
1996 1012.868 1013.099 1013.621 1012.053 1012.147 1012.333 1009.427 1010.084 1008.047 1010.857 1010.132 1009.427
1997 1012.339 1012.958 1013.775 1012.420 1011.368 1011.277 1009.565 1007.601 1009.492 1012.429 1013.655 1013.922
1998 1015.908 1016.905 1015.948 1015.928 1014.110 1013.097 1011.317 1011.546 1010.090 1011.912 1011.908 1012.261
1999 1011.962 1012.524 1011.311 1011.733 1012.207 1012.343 1010.220 1011.395 1011.269 1011.874 1009.579 1012.694
2000 1012.013 1012.429 1012.973 1012.259 1010.665 1011.638 1010.141 1009.459 1009.392 1010.821 1011.451 1011.790
2001 1012.781 1012.183 1012.812 1012.689 1011.797 1010.060 1009.190 1006.070 1009.417 1010.025 1010.728 1013.313
2002 1014.111 1014.000 1013.498 1012.248 1010.995 1011.534 1008.533 1007.437 1008.357 1009.498 1011.700 1013.374
2003 1014.014 1014.142 1013.864 1012.624 1010.259 1011.827 1010.938 1010.336 1009.388 1008.927 1011.346 1012.308
2004 1014.151 1013.247 1012.592 1011.376 1012.543 1008.049 1010.380 1006.474 1010.288 1008.907 1010.469 1011.185
2005 1011.662 1014.793 1014.151 1012.849 1011.339 1011.671 1010.189 1009.539 1009.391 1011.227 1011.906 1012.865
2006 1013.043 1014.324 1012.533 1012.507 1012.437 1012.153 1011.241 1007.799 1009.259 1008.864 1012.721 1013.260
2007 1014.754 1013.328 1013.078 1012.713 1012.240 1010.611 1009.835 1009.732 1009.322 1010.157 1009.846 1012.016
2008 1012.885 1012.861 1012.841 1011.966 1011.700 1011.896 1010.192 1010.626 1011.030 1012.092 1012.798 1011.830
2009 1013.156 1013.472 1013.117 1012.444 1010.827 1011.435 1009.222 1008.038 1007.758 1010.526 1010.576 1011.404
2010 1014.543 1015.211 1014.954 1014.979 1011.926 1012.479 1012.635 1011.719 1011.676 1010.674 1011.958 1009.479
2011 1011.704 1011.946 1012.100 1011.493 1012.220 1011.937 1009.232 1008.792 1009.792 1011.634 1012.014 1012.327
2012 1012.940 1012.987 1012.934 1012.900 1010.321 1011.150 1009.303 1009.264 1009.848 1009.609 1012.077 1012.700
2013 1013.776 1014.316 1013.420 1012.303 1011.780 1011.218 1010.327 1010.655 1007.169 1008.155 1012.493 1012.054
2014 1011.913 1012.081 1013.124 1011.378 1012.334 1009.858 1009.685 -999.999 -999.999 -999.999 -999.999 -999.999