1948    2.130   -1.229   -0.118   -0.109   -1.012   -0.172   -1.184   -1.101   -0.288    1.080    5.013    2.693
1949    2.020   -3.835   -1.387   -2.005   -0.232    0.259    0.760    0.702    0.881    0.709    1.386   -1.193
1950   -3.003   -2.061   -1.460   -0.713    1.644   -0.420    1.987    0.507    0.254    1.166    1.444    0.858
1951   -1.590   -0.340   -0.464    0.024   -0.125   -0.365    2.134    2.255    3.233    3.165    3.732    2.797
1952   -1.157   -0.645   -0.219    0.728    2.381    1.997    2.028    2.080    2.620    4.648    4.857    5.604
1953   -0.549   -1.718    0.289    0.369    0.392    0.267    1.727    1.144    1.254    2.668    4.434    3.429
1954   -2.206   -2.027   -1.287   -1.524   -0.039   -0.099    0.491   -0.498   -0.331   -0.531    1.829    0.517
1955   -0.666   -2.501   -0.736   -0.616   -1.302   -0.531    0.666    0.662   -0.202   -0.827    1.880    2.493
1956   -1.524   -2.243   -1.015   -0.619   -1.286   -1.591    0.337    0.864    0.343    0.725    1.699   -1.341
1957   -1.418   -1.776   -2.626   -0.367   -0.721    0.107    0.913    2.768    2.004    2.115    1.721   -2.486
1958   -1.361   -0.088   -2.424   -2.031   -0.908   -0.490    1.280    0.558    0.338    1.553    1.798    2.021
1959   -3.089   -2.032   -1.550   -1.626   -1.691   -0.075    1.419    0.263    2.181    0.855    1.684    1.694
1960   -1.632   -2.476   -1.957   -0.919   -0.412   -0.056    0.014   -0.628    1.497    1.245    2.268    1.261
1961    2.260   -1.734    0.040   -2.073    0.616    2.260    1.428    2.007    2.054    3.002   -1.596   -1.249
1962   -2.373   -1.502   -2.129    1.846   -0.234   -0.248    1.373    0.029    1.342   -0.220    2.767    0.580
1963   -1.806   -1.874   -0.504    0.117    0.078    1.021    0.482    3.065    1.351    3.723    0.052    1.144
1964   -2.465   -2.119   -2.279   -2.188   -1.083   -1.190   -1.776   -1.558   -1.778   -0.234    1.240    0.255
1965   -0.309   -1.536   -1.635   -1.707   -0.580   -0.455   -0.708   -1.138    0.588    0.217   -0.148   -1.709
1966   -3.120   -2.112   -0.563   -0.344   -0.627   -0.462   -0.171   -0.198   -1.093    1.955    1.644    1.145
1967   -0.053   -1.629   -0.072    1.222    0.912   -0.285    0.769    1.226    1.270    2.347    1.935    0.141
1968   -0.454   -0.467   -1.449   -0.169    0.201   -1.165   -0.207    0.621    1.125    1.815    3.441    0.890
1969   -1.708   -1.949   -1.395    0.197   -0.039    1.084    2.015    0.069    1.419    1.088    2.900    1.647
1970   -0.592   -0.290   -1.043   -1.671   -1.288    0.554    0.517   -0.552   -0.669    1.448    0.813    1.108
1971    0.567   -1.745    1.164    3.599    1.611    1.093   -0.701   -0.777    0.058   -0.244    3.113   -0.051
1972    1.757   -0.900    0.158    0.861    1.798    1.314    0.905    1.032    1.330    1.537    0.049    0.700
1973   -2.830   -3.355   -3.353   -2.779   -2.091   -1.345   -1.572   -1.648   -1.661   -2.376   -0.142   -0.281
1974   -1.470   -1.287   -0.092    1.257    0.205   -0.494    0.154   -1.006   -1.204    0.026    2.968    1.219
1975   -0.305   -2.492   -2.071   -2.782   -1.587   -0.311   -0.792   -1.466   -1.407   -0.679    3.478   -1.529
1976    0.240   -0.397   -0.133    3.042    1.416    0.228    1.483    1.393    1.704    0.267    0.831    0.979
1977   -2.088   -2.889   -1.772   -0.584   -0.875    1.293    1.384    1.300   -0.415    2.654    1.673   -0.599
1978   -1.887   -2.000   -3.392   -1.287   -1.837    0.051   -0.276    0.167    0.139    0.359    3.076   -2.119
1979   -0.277   -1.506   -1.371   -1.056   -0.283   -0.162    0.451   -0.299   -0.374    2.161    1.443    2.537
1980   -2.053   -2.083   -0.447   -0.458    0.973    0.930    0.778    1.064    1.666    1.163    0.531    0.560
1981   -0.035   -1.581   -2.110   -0.494   -1.876    0.327   -1.059   -0.237   -0.029    0.832    0.522    1.484
1982   -0.278   -0.037    0.067   -0.369    1.046    2.108    2.818    2.132    0.941    1.339    1.197   -1.850
1983   -3.004   -3.428   -3.633   -4.075   -2.930   -0.351   -0.411   -0.821    0.106    1.071    1.895    0.727
1984   -1.638   -2.403   -2.365   -2.838   -2.489   -0.988   -0.231   -0.383   -0.229    2.779    1.877    1.586
1985    3.040   -2.210   -0.153    0.043   -0.090    1.253    0.313   -0.974    1.104    0.630    1.552    1.948
1986   -1.803    1.124   -1.301   -0.675    0.968    0.553    0.331   -0.016    0.781    0.211    2.445    2.866
1987   -1.767   -1.156   -2.468   -0.331   -0.621   -0.846    0.652    0.167   -0.148   -0.173    1.524   -0.096
1988   -1.835   -2.039   -3.199   -2.171   -2.250   -0.656   -0.423   -2.105   -1.583    1.162    0.177    1.909
1989   -0.841    0.179   -1.560    0.703   -0.823    0.478   -0.532   -1.241   -1.130    1.060    3.564    1.557
1990   -0.817   -2.246    0.113   -0.933   -0.214    1.008    0.844    0.102    0.708    0.349    5.054    0.544
1991   -1.556   -2.139    0.550   -0.216    0.575    0.391    1.461    1.643    2.743    2.288    2.405   -1.613
1992   -0.941   -3.273   -3.489   -2.048   -1.528    0.307    0.722    1.205    0.050    2.301    2.127   -0.358
1993   -0.626   -0.371    0.308    0.775   -0.537    0.106    1.570    1.435    0.519    1.332    0.036    1.196
1994    0.293   -0.989   -0.581    0.313    1.073    1.132    2.158    2.420    2.086    0.536    0.827    1.733
1995   -0.799   -0.862   -1.249    0.089    0.178   -1.757   -0.904   -0.717    0.100    0.542   -0.815   -0.214
1996   -0.098   -0.036   -1.253   -1.310    0.076   -2.250   -0.985   -2.157    0.035   -0.619    0.656    3.202
1997    1.990    0.547    1.876    1.490    0.736    0.313    1.652    2.868    1.445    1.541   -0.819    0.210
1998   -2.016   -2.301   -2.381   -3.464   -3.501   -2.258   -2.714   -1.395   -2.198   -1.459    0.235    0.797
1999   -2.876    0.924   -2.368   -1.692   -1.627   -0.920    0.124   -0.630   -1.820   -2.077    0.381   -0.835
2000   -1.582   -2.013   -1.892   -2.089   -1.077   -1.269   -1.123   -0.089   -2.817    0.144    0.140    0.823
2001   -2.002   -0.975   -1.472   -1.552   -0.114    0.828   -0.476    0.460   -1.094    1.435    2.134    2.224
2002   -1.291    0.711    0.263    0.057    1.394    0.904    1.316    2.690    2.726    3.268    1.464   -0.377
2003   -0.614   -1.941   -0.984    0.840    1.095   -0.335    1.915    0.290    1.188    1.227    2.809    1.243
2004   -1.345    1.075    1.209    1.155   -0.130    2.973    0.735    1.708    0.704    2.196    2.546    1.315
2005    1.724   -1.410   -0.137    1.555    0.543   -0.187    1.337    0.156    1.069    0.244    2.507    0.824
2006   -0.259   -0.876   -0.368   -0.777    0.725    1.527    1.778    1.732    2.224    1.643    0.788    0.474
2007   -0.556   -0.528    0.242   -0.026    0.888   -1.528   -0.007   -0.010    0.455   -0.372    3.641   -1.769
2008   -0.205   -1.949   -2.420   -1.041   -0.794   -1.427   -1.142   -1.431   -0.145   -1.436   -1.889   -0.735
2009   -0.232   -1.174   -0.349   -0.382   -0.676    0.951    3.250    0.779    1.368    2.012    1.112    0.782
2010   -0.430   -2.189    0.039   -1.393   -2.683   -2.859   -3.339   -2.263   -3.740   -2.452   -2.187   -1.400
2011   -0.651   -0.089   -0.433   -0.296    0.093    0.474    0.287    0.453    0.537   -1.626    0.109   -0.825
2012   -1.528   -1.410   -1.314   -0.490    0.920    0.870    0.808    0.577    2.009   -0.379   -0.710   -1.629
2013   -0.641   -1.833    0.194   -1.666   -2.531    0.032    0.220   -0.850   -0.042    0.948   -1.388   -2.136
2014    1.836    0.656   -0.026    1.368   -1.733   -0.501    0.128 -999.999 -999.999 -999.999 -999.999 -999.999