1948   -2.610    0.539   -1.109   -4.644   -6.856   -6.069   -6.950   -9.218   -7.288   -7.817   -4.426   -2.397
1949    2.269    5.305   -0.311   -2.414   -3.697   -6.025   -6.949   -6.801   -6.645   -5.526   -1.655   -0.265
1950    3.278    2.728   -0.116   -2.220   -4.785   -5.369   -7.041   -7.471   -6.347   -4.468   -1.498   -1.784
1951    0.710    4.505   -2.420   -2.693   -4.752   -4.148   -5.702   -6.372   -7.205   -6.897   -5.631   -4.135
1952   -1.273    0.053   -1.268   -3.072   -3.417   -5.725   -4.647   -5.949   -5.909   -3.885   -3.018    0.164
1953    0.486   -0.816   -1.620   -1.368   -3.754   -5.610   -5.940   -5.933   -7.107   -5.921   -3.337   -1.496
1954   -0.109   -1.009   -2.509   -2.950   -5.961   -7.016   -6.826   -7.873   -7.184   -5.970   -2.980   -0.876
1955   -1.619    3.791   -2.738   -2.224   -3.260   -4.939   -6.156   -6.822   -6.885   -5.922   -3.273   -2.739
1956    1.471    2.494   -2.172   -2.731   -4.622   -5.008   -6.493   -6.318   -6.547   -5.664   -4.690   -1.494
1957   -1.097    5.040   -1.300   -6.002   -6.446   -7.193   -8.271   -8.216   -9.439   -7.556   -6.408   -3.903
1958   -2.915    0.714   -1.454   -3.860   -4.717   -6.720   -6.603   -7.985   -6.917   -6.601   -4.301   -2.471
1959   -0.647   -1.201   -1.098   -4.143   -4.364   -6.697   -5.998   -8.258   -8.433   -6.396   -5.763   -1.459
1960   -0.806    0.904   -3.061   -3.579   -4.958   -7.326   -6.059   -7.749   -7.970   -6.438   -4.019   -2.616
1961   -1.347    1.772   -4.075   -5.019   -6.555   -6.483   -7.776   -8.046   -7.632   -7.228   -6.284   -4.409
1962   -0.361    0.090   -3.145   -2.978   -4.786   -5.916   -7.298   -7.061   -7.877   -7.014   -5.767   -2.445
1963    2.233    1.561    1.646   -5.178   -5.183   -7.217   -7.004   -7.881   -7.874   -7.312   -6.893   -4.266
1964   -3.725   -3.786   -1.798   -5.042   -5.479   -6.177   -7.055   -8.249   -7.766   -6.973   -4.677   -4.106
1965   -0.358   -1.003    0.451   -5.240   -5.875   -4.785   -6.582   -7.468   -7.391   -6.969   -6.086   -2.839
1966   -2.579   -0.503   -1.480   -4.984   -7.190   -6.919   -8.201   -7.707   -8.094   -6.216   -4.929   -2.099
1967   -0.097    0.179   -3.289   -4.334   -6.166   -7.401   -8.367   -7.257   -8.558   -7.320   -6.652   -3.751
1968   -0.614    1.017   -2.911   -2.502   -5.491   -6.049   -7.621   -6.696   -7.680   -7.323   -4.867   -2.669
1969   -3.334   -1.321   -2.670   -3.877   -5.814   -6.299   -6.794   -9.228   -8.083   -7.332   -6.429   -4.228
1970   -2.831    0.780   -2.386   -3.806   -6.045   -7.374   -7.624   -7.753   -7.571   -6.589   -4.355   -0.669
1971   -0.101    3.558    0.208   -4.540   -4.029   -5.406   -5.580   -6.489   -8.158   -5.576   -4.940   -3.603
1972   -2.411   -1.102   -1.284   -5.773   -5.738   -6.074   -7.378   -7.486   -8.629   -7.708   -6.471   -4.805
1973   -1.792   -2.495   -0.259   -5.237   -6.235   -5.115   -6.615   -5.640   -7.860   -7.085   -1.045   -0.504
1974    4.466    1.138   -0.510   -3.690   -4.380   -5.975   -5.889   -6.214   -5.939   -5.535   -5.576   -3.403
1975   -0.997    1.834   -0.482   -4.099   -6.641   -6.103   -7.734   -7.884   -7.331   -4.540   -5.064   -2.307
1976   -0.690   -2.132   -0.025   -5.924   -5.652   -7.000   -7.996   -7.472   -7.811   -6.230   -5.785   -3.998
1977   -3.081   -0.021   -1.468   -5.951   -6.624   -6.526   -8.540   -9.012   -8.268   -7.758   -6.382   -4.558
1978    0.453   -1.802    0.571   -4.195   -5.975   -7.280   -7.162   -7.200   -7.594   -7.278   -4.975   -3.427
1979   -3.793   -2.578   -1.643   -2.487   -6.202   -7.834   -8.008   -7.932   -8.279   -6.822   -5.850   -2.575
1980    2.210    2.311   -2.333   -4.255   -6.231   -7.632   -8.150   -8.114   -8.094   -8.167   -6.470   -3.035
1981   -0.242   -0.794   -4.480   -4.474   -5.665   -5.842   -7.069   -7.748   -7.699   -6.508   -4.671   -3.688
1982   -1.264   -1.798   -2.953   -6.177   -7.405   -7.397   -9.136   -8.471   -7.957   -7.256   -6.620   -4.037
1983   -2.557   -1.439   -0.389   -0.289   -5.835   -6.501   -8.565   -8.141   -8.375   -4.830   -3.914   -5.467
1984   -0.105    1.520   -2.570   -4.915   -4.535   -6.525   -5.135   -5.248   -6.778   -5.847   -6.923   -3.291
1985   -3.749    2.452   -2.849   -3.897   -6.198   -3.230   -6.281   -8.183   -8.437   -5.451   -5.427   -5.202
1986   -1.504   -1.021   -3.610   -5.256   -6.382   -6.608   -7.680   -8.460   -7.329   -6.830   -5.557   -6.459
1987   -2.029   -1.639   -4.859   -4.029   -4.641   -6.754   -6.905   -8.595   -7.814   -7.793   -6.080   -4.763
1988   -4.544   -1.914   -2.075   -4.461   -6.361   -7.274   -8.154   -8.405   -8.402   -6.746   -5.308   -3.933
1989   -1.385   -0.633   -1.759   -2.343   -6.024   -5.014   -4.590   -7.524   -8.574   -7.625   -4.326   -4.976
1990    1.389   -3.079    0.298   -4.601   -6.572   -6.502   -6.067   -5.876   -8.075   -7.768   -7.020   -4.978
1991   -3.302   -0.697   -4.373   -4.059   -6.159   -6.427   -7.238   -7.959   -7.846   -8.489   -6.777   -3.737
1992   -3.485    3.829   -3.306   -2.586   -3.851   -5.773   -7.704   -6.966   -8.114   -8.259   -5.287   -4.360
1993   -3.068   -2.242   -2.308   -5.093   -7.376   -7.328   -7.329   -7.866   -8.680   -8.661   -6.753   -4.566
1994   -2.579    0.061   -2.059   -6.101   -7.657   -8.021   -8.623   -8.449   -7.156   -7.065   -6.523   -5.946
1995   -2.176    0.903   -2.698   -3.881   -6.967   -7.707   -8.349   -9.441   -8.032   -7.143   -5.381   -2.700
1996   -2.872   -0.990   -4.001   -4.987   -6.527   -5.010   -5.836   -7.056   -7.271   -6.062   -5.040   -0.585
1997    2.501    4.205   -4.372   -4.834   -3.443   -6.806   -8.413   -7.889   -7.495   -7.011   -6.601   -4.925
1998   -4.936   -3.811   -2.603   -2.030   -4.557   -5.905   -6.256   -7.680   -7.408   -3.664   -2.570   -0.179
1999   -0.170    1.136    1.310   -2.632   -4.178   -5.629   -6.862   -7.506   -7.756   -7.149   -4.423   -2.114
2000    0.939    2.728    0.901   -2.878   -5.844   -6.686   -6.319   -5.919   -7.064   -6.818   -5.011   -3.398
2001   -2.050   -0.200   -3.439   -4.022   -5.453   -5.957   -6.893   -7.277   -7.689   -6.931   -5.379   -2.932
2002   -1.738    0.829   -3.883   -4.751   -5.044   -6.679   -6.669   -7.552   -7.751   -7.553   -7.430   -5.619
2003   -2.323    0.573   -3.088   -6.063   -4.715   -7.042   -8.228   -7.674   -8.451   -7.497   -6.926   -3.780
2004   -3.846    1.358    1.182   -6.059   -6.443   -6.800   -7.426   -9.213   -8.543   -7.508   -7.129   -4.611
2005   -3.151   -2.894   -1.810   -4.195   -5.564   -7.168   -7.601   -7.676   -8.311   -7.340   -5.600   -4.036
2006   -1.088   -2.990   -1.213   -4.571   -6.065   -8.347   -7.614   -8.352   -7.710   -7.395   -6.545   -6.259
2007   -3.175   -2.332   -0.023   -4.532   -6.578   -6.277   -6.887   -7.782   -8.087   -7.092   -5.843   -2.071
2008   -1.545    3.648   -0.881   -3.480   -5.814   -6.063   -7.398   -8.050   -7.727   -7.317   -6.022   -3.890
2009   -1.625    0.605   -1.692   -2.994   -5.411   -5.840   -6.402   -6.762   -7.759   -7.178   -5.850   -4.668
2010   -0.164   -1.722   -3.193   -1.483   -5.815   -6.136   -6.615   -6.570   -6.969   -5.654   -2.008    1.808
2011    4.189    3.941   -0.984   -2.751   -5.622   -6.149   -6.890   -6.763   -6.996   -5.630   -5.662   -0.979
2012    3.209   -0.844    3.055   -3.914   -5.877   -5.306   -7.700   -7.755   -6.097   -5.649   -5.678   -3.821
2013   -0.701    0.678   -1.149   -3.659   -5.447   -5.289   -7.248   -8.070   -7.834   -6.108   -4.904   -3.827
2014   -1.254    0.261   -2.970   -1.263   -4.834   -6.153   -7.667 -999.999 -999.999 -999.999 -999.999 -999.999