157.241754961847
124.22
72.5968031009527
124.22
149.223502152721
124.22
149.223502152721
157.241754961847
210.801823223932
72.5968031009527
157.241754961847
157.241754961847
124.22
124.22
157.241754961847
124.22
149.223502152721
149.223502152721
157.241754961847
210.801823223932
157.241754961847
124.22
124.22
124.22
149.223502152721
124.22
72.5968031009527
124.22
149.223502152721
157.241754961847
157.241754961847
157.241754961847
149.223502152721
124.22
157.241754961847
149.223502152721
149.223502152721
157.241754961847
210.801823223932
157.241754961847
157.241754961847
124.22
157.241754961847
210.801823223932
157.241754961847
157.241754961847
149.223502152721
149.223502152721
158.41398685146
124.22
210.801823223932
210.801823223932
157.241754961847
124.22
158.41398685146
149.223502152721
158.41398685146
124.22
124.22
157.241754961847
210.801823223932
72.5968031009527
157.241754961847
158.41398685146
124.22
124.22
124.22
124.22
124.22
124.22
124.22
210.801823223932
124.22
124.22
157.241754961847
124.22
124.22
158.41398685146
124.22
210.801823223932
124.22
124.22
157.241754961847
72.5968031009527
72.5968031009527
124.22
124.22
124.22
157.241754961847
210.801823223932
124.22
124.22
124.22
210.801823223932
158.41398685146
158.41398685146
157.241754961847
124.22
149.223502152721
124.22
124.22
149.223502152721
72.5968031009527
157.241754961847
124.22
157.241754961847
158.41398685146
157.241754961847
124.22
149.223502152721
149.223502152721
124.22
157.241754961847
157.241754961847
124.22
149.223502152721
124.22
157.241754961847
210.801823223932
158.41398685146
210.801823223932
149.223502152721
124.22
124.22
124.22
124.22
157.241754961847
124.22
158.41398685146
124.22
124.22
210.801823223932
158.41398685146
72.5968031009527
157.241754961847
157.241754961847
72.5968031009527
124.22
124.22
149.223502152721
157.241754961847
149.223502152721
124.22
124.22
149.223502152721
149.223502152721
149.223502152721
210.801823223932
157.241754961847
157.241754961847
210.801823223932
124.22
72.5968031009527
149.223502152721
157.241754961847
124.22
124.22
210.801823223932
124.22
72.5968031009527
157.241754961847
124.22
124.22
157.241754961847
210.801823223932
210.801823223932
157.241754961847
157.241754961847
124.22
72.5968031009527
124.22
124.22
124.22
157.241754961847
124.22
124.22
72.5968031009527
124.22
210.801823223932
210.801823223932
157.241754961847
124.22
124.22
149.223502152721
149.223502152721
124.22
124.22
124.22
124.22
72.5968031009527
157.241754961847
210.801823223932
157.241754961847
124.22
124.22
210.801823223932
149.223502152721
210.801823223932
210.801823223932
210.801823223932
149.223502152721
210.801823223932
210.801823223932
124.22
72.5968031009527
158.41398685146
72.5968031009527
124.22
124.22
124.22
124.22
124.22
157.241754961847
124.22
124.22
72.5968031009527
149.223502152721
124.22
124.22
210.801823223932
124.22
72.5968031009527
124.22
124.22
149.223502152721
124.22
157.241754961847
124.22
149.223502152721
124.22
72.5968031009527
210.801823223932
124.22
149.223502152721
210.801823223932
157.241754961847
157.241754961847
124.22
157.241754961847
158.41398685146
157.241754961847
158.41398685146
72.5968031009527
158.41398685146
149.223502152721
210.801823223932
124.22
72.5968031009527
210.801823223932
210.801823223932
210.801823223932
72.5968031009527
157.241754961847
210.801823223932
124.22
124.22
210.801823223932
157.241754961847
210.801823223932
72.5968031009527
157.241754961847
124.22
124.22
124.22
124.22
149.223502152721
124.22
124.22
210.801823223932
157.241754961847
149.223502152721
210.801823223932
210.801823223932
158.41398685146
124.22
210.801823223932
124.22
157.241754961847
149.223502152721
149.223502152721
72.5968031009527
149.223502152721
72.5968031009527
157.241754961847
72.5968031009527
124.22
124.22
149.223502152721
124.22
157.241754961847
210.801823223932
124.22
149.223502152721
124.22
124.22
210.801823223932
210.801823223932
157.241754961847
124.22
124.22
