1948	1	20.34	1011.594	NA	-5.583	NA
1948	2	21.952	1013.401	NA	-1.599	NA
1948	3	22.388	1012.89	NA	-2.312	NA
1948	4	24.371	1012.042	NA	0.795	NA
1948	5	25.643	1011.561	NA	2.44	NA
1948	6	26.916	1011.356	NA	5.076	NA
1948	7	26.96	1011.175	NA	4.378	NA
1948	8	26.953	1009.016	NA	2.812	NA
1948	9	26.365	1009.782	NA	2.939	NA
1948	10	25.002	1009.123	NA	-3.122	NA
1948	11	23.53	1009.474	NA	-5.404	NA
1948	12	22.922	1012.205	NA	-2.488	NA
1949	1	21.046	1013.047	NA	-5.485	NA
1949	2	21.981	1012.802	NA	-2.382	NA
1949	3	22.724	1012.576	NA	-1.172	NA
1949	4	24.461	1013.231	NA	-0.351	NA
1949	5	26.167	1012.706	NA	2.481	NA
1949	6	27.198	1012.227	NA	5.334	NA
1949	7	27.341	1011.219	NA	2.794	NA
1949	8	27.319	1011.111	NA	2.45	NA
1949	9	26.769	1010.49	NA	0.04	NA
1949	10	25.752	1011.187	NA	-0.361	NA
1949	11	24.244	1010.428	NA	-4.989	NA
1949	12	23.417	1011.274	NA	-2.775	NA
1950	1	22.322	1012.041	NA	-2.943	NA
1950	2	22.001	1012	NA	-3.162	NA
1950	3	23.307	1012.429	NA	-1.877	NA
1950	4	24.817	1011.114	NA	0.154	NA
1950	5	26.299	1010.737	NA	1.58	NA
1950	6	26.999	1011.357	NA	3.909	NA
1950	7	27.109	1010.286	NA	3.357	NA
1950	8	27.268	1010.325	NA	2.205	NA
1950	9	26.771	1010.5	NA	-0.25	NA
1950	10	25.689	1010.633	NA	-1.637	NA
1950	11	24.178	1009.453	NA	-3.165	NA
1950	12	21.848	1009.641	NA	-6.107	NA
1951	1	22.001	1012.568	NA	-3.866	NA
1951	2	21.959	1010.831	NA	-3.317	NA
1951	3	22.824	1011.767	NA	-2.739	NA
1951	4	25.038	1012.833	NA	0.256	NA
1951	5	26.057	1012.608	NA	1.728	NA
1951	6	27.004	1011.734	NA	3.63	NA
1951	7	27.347	1011.477	NA	1.847	NA
1951	8	27.215	1010.301	NA	2.258	NA
1951	9	27.065	1010.637	NA	1.117	NA
1951	10	26.285	1010.248	NA	-1.167	NA
1951	11	24.777	1011.134	NA	-4.17	NA
1951	12	23.233	1012.045	NA	-4.864	NA
1952	1	22.259	1013.467	NA	-3.562	NA
1952	2	22.699	1012.842	NA	-3.055	NA
1952	3	23.818	1012.582	NA	-1.52	NA
1952	4	25.17	1013.17	NA	0.258	NA
1952	5	27.061	1011.655	NA	1.92	NA
1952	6	27.833	1011.805	NA	4.23	NA
1952	7	27.86	1011.119	NA	4.015	NA
1952	8	27.314	1010.444	NA	1.634	NA
1952	9	27.058	1010.198	NA	0.541	NA
1952	10	26.23	1009.456	NA	-3.639	NA
1952	11	25.179	1010.147	NA	-2.791	NA
1952	12	23.085	1011.712	NA	-5.11	NA
1953	1	21.565	1012.588	NA	-5.139	NA
1953	2	22.25	1014.181	NA	-4.004	NA
1953	3	23.568	1012.573	NA	-1.925	NA
1953	4	24.408	1011.829	NA	-1.7	NA
1953	5	26.314	1012.217	NA	1.749	NA
1953	6	27.569	1011.803	NA	3.638	NA
1953	7	27.652	1010.879	NA	2.513	NA
1953	8	27.409	1008.668	NA	2.008	NA
1953	9	27.018	1010.824	NA	0.803	NA
1953	10	26.295	1010.012	NA	-1.675	NA
1953	11	25.279	1010.818	NA	-2.703	NA
1953	12	23.373	1010.273	NA	-5.288	NA
1954	1	22.857	1011.266	NA	-2.637	NA
1954	2	21.965	1012.27	NA	-3.394	NA
1954	3	22.698	1012.079	NA	-3.468	NA
1954	4	25.344	1011.609	NA	0.69	NA
1954	5	26.878	1011.18	NA	1.781	NA
1954	6	27.733	1011.014	NA	3.865	NA
1954	7	27.714	1009.958	NA	2.718	NA
1954	8	27.435	1009.219	NA	2.296	NA
1954	9	26.696	1009.021	NA	0.217	NA
1954	10	25.445	1010.211	NA	-1.941	NA
1954	11	24.202	1010.496	NA	-3.489	NA
1954	12	21.925	1010.523	NA	-6.139	NA
1955	1	20.529	1013.946	NA	-5.627	NA
1955	2	21.667	1010.915	NA	-3.009	NA
1955	3	23.051	1011.606	NA	-1.982	NA
1955	4	24.282	1011.741	NA	-1.242	NA
1955	5	26.081	1011.581	NA	2.71	NA
1955	6	26.83	1011.676	NA	3.488	NA
1955	7	27.089	1010.83	NA	3.192	NA
1955	8	27.185	1010.553	NA	2.805	NA
1955	9	26.993	1009.787	NA	-0.371	NA
1955	10	25.269	1010.307	NA	-2.931	NA
1955	11	23.765	1009.703	NA	-4.192	NA
1955	12	21.787	1009.86	NA	-5.739	NA
1956	1	20.91	1010.763	NA	-3.956	NA
1956	2	21.354	1011.161	NA	-3.581	NA
1956	3	22.645	1012.381	NA	-1.626	NA
1956	4	24.642	1011.664	NA	0.61	NA
1956	5	26.209	1011.727	NA	1.924	NA
1956	6	27.042	1011.192	NA	2.764	NA
1956	7	27.401	1010.283	NA	2.081	NA
1956	8	27.089	1010.157	NA	3.067	NA
1956	9	26.213	1010.241	NA	3.231	NA
1956	10	25.302	1010.392	NA	-2.645	NA
1956	11	23.719	1010.262	NA	-4.871	NA
1956	12	22.323	1011.618	NA	-4.698	NA
1957	1	21.622	1011.865	NA	-4.397	NA
1957	2	20.876	1012.003	NA	-3.107	NA
1957	3	22.199	1012.826	NA	-1.641	NA
1957	4	23.988	1012.518	NA	-0.066	NA
1957	5	25.854	1011.17	NA	1.924	NA
1957	6	26.732	1011.772	NA	4.615	NA
1957	7	26.967	1010.838	NA	2.776	NA
1957	8	26.849	1008.877	NA	1.502	NA
1957	9	26.26	1010.459	NA	1.849	NA
1957	10	24.896	1009.64	NA	-3.371	NA
1957	11	23.858	1010.702	NA	-3.659	NA
1957	12	22.791	1012.583	NA	-3.093	NA
1958	1	21.504	1014.583	NA	-4.139	NA
1958	2	21.654	1013.085	NA	-2.346	NA
1958	3	22.536	1013.746	NA	-1.016	NA
1958	4	24.541	1013.141	NA	0.277	NA
1958	5	26.06	1011.858	NA	2.016	NA
1958	6	26.628	1011.116	NA	2.762	NA
1958	7	27.047	1010.318	NA	2.345	NA
1958	8	27.067	1010.179	NA	0.951	NA
1958	9	26.672	1009.801	NA	0.496	NA
1958	10	25.739	1009.101	NA	-2.216	NA
1958	11	23.625	1010.339	NA	-6.132	NA
1958	12	22.512	1010.857	NA	-4.557	NA
1959	1	20.621	1013.122	NA	-4.868	NA
1959	2	22.562	1014.391	NA	-0.528	NA
1959	3	22.563	1013.016	NA	-2.439	NA
1959	4	24.183	1012.078	NA	-0.12	NA
1959	5	26.054	1011.62	NA	1.447	NA
1959	6	27.476	1011.51	NA	3.816	NA
1959	7	27.497	1010.343	NA	2.641	NA
1959	8	27.348	1008.887	NA	3.055	NA
1959	9	26.87	1008.153	NA	-0.217	NA
1959	10	25.625	1010.622	NA	-1.099	NA
1959	11	24.443	1009.367	NA	-4.064	NA
1959	12	23.174	1010.574	NA	-4.539	NA
1960	1	21.93	1012.383	NA	-4.008	NA
1960	2	21.77	1012.585	NA	-4.152	NA
1960	3	23.68	1011.737	NA	-0.222	NA
1960	4	24.588	1011.564	NA	-0.101	NA
1960	5	26.155	1010.692	NA	1.08	NA
1960	6	26.793	1011.296	NA	3.184	NA
1960	7	27.466	1010.413	NA	2.906	NA
1960	8	27.289	1009.287	NA	3.769	NA
1960	9	26.606	1009.551	NA	1.338	NA
1960	10	25.555	1008.962	NA	-4.176	NA
1960	11	24.436	1010.276	NA	-3.206	NA
1960	12	22.064	1010.654	NA	-6.423	NA
1961	1	20.386	1010.746	NA	-6.368	NA
1961	2	21.203	1011.199	NA	-3.258	NA
1961	3	22.638	1012.08	NA	-1.832	NA
1961	4	24.179	1011.208	NA	-0.53	NA
1961	5	26.082	1011.18	NA	2.494	NA
1961	6	27.164	1009.716	NA	2.211	NA
1961	7	26.833	1009.5	NA	3.844	NA
1961	8	26.771	1008.74	NA	2.726	NA
1961	9	26.302	1007.745	NA	-0.518	NA
1961	10	25.019	1006.765	NA	-3.855	NA
1961	11	23.89	1010.745	NA	-2.917	NA
1961	12	22.365	1010.708	NA	-4.142	NA
1962	1	19.762	1010.567	NA	-6.134	NA
1962	2	20.326	1012.566	NA	-3.708	NA
1962	3	22.009	1012.417	NA	-1.788	NA
1962	4	23.105	1009.865	NA	-1.529	NA
1962	5	25.695	1011.292	NA	3.096	NA
1962	6	26.555	1010.624	NA	3.807	NA
1962	7	26.906	1008.626	NA	4.117	NA
1962	8	26.481	1010.031	NA	3.119	NA
1962	9	26.195	1008.998	NA	0.608	NA
1962	10	25.04	1008.463	NA	-3.114	NA
1962	11	23.758	1009.517	NA	-4.268	NA
1962	12	21.678	1009.989	NA	-4.407	NA
1963	1	18.484	1010.11	NA	-6.75	NA
1963	2	19.061	1012.499	NA	-5.177	NA
1963	3	20.785	1011.19	NA	-2.144	NA
1963	4	23.077	1010.126	NA	-1.9	NA
1963	5	25.592	1009.964	NA	1.506	NA
1963	6	26.418	1009.991	NA	3.594	NA
1963	7	26.487	1009.204	NA	1.763	NA
1963	8	26.752	1008.6	NA	1.698	NA
1963	9	26.682	1009.143	NA	1.759	NA
1963	10	24.588	1007.301	NA	-5.341	NA
1963	11	23.942	1011.361	NA	-2.563	NA
1963	12	22.489	1011.041	NA	-3.454	NA
1964	1	22.292	1012.622	NA	-2.793	NA
1964	2	21.42	1012.815	NA	-4.4	NA
1964	3	22.315	1012.347	NA	-1.948	NA
1964	4	24.861	1011.112	NA	0.089	NA
1964	5	26.129	1009.265	NA	0.69	NA
1964	6	26.898	1010.256	NA	3.533	NA
1964	7	27.31	1009.634	NA	2.386	NA
1964	8	27.222	1008.746	NA	2.254	NA
1964	9	27.048	1009.181	NA	0.901	NA
1964	10	26.14	1009.478	NA	-1.799	NA
1964	11	23.977	1009.065	NA	-3.946	NA
1964	12	22.316	1010.533	NA	-4.926	NA
1965	1	21.042	1010.804	NA	-5.77	NA
1965	2	21.744	1011.029	NA	-3.049	NA
1965	3	22.002	1011.838	NA	-2.65	NA
1965	4	24.238	1012.095	NA	0.277	NA
1965	5	26.024	1011.586	NA	2.459	NA
1965	6	26.976	1012.112	NA	4.876	NA
1965	7	27.26	1009.544	NA	2.036	NA
1965	8	27.296	1009.943	NA	1.935	NA
1965	9	26.53	1008.79	NA	-1.795	NA
1965	10	25.192	1009.257	NA	-3.242	NA
1965	11	25.044	1012.52	NA	-2.172	NA
1965	12	23.118	1011.944	NA	-3.934	NA
1966	1	22.339	1014.457	NA	-1.913	NA
1966	2	22.629	1013.149	NA	-1.295	NA
1966	3	23.871	1012.377	NA	0.386	NA
1966	4	25.317	1011.983	NA	1.519	NA
1966	5	26.149	1011.853	NA	2.657	NA
1966	6	27.301	1011.937	NA	3.109	NA
1966	7	27.812	1009.759	NA	2.796	NA
1966	8	28.063	1009.131	NA	1.799	NA
1966	9	26.878	1008.69	NA	0.061	NA
1966	10	25.867	1009.405	NA	-3.768	NA
1966	11	25.201	1010.504	NA	-2.38	NA
1966	12	23.568	1010.867	NA	-3.28	NA
1967	1	21.064	1011.156	NA	-6.175	NA
1967	2	21.084	1012.074	NA	-4.926	NA
1967	3	22.393	1010.975	NA	-2.258	NA
1967	4	24.852	1012.159	NA	0.094	NA
1967	5	26.978	1010.218	NA	1.483	NA
1967	6	27.588	1009.742	NA	3.988	NA
1967	7	28.024	1007.739	NA	1.174	NA
1967	8	27.802	1008.531	NA	1.466	NA
1967	9	26.999	1007.158	NA	-2.738	NA
1967	10	25.784	1009.52	NA	-2.871	NA
1967	11	24.786	1010.462	NA	-3.485	NA
1967	12	21.366	1011.822	NA	-6.439	NA
1968	1	21.012	1010.872	NA	-4.451	NA
1968	2	20.114	1012.553	NA	-4.517	NA
1968	3	22.406	1012.438	NA	-1.431	NA
1968	4	23.762	1011.103	NA	-1.567	NA
1968	5	26.272	1010.663	NA	1.699	NA
1968	6	27.444	1011.175	NA	2.326	NA
1968	7	28.059	1009.317	NA	3.263	NA
1968	8	27.63	1009.101	NA	2.846	NA
1968	9	26.928	1008.159	NA	-0.931	NA
1968	10	25.425	1009.406	NA	-5.575	NA
1968	11	23.734	1009.84	NA	-5.968	NA
1968	12	22.945	1011.042	NA	-3.136	NA
1969	1	22.532	1012.188	NA	-1.452	NA
1969	2	21.974	1012.396	NA	-2.337	NA
1969	3	22.973	1013.203	NA	-0.905	NA
1969	4	24.594	1012.722	NA	-0.449	NA
1969	5	26.94	1011.659	NA	2.812	NA
1969	6	27.399	1011.577	NA	3.834	NA
1969	7	28	1010.201	NA	2.643	NA
1969	8	27.569	1010.742	NA	2.274	NA
1969	9	27.59	1008.591	NA	1.026	NA
1969	10	25.881	1009.469	NA	-2.746	NA
1969	11	24.145	1010.512	NA	-6.535	NA
1969	12	22.377	1011.114	NA	-6.2	NA
1970	1	21.292	1012.386	NA	-4.112	NA
1970	2	21.701	1012.532	NA	-3.487	NA
1970	3	22.937	1012.2	NA	-1.601	NA
1970	4	24.226	1012.718	NA	-0.804	NA
1970	5	26.624	1011.174	NA	2.126	NA
1970	6	27.568	1011.253	NA	2.637	NA
1970	7	27.802	1010.067	NA	3.253	NA
1970	8	27.432	1009.323	NA	1.188	NA
1970	9	27.174	1009.509	NA	1.991	NA
1970	10	26.478	1009.437	NA	-1.554	NA
1970	11	24.742	1010.509	NA	-3.886	NA
1970	12	23.454	1010.498	NA	-3.296	NA
1971	1	20.191	1009.417	NA	-6.086	NA
1971	2	20.975	1010.704	NA	-4.425	NA
1971	3	21.656	1010.099	NA	-5.235	NA
1971	4	23.828	1008.871	NA	-2.879	NA
1971	5	25.586	1010.103	NA	-0.065	NA
1971	6	27.241	1011.095	NA	3.382	NA
1971	7	27.35	1009.439	NA	1.5	NA
1971	8	27.093	1009.874	NA	0.948	NA
1971	9	27.003	1009.073	NA	1.491	NA
1971	10	25.821	1010.909	NA	-1.302	NA
1971	11	24.162	1010.365	NA	-5.06	NA
1971	12	22.805	1011.177	NA	-4.524	NA
1972	1	21.729	1010.825	NA	-4.823	NA
1972	2	21.799	1010.691	NA	-3.131	NA
1972	3	21.428	1011.689	NA	-3.369	NA
1972	4	23.707	1012.078	NA	-0.658	NA
1972	5	25.988	1010.461	NA	1.758	NA
1972	6	27.175	1009.777	NA	3.103	NA
1972	7	27.396	1007.323	NA	2.72	NA
1972	8	26.95	1009.976	NA	3.041	NA
1972	9	26.682	1008.576	NA	-1.81	NA
1972	10	25.928	1008.886	NA	-3.815	NA
1972	11	24.788	1012.025	NA	-2.925	NA
1972	12	23.112	1012.925	NA	-3	NA
1973	1	22.134	1013.149	NA	-2.731	NA
1973	2	22.957	1014.514	NA	-0.822	NA
1973	3	23.203	1013.162	NA	-1.774	NA
1973	4	25.484	1012.88	NA	1.88	NA
1973	5	26.853	1011.806	NA	2.061	NA
1973	6	27.764	1011.191	NA	4.46	NA
1973	7	27.909	1010.54	NA	3.61	NA
1973	8	27.595	1010.501	NA	2.198	NA
1973	9	27.374	1011.823	NA	1.086	NA
1973	10	26.393	1009.973	NA	-2.4	NA
1973	11	24.434	1010.413	NA	-4.683	NA
1973	12	21.825	1010.672	NA	-6.743	NA
1974	1	21.057	1009.531	NA	-5.165	NA
1974	2	21.199	1010.776	NA	-4.509	NA
1974	3	22.208	1010.703	NA	-2.866	NA
1974	4	24.502	1010.222	NA	-0.193	NA
1974	5	26.215	1010.147	NA	0.868	NA
1974	6	27.217	1009.531	NA	2.775	NA
1974	7	27.673	1009.617	NA	2.053	NA
1974	8	27.688	1007.332	NA	2.275	NA
1974	9	27.097	1009.412	NA	1.004	NA
1974	10	26.692	1009.599	NA	0.285	NA
1974	11	24.917	1009.292	NA	-3.911	NA
1974	12	23.645	1011.385	NA	-3.656	NA
1975	1	21.662	1012.075	NA	-4.662	NA
1975	2	21.772	1012.358	NA	-2.935	NA
1975	3	22.786	1011.978	NA	-1.399	NA
1975	4	24.708	1011.945	NA	0.812	NA
1975	5	26.518	1011.16	NA	1.794	NA
1975	6	27.53	1011.615	NA	4.638	NA
1975	7	27.667	1010.222	NA	2.392	NA
1975	8	27.299	1010.24	NA	4.036	NA
1975	9	27.233	1010.168	NA	0.677	NA
1975	10	26.707	1010.244	NA	-0.185	NA
1975	11	24.182	1008.239	NA	-5.631	NA
1975	12	21.989	1010.838	NA	-5.627	NA
1976	1	20.692	1010.749	NA	-5.964	NA
1976	2	21.718	1011.072	NA	-2.335	NA
1976	3	22.605	1011.042	NA	-2.614	NA
1976	4	24.363	1011.143	NA	-1.361	NA
1976	5	26.087	1009.688	NA	2.789	NA
1976	6	26.98	1010.658	NA	3.367	NA
1976	7	27.11	1009.575	NA	1.197	NA
1976	8	27.215	1010.033	NA	1.13	NA
1976	9	26.815	1007.581	NA	-0.974	NA
1976	10	26.179	1011.243	NA	-1.529	NA
1976	11	23.965	1010.559	NA	-5.699	NA
1976	12	22.767	1010.961	NA	-5.193	NA
1977	1	21.893	1011.593	NA	-3.537	NA
1977	2	20.755	1012.662	NA	-5.38	NA
1977	3	22.668	1013.314	NA	-2.648	NA
1977	4	24.891	1012.222	NA	-0.086	NA
1977	5	26.788	1011.376	NA	1.179	NA
1977	6	28.106	1011.018	NA	4.089	NA
1977	7	28.125	1009.37	NA	2.924	NA
1977	8	28.043	1008.977	NA	2.056	NA
1977	9	27.33	1009.02	NA	0.774	NA
1977	10	26.116	1008.5	NA	-4.742	NA
1977	11	24.297	1010.746	NA	-5.166	NA
1977	12	23.015	1012.302	NA	-4.238	NA
1978	1	21.441	1012.86	NA	-4.26	NA
1978	2	21.04	1013.966	NA	-3.774	NA
1978	3	23.015	1013.159	NA	-0.495	NA
1978	4	24.787	1012.407	NA	0.551	NA
1978	5	26.492	1010.586	NA	1.504	NA
1978	6	27.607	1010.806	NA	2.775	NA
1978	7	28.126	1008.262	NA	0.524	NA
1978	8	27.675	1009.642	NA	4.219	NA
1978	9	27.239	1009.37	NA	1.003	NA
1978	10	26.263	1008.843	NA	-2.902	NA
1978	11	24.178	1008.862	NA	-6.045	NA
1978	12	22.75	1012.304	NA	-4.814	NA
1979	1	21.833	1012.315	NA	-3.535	NA
1979	2	22.286	1012.274	NA	-2.22	NA
1979	3	23.129	1012.475	NA	-0.943	NA
1979	4	24.975	1012.535	NA	-0.024	NA
1979	5	26.236	1011.691	NA	1.411	NA
1979	6	27.465	1011.597	NA	2.559	NA
1979	7	28.064	1011.338	NA	3.308	NA
1979	8	27.476	1009.43	NA	2.92	NA
1979	9	27.329	1009.616	NA	-1.238	NA
1979	10	25.489	1009.147	NA	-5.167	NA
1979	11	24.275	1010.256	NA	-5.339	NA
1979	12	22.501	1011.083	NA	-5.914	NA
1980	1	21.471	1012.206	NA	-3.522	0
1980	2	21.424	1013.036	NA	-2.843	14.3108443708609
1980	3	23.206	1012.971	NA	-1.42	37.0702012383901
1980	4	24.639	1012.117	NA	0.063	51.35352
1980	5	26.424	1011.033	NA	2.186	195.200316455696
1980	6	27.877	1011.777	NA	2.077	257.598000000001
1980	7	28.179	1010.479	NA	3.112	160.340518638574
1980	8	28.172	1009.82	NA	1.426	174.042076069731
1980	9	27.366	1008.004	NA	-1.847	332.866584766585
1980	10	26.295	1009.925	NA	-2.171	145.967260940033
1980	11	24.87	1010.607	NA	-3.166	17.8802643171806
1980	12	21.954	1010.418	NA	-6.413	0.000248756218905473
1981	1	20.622	1011.419	NA	-6.234	0
1981	2	21.496	1012.371	NA	-3.108	25.5620068610635
1981	3	23.264	1013.845	NA	-0.584	28.611919504644
1981	4	25.099	1011.906	NA	0.416	91.0026186579378
1981	5	26.444	1011.118	NA	1.083	148.095510835914
1981	6	27.514	1011.182	NA	3.654	163.413654946852
1981	7	27.901	1009.732	NA	2.572	227.824425059477
1981	8	27.979	1007.352	NA	0.426	197.465265082267
1981	9	27.363	1009.903	NA	-0.329	132.370819672131
1981	10	26.028	1009.508	NA	-3.604	87.5735923869945
1981	11	24.397	1009.979	NA	-4.387	49.5953608247423
1981	12	21.915	1010.297	NA	-7.36	0.0831535269709544
1982	1	20.836	1011.52	NA	-6.457	0.0370656370656371
1982	2	21.66	1012.24	NA	-2.856	13.7247448979592
1982	3	23.452	1011.903	NA	-1.162	43.6504538577912
1982	4	23.929	1012.112	NA	-0.95	83.6031274433151
1982	5	26.439	1011.686	NA	1.59	120.809682299546
1982	6	27.534	1010.446	NA	3.053	145.424237685692
1982	7	27.908	1008.137	NA	2.53	142.91278366112
1982	8	27.483	1009.166	NA	1.762	214.555597579425
1982	9	27.01	1009.309	NA	-0.878	394.899687255669
1982	10	25.777	1009.06	NA	-4.129	108.336081694402
1982	11	25.158	1011.997	NA	-2.372	38.6966426858513
1982	12	23.144	1013.632	NA	-3.708	1.3357034795764
1983	1	22.007	1015.308	NA	-3.369	3.80247678018576
1983	2	22.204	1015.858	NA	-1.243	4.35283018867924
1983	3	23.179	1015.567	NA	0.478	4.76818885448916
1983	4	25.447	1013.845	NA	1.963	27.94008
1983	5	26.674	1013.215	NA	3.17	134.494387351779
1983	6	28	1011.984	NA	3.833	225.8904
1983	7	28.604	1010.961	NA	2.804	154.096439628483
1983	8	28.227	1010.851	NA	1.042	299.556733746131
1983	9	28.151	1010.417	NA	0.99	224.18592
1983	10	27.07	1010.21	NA	-2.127	229.300773993808
1983	11	24.318	1010.637	NA	-6.628	26.74104
1983	12	21.782	1011.378	NA	-6.657	0.585759493670886
1984	1	21.333	1011.592	NA	-3.705	1.19319213313162
1984	2	21.167	1010.996	NA	-4.095	16.7351941747573
1984	3	22.873	1012.697	NA	-1.092	40.2835098335855
1984	4	24.619	1011.607	NA	-0.125	102.860828772479
1984	5	26.378	1010.827	NA	1.54	157.081770045386
1984	6	27.671	1010.615	NA	3.536	154.722126661455
1984	7	28.113	1008.625	NA	1.729	152.949394856279
1984	8	27.774	1009.189	NA	2.997	270.065824782952
1984	9	27.444	1009.62	NA	-0.612	214.109929632526
1984	10	26.219	1007.779	NA	-4.246	142.633204633205
1984	11	25.009	1010.204	NA	-3.692	26.5897763578275
1984	12	22.692	1009.367	NA	-6.152	0.000926640926640927
1985	1	21.446	1010.563	NA	-5.922	17.4578668683812
1985	2	22.73	1010.756	NA	-1.028	32.978313253012
1985	3	23.521	1012.023	NA	-2.665	21.9882753403933
1985	4	24.45	1009.432	NA	-1.911	114.7456606724
1985	5	26.428	1009.316	NA	0.062	190.691301059002
1985	6	27.313	1009.951	NA	2.781	155.158874120407
1985	7	27.62	1009.746	NA	1.554	170.360968229955
1985	8	27.618	1008.889	NA	1.541	205.669515885023
1985	9	27.223	1010.054	NA	-0.21	262.154261141517
1985	10	26.505	1010.825	NA	-1.638	143.395915279879
1985	11	24.68	1010.461	NA	-4.43	28.0941594317285
1985	12	22.591	1010.675	NA	-6.299	0.00927357032457496
1986	1	20.749	1011.085	NA	-6.468	0
1986	2	20.644	1011.162	NA	-5.443	0.591701592623638
1986	3	22.339	1012.197	NA	-1.907	18.50741301059
1986	4	24.794	1011.541	NA	-0.664	88.2114933541831
1986	5	26.582	1009.901	NA	0.74	199.463691376702
1986	6	27.675	1009.725	NA	2.147	121.42799061767
1986	7	27.988	1009.688	NA	1.126	167.151059001513
1986	8	27.946	1005.221	NA	0.354	234.12776096823
1986	9	27.238	1008.847	NA	-0.384	170.789201877935
1986	10	26.094	1011.371	NA	-2.551	146.573373676248
1986	11	25.172	1011.496	NA	-2.367	8.52103205629397
1986	12	22.644	1010.459	NA	-6.802	2.42723146747353
1987	1	21.444	1013.044	NA	-5.297	0
1987	2	21.47	1013.788	NA	-3.889	10.8450125733445
1987	3	23.429	1014.417	NA	0.43	23.4651285930408
1987	4	25.067	1012.975	NA	0.055	53.7295543393276
1987	5	27.097	1012.419	NA	1.489	101.763540090772
1987	6	27.982	1011.303	NA	2.488	195.153166536357
1987	7	28.23	1010.917	NA	2.816	143.711573373676
1987	8	28.121	1010.509	NA	1.079	182.65915279879
1987	9	27.249	1008.66	NA	-2.135	346.490148553558
1987	10	26.866	1010.692	NA	-2.329	98.2538577912256
1987	11	25.912	1010.96	NA	-3.094	60.986082877248
1987	12	23.199	1012.311	NA	-5.633	1.40491679273828
1988	1	23.387	1012.253	NA	-3.064	0.493116490166415
1988	2	22.941	1012.682	NA	-2.727	21.0575242718447
1988	3	24.179	1012.244	NA	-0.466	20.2502269288956
1988	4	24.776	1012.357	NA	-0.957	89.1961688819391
1988	5	27.307	1011.298	NA	1.893	187.480484114978
1988	6	28.246	1011.433	NA	3.953	225.018764659891
1988	7	28.525	1009.96	NA	1.382	144.658547655068
1988	8	28.191	1011.355	NA	2.454	125.206510219531
1988	9	28.103	1009.023	NA	0.102	173.188193901486
1988	10	26.531	1009.086	NA	-2.588	179.257942511347
1988	11	23.865	1010.581	NA	-6.48	1.03932759968726
1988	12	21.948	1010.84	NA	-8.501	0.000226928895612708
1989	1	22.289	1010.859	NA	-5.4	3.05151285930409
1989	2	21.778	1011.496	NA	-4.976	0.983738474434199
1989	3	22.252	1010.885	NA	-3.741	52.7845688350984
1989	4	24.932	1009.486	NA	-0.4	48.512744331509
1989	5	26.729	1011.381	NA	1.496	200.095688350984
1989	6	27.782	1011.078	NA	1.853	133.982251759187
1989	7	28.301	1010.008	NA	1.885	191.892889561271
1989	8	27.95	1008.529	NA	1.714	231.564599092285
1989	9	27.503	1009.55	NA	1.902	157.303909304144
1989	10	26.065	1008.791	NA	-4.568	118.716036308623
1989	11	24.188	1009.534	NA	-6.087	7.54691164972635
1989	12	22.041	1010.857	NA	-6.151	0
1990	1	21.728	1011.43	NA	-3.746	9.6161119515885
1990	2	22.585	1014.507	NA	-1.729	33.041743503772
1990	3	22.651	1012.87	NA	-2.297	81.1434190620272
1990	4	24.594	1011.596	NA	0.031	49.3104769351056
1990	5	26.591	1010.813	NA	1.298	183.963993948563
1990	6	27.817	1010.371	NA	3.673	174.045269741986
1990	7	28.062	1008.482	NA	1.388	212.854084720121
1990	8	28.081	1008.357	NA	2.905	204.107791225416
1990	9	26.938	1009.725	NA	-0.204	251.612275215012
1990	10	25.911	1010.05	NA	-3.823	169.284190620273
1990	11	25.098	1009.314	NA	-4.97	32.6136825645035
1990	12	22.796	1011.188	NA	-5.776	0
1991	1	21.984	1012.776	NA	-3.67	0.885022692889561
1991	2	21.593	1013.388	NA	-3.492	3.48309012875536
1991	3	23.735	1012.534	NA	-0.978	21.3723903177004
1991	4	24.97	1011.888	NA	-0.264	31.6172770700637
1991	5	26.313	1011.27	NA	0.255	146.447428139183
1991	6	28.085	1010.697	NA	3.371	158.085222830337
1991	7	28.3	1010.529	NA	2.857	137.454462934947
1991	8	27.915	1006.925	NA	0	275.220953101362
1991	9	27.504	1009.179	NA	0.987	306.475215011728
1991	10	25.608	1008.848	NA	-4.274	131.153101361574
1991	11	23.973	1010.128	NA	-6.107	0.000938232994526974
1991	12	22.602	1012.387	NA	-5.085	4.25060514372163
1992	1	21.441	1013.915	NA	-3.666	17.3031013615734
1992	2	21.465	1014.254	NA	-2.217	13.2924757281553
1992	3	23.579	1015.428	NA	1.263	2.75559757942511
1992	4	24.847	1012.65	NA	1.099	21.0168881939015
1992	5	26.177	1011.43	NA	1.243	122.298789712557
1992	6	27.568	1010.877	NA	3.673	222.091946833464
1992	7	27.894	1011.253	NA	1.771	187.995612708019
1992	8	28.115	1008.696	NA	1.713	256.418759455371
1992	9	27.268	1007.744	NA	0.14	191.159343236904
1992	10	25.813	1008.469	NA	-5.527	100.007564296521
1992	11	23.323	1009.58	NA	-7.22	0.212040656763096
1992	12	22.631	1013.387	NA	-3.793	12.7633888048412
1993	1	21.267	1013.058	NA	-4.487	1.51838124054463
1993	2	21.102	1013.547	NA	-3.519	4.74970662196144
1993	3	22.446	1012.851	NA	-2.036	42.8596066565809
1993	4	24.376	1012.608	NA	-0.015	92.1785770132917
1993	5	26.594	1011.874	NA	1.52	158.0276096823
1993	6	28.084	1011.468	NA	3.795	177.55027365129
1993	7	28.484	1010.185	NA	2.667	182.367104247105
1993	8	27.947	1009.603	NA	0.411	145.157374517375
1993	9	27.274	1010.106	NA	-0.017	216.328381548084
1993	10	26.02	1009.924	NA	-3.793	71.8627080181544
1993	11	25.276	1010.627	NA	-3.654	0.685613760750587
1993	12	23.116	1011.102	NA	-6.409	5.49706563706564
1994	1	22.157	1011.412	NA	-3.843	0.0408472012102874
1994	2	22.1	1011.59	NA	-2.254	36.3995808885163
1994	3	22.156	1012.817	NA	-3.276	71.5064296520424
1994	4	25.251	1011.405	NA	0.124	49.0517591868648
1994	5	26.775	1010.876	NA	1.218	202.490468986385
1994	6	28.027	1010.58	NA	3.206	213.945738858484
1994	7	28.152	1008.037	NA	1.417	86.2663388804843
1994	8	27.598	1008.94	NA	1.713	245.282450832073
1994	9	26.866	1007.841	NA	-3.627	211.081548084441
1994	10	25.668	1009.342	NA	-4.099	63.4268532526476
1994	11	24.462	1011.29	NA	-4.577	0.92556684910086
1994	12	23.689	1012.294	NA	-3.985	1.91096822995461
1995	1	21.704	1013.267	NA	-4.402	1.38086232980333
1995	2	21.058	1013.246	NA	-3.764	12.4232187761945
1995	3	22.4	1012.959	NA	-1.346	32.8096066565809
1995	4	24.818	1012.449	NA	0.533	54.5458170445661
1995	5	26.174	1011.567	NA	1.141	168.765204236006
1995	6	27.889	1011.768	NA	5.076	149.0570758405
1995	7	28.352	1010.733	NA	3.307	257.619667170953
1995	8	28.06	1010.365	NA	1.652	186.588880484115
1995	9	27.728	1010.084	NA	-0.048	229.307896794371
1995	10	27.015	1009.145	NA	-3.389	100.915506807867
1995	11	24.946	1010.675	NA	-4.558	16.7927286942924
1995	12	22.616	1011.819	NA	-7.099	0.230105900151286
1996	1	21.978	1011.439	NA	-4.392	1.87488653555219
1996	2	21.181	1011.656	NA	-5.37	10.2932038834951
1996	3	23.132	1012.23	NA	-0.801	31.0454614220878
1996	4	23.633	1011.162	NA	-2.402	115.768334636435
1996	5	25.599	1011.531	NA	0.378	147.619288956127
1996	6	27.906	1011.638	NA	2.899	162.048318999218
1996	7	28.669	1009.248	NA	2.236	115.929803328291
1996	8	27.579	1010.033	NA	1.599	176.78124054463
1996	9	27.651	1007.986	NA	-0.35	356.599609069586
1996	10	26.639	1010.134	NA	-1.72	135.935239567234
1996	11	25.603	1008.958	NA	-4.399	90.2973621103118
1996	12	22.522	1008.16	NA	-6.214	0.0004739336492891
1997	1	21.497	1011.268	NA	-4.395	0.826970633693972
1997	2	21.741	1011.417	NA	-3.637	14.0665549036044
1997	3	22.999	1012.461	NA	-1.716	46.9656580937973
1997	4	24.729	1011.439	NA	-1.068	87.37200938233
1997	5	26.655	1010.652	NA	2.383	155.017170953102
1997	6	27.218	1010.798	NA	1.752	143.268647380766
1997	7	27.851	1009.12	NA	0.534	232.227912254161
1997	8	27.844	1007.931	NA	0.902	199.364750378215
1997	9	27.155	1009.616	NA	-1.962	152.514229867084
1997	10	26.665	1011.831	NA	-2.975	98.8524962178518
1997	11	25.254	1012.763	NA	-3.193	3.12619233776388
1997	12	23.788	1012.688	NA	-4.396	0.000226928895612708
1998	1	23.021	1014.667	NA	-1.26	0.901815431164902
1998	2	23.32	1015.786	NA	-0.257	23.5626990779547
1998	3	24.023	1014.933	NA	0.519	20.717019667171
1998	4	25.674	1014.707	NA	2.18	57.4334636434715
1998	5	27.239	1012.969	NA	3.045	145.219288956127
1998	6	28.222	1012.142	NA	4.512	146.626817826427
1998	7	28.779	1010.889	NA	3.925	140.495990922844
1998	8	28.874	1011.004	NA	1.769	214.333661119516
1998	9	28.197	1009.982	NA	1.17	194.867625899281
1998	10	27.476	1011.061	NA	1.158	85.7357791225416
1998	11	26.427	1010.899	NA	-2.003	60.4232613908873
1998	12	24.689	1011.097	NA	-4.774	1.66452344931921
1999	1	23.194	1010.793	NA	-4.198	2.40499243570348
1999	2	22.146	1011.39	NA	-5.907	2.16085498742666
1999	3	24.492	1010.349	NA	-0.301	70.2982602118003
1999	4	25.107	1010.979	NA	-1.976	159.291321344801
1999	5	26.242	1011.412	NA	1.236	211.840166414524
1999	6	27.648	1011.649	NA	3.866	165.62744331509
1999	7	28.011	1009.852	NA	3.171	180.618381240545
1999	8	27.691	1011.021	NA	2.911	111.524432677761
1999	9	27.596	1010.881	NA	1.911	227.134949179046
1999	10	27.124	1011.009	NA	-1.574	126.152723146748
1999	11	25.383	1009.036	NA	-5.277	40.6449569976544
1999	12	23.407	1011.419	NA	-5.552	0.317473524962178
2000	1	22.524	1010.834	NA	-4.767	5.71738794435858
2000	2	22.103	1011.304	NA	-3.119	33.7349514563107
2000	3	23.526	1011.811	NA	-1.585	12.3063540090772
2000	4	25.243	1011.398	NA	0.233	159.628381548085
2000	5	26.138	1010.279	NA	-0.283	251.139031770046
2000	6	28.046	1010.958	NA	3.528	238.10242376857
2000	7	27.881	1009.812	NA	3.643	207.094856278367
2000	8	27.91	1009.143	NA	1.578	286.732148260212
2000	9	27.086	1009.421	NA	-0.41	175.351993745113
2000	10	27.203	1009.951	NA	-0.388	96.9721633888049
2000	11	26.158	1010.158	NA	-2.743	1.52086330935252
2000	12	24.543	1010.477	NA	-4.686	0.000231839258114374
2001	1	22.939	1011.614	NA	-3.921	10.8984871406959
2001	2	23.021	1010.742	NA	-3.742	4.49522212908634
2001	3	23.513	1011.828	NA	-2.01	74.0659606656581
2001	4	25.31	1011.727	NA	-0.498	38.9111024237686
2001	5	27.151	1011.182	NA	2.287	134.193494704993
2001	6	28.29	1009.512	NA	2.836	243.829632525411
2001	7	28.146	1009.094	NA	1.443	160.944099848714
2001	8	28.301	1006.611	NA	-0.392	294.412102874433
2001	9	27.817	1009.376	NA	3.052	255.631196247068
2001	10	26.513	1009.4	NA	-3.323	162.459613899614
2001	11	24.732	1009.843	NA	-6.797	38.0046325878594
2001	12	22.991	1011.94	NA	-5.33	0.829676400947119
2002	1	21.787	1012.804	NA	-4.077	1.52577399380805
2002	2	21.658	1012.709	NA	-3.754	12.1147512864494
2002	3	23.345	1012.261	NA	-1.872	29.6637770897833
2002	4	25.218	1011.272	NA	0.005	76.21008
2002	5	26.777	1010.379	NA	0.676	113.4076625387
2002	6	27.97	1010.674	NA	3.11	170.32824
2002	7	27.866	1008.517	NA	2.13	179.683513931889
2002	8	27.762	1007.454	NA	0.522	296.535139318886
2002	9	27.423	1008.495	NA	-1.722	365.80464
2002	10	26.775	1008.914	NA	-2.013	75.2978190630048
2002	11	24.82	1010.565	NA	-5.087	20.6244983277592
2002	12	23.606	1012.093	NA	-2.898	17.0658319870759
2003	1	21.222	1012.769	NA	-5.349	0.192724458204334
2003	2	21.865	1012.825	NA	-2.772	24.8127416520211
2003	3	22.534	1012.743	NA	-2.373	59.0482198142415
2003	4	25.016	1011.463	NA	-0.421	63.50544
2003	5	26.515	1009.61	NA	0.325	146.72786377709
2003	6	27.325	1011.197	NA	3.33	154.384124386252
2003	7	28.426	1010.309	NA	1.457	136.57592879257
2003	8	28.104	1010.03	NA	1.548	218.226547987616
2003	9	27.474	1009.291	NA	-0.596	277.5996
2003	10	26.013	1008.808	NA	-5.396	54.7376582278481
2003	11	25.486	1010.028	NA	-4.131	0.159328968903437
2003	12	22.371	1011.016	NA	-6.656	0.000237341772151899
2004	1	21.479	1012.78	NA	-3.686	16.1118795768918
2004	2	21.816	1011.766	NA	-3.952	33.3440577249575
2004	3	22.87	1011.352	NA	-2.788	20.489512195122
2004	4	24.586	1010.365	NA	-1.793	60.966773418735
2004	5	26.724	1011.52	NA	2.099	133.948024786987
2004	6	27.185	1007.916	NA	1.035	223.932605042017
2004	7	27.641	1010.066	NA	2.208	261.343379366369
2004	8	27.836	1006.971	NA	0.775	193.764213787762
2004	9	27.011	1010.112	NA	0.58	148.734836065574
2004	10	25.427	1008.623	NA	-5.515	6.95195121951219
2004	11	24.691	1009.578	NA	-5.083	5.09546218487395
2004	12	23.244	1010.284	NA	-4.694	1.6163469557965
2005	1	21.478	1010.702	NA	-4.316	0.0577981651376147
2005	2	22.298	1013.69	NA	-1.548	1.73198594024605
2005	3	22.124	1013.008	NA	-3.553	23.7320681642138
2005	4	24.467	1011.808	NA	-0.975	71.9065652522017
2005	5	26.862	1010.79	NA	2.368	145.503018575852
2005	6	27.719	1011.048	NA	3.978	136.579918032787
2005	7	28.124	1009.836	NA	1.69	183.692182662539
2005	8	27.816	1009.472	NA	1.715	186.589107413011
2005	9	27.393	1009.292	NA	-1.364	246.84384
2005	10	26.466	1010.742	NA	-2.981	67.6802380952382
2005	11	25.349	1010.829	NA	-3.237	66.3622641509434
2005	12	22.221	1011.561	NA	-5.591	2.1420604182804
2006	1	22.26	1011.58	NA	-2.402	0
2006	2	21.949	1012.734	NA	-3.383	7.76253298153034
2006	3	22.781	1011.472	NA	-1.576	50.8344995931652
2006	4	25.063	1011.6	NA	0.817	95.4159967186219
2006	5	26.707	1011.638	NA	1.987	134.306904761905
2006	6	27.962	1011.211	NA	3.779	106.839151321057
2006	7	27.944	1010.458	NA	2.632	198.526103795507
2006	8	27.741	1007.899	NA	0.737	247.820476190476
2006	9	27.49	1008.941	NA	0.696	203.025430680886
2006	10	26.301	1008.92	NA	-4.985	200.078763222132
2006	11	25.691	1011.583	NA	-1.715	13.4756896551724
2006	12	23.838	1011.901	NA	-5.466	0.208173477898249
2007	1	22.494	1013.216	NA	-5.133	2.24377542717657
2007	2	22.54	1012.161	NA	-2.921	12.5375112714157
2007	3	23.509	1011.761	NA	-0.885	33.5453213995118
2007	4	24.595	1011.74	NA	-0.666	66.9804643714972
2007	5	26.444	1011.43	NA	0.889	242.057214345288
2007	6	28.108	1009.905	NA	2.978	111.42781512605
2007	7	28.522	1009.559	NA	2.477	125.64670558799
2007	8	28.037	1009.558	NA	2.672	269.919432860718
2007	9	27.482	1009.047	NA	1.56	253.579915966387
2007	10	26.511	1009.681	NA	-2.827	207.920547945206
2007	11	24.941	1008.881	NA	-5.116	7.82362831858407
2007	12	23.688	1010.806	NA	-4.842	0.0105540897097625
2008	1	22.806	1011.539	NA	-4.555	NA
2008	2	21.481	1011.727	NA	-5.598	NA
2008	3	22.894	1011.853	NA	-2.544	NA
2008	4	25.161	1011.01	NA	-0.504	NA
2008	5	26.279	1011.081	NA	0.607	NA
2008	6	27.572	1011.274	NA	3.11	NA
2008	7	27.882	1010.069	NA	2.216	NA
2008	8	27.665	1010.406	NA	1.989	NA
2008	9	27.746	1010.542	NA	2.708	NA
2008	10	27.032	1011.394	NA	-2.03	NA
2008	11	25.662	1011.644	NA	-3.599	NA
2008	12	23.113	1010.688	NA	-7.126	NA
2009	1	21.275	1011.99	NA	-6.778	NA
2009	2	22.972	1012.035	NA	-2.051	NA
2009	3	23.645	1011.994	NA	-1.589	NA
2009	4	24.485	1011.486	NA	-1.245	NA
2009	5	25.686	1010.319	NA	-1.287	NA
2009	6	27.216	1010.927	NA	3.934	NA
2009	7	28.01	1008.701	NA	2.059	NA
2009	8	28.068	1008.177	NA	0.99	NA
2009	9	27.758	1007.754	NA	-1.609	NA
2009	10	26.48	1009.809	NA	-0.996	NA
2009	11	24.722	1009.579	NA	-4.891	NA
2009	12	22.324	1010.51	NA	-6.14	NA
2010	1	21.75	1013.051	NA	-4.47	NA
2010	2	22.88	1014.097	NA	-1.186	NA
2010	3	23.593	1013.536	NA	-2.456	NA
2010	4	24.785	1013.715	NA	-0.01	NA
2010	5	26.66	1011.144	NA	2.112	NA
2010	6	27.564	1011.704	NA	3.197	NA
2010	7	28.442	1011.79	NA	3.837	NA
2010	8	28.189	1011.111	NA	2.46	NA
2010	9	27.744	1011.127	NA	1.484	NA
2010	10	26.917	1010.082	NA	-0.988	NA
2010	11	24.816	1010.941	NA	-3.638	NA
2010	12	23.253	1008.708	NA	-5.264	NA
2011	1	20.906	1010.411	NA	-6.415	NA
2011	2	21.873	1010.801	NA	-3.642	NA
2011	3	21.702	1010.857	NA	-5.284	NA
2011	4	23.593	1010.607	NA	-2.194	NA
2011	5	26.421	1011.191	NA	2.569	NA
2011	6	27.777	1010.953	NA	4.18	NA
2011	7	27.581	1008.982	NA	1.66	NA
2011	8	27.72	1008.766	NA	1.247	NA
2011	9	27.256	1009.683	NA	-1.239	NA
2011	10	26.439	1010.902	NA	-1.874	NA
2011	11	25.824	1010.726	NA	-1.845	NA
2011	12	23.148	1010.886	NA	-5.761	NA
2012	1	22.27	1011.735	NA	-3.722	NA
2012	2	22.394	1011.648	NA	-3.096	NA
2012	3	23.672	1011.58	NA	-1.953	NA
2012	4	25.045	1012.025	NA	0.901	NA
2012	5	26.939	1009.762	NA	0.472	NA
2012	6	27.739	1010.489	NA	4.748	NA
2012	7	27.867	1009.033	NA	2.945	NA
2012	8	27.533	1009.278	NA	3.974	NA
2012	9	27.06	1009.424	NA	-0.114	NA
2012	10	25.473	1009.308	NA	-4.99	NA
2012	11	24.67	1011.062	NA	-2.38	NA
2012	12	23.079	1011.435	NA	-3.8	NA
2013	1	21.98	1012.41	NA	-4.344	NA
2013	2	22.773	1012.778	NA	-2.876	NA
2013	3	23.678	1012.242	NA	-1.184	NA
2013	4	24.807	1011.574	NA	-0.339	NA
2013	5	26.771	1011.215	NA	1.14	NA
2013	6	28.247	1010.521	NA	3.498	NA
2013	7	27.946	1009.869	NA	1.912	NA
2013	8	28.086	1010.296	NA	3.124	NA
2013	9	27.354	1007.372	NA	-1.004	NA
2013	10	26.007	1007.971	NA	-4.914	NA
2013	11	24.573	1011.289	NA	-3.506	NA
2013	12	22.69	1010.942	NA	-4.282	NA
2014	1	21.235	1010.657	NA	-6.348	NA
2014	2	21.578	1010.791	NA	-3.449	NA
2014	3	22.436	1011.857	NA	-2.698	NA
2014	4	24.466	1010.559	NA	-1.879	NA
2014	5	26.888	1011.622	NA	1.137	NA
2014	6	28.348	1009.411	NA	4.168	NA
2014	7	28.324	1009.231	NA	2.822	NA
2014	8	27.729	1010.162	NA	2.088	NA
2014	9	28.021	1008.543	NA	0.721	NA
2014	10	NA	NA	NA	NA	NA
2014	11	NA	NA	NA	NA	NA
2014	12	NA	NA	NA	NA	NA
