1948	1	18.468	1012.135	0.759	-1.866
1948	2	22.064	1011.747	1.102	-1.948
1948	3	25.276	1010.315	3.297	-0.117
1948	4	27.675	1009.661	2.181	0.129
1948	5	24.182	1008.76	2.586	0.758
1948	6	22.706	1007.855	2.693	1.104
1948	7	21.576	1008.199	3.929	-0.019
1948	8	21.554	1007.655	3.25	1.036
1948	9	21.141	1008.677	1.998	-0.037
1948	10	18.934	1009.581	1.609	0.114
1948	11	18.035	1011.99	0.592	-0.034
1948	12	18.99	1011.834	0.258	-0.855
1949	1	16.367	1013.493	-2.418	-3.185
1949	2	22.91	1011.173	0.601	-2.487
1949	3	26.873	1011.138	-1.03	-1.598
1949	4	27.197	1010.677	1.705	-0.897
1949	5	23.124	1009.47	1.416	-0.902
1949	6	21.759	1009.317	-1.401	-0.784
1949	7	21.38	1009.314	-2.341	-0.251
1949	8	21.202	1009.395	-1.67	-0.453
1949	9	21.379	1009.406	-2.756	-0.251
1949	10	19.804	1009.743	1.031	-0.502
1949	11	18.042	1010.579	1.719	-1.368
1949	12	16.949	1009.633	0.5	-1.552
1950	1	18.597	1010.418	0.309	-2.534
1950	2	22.514	1010.505	-0.188	-1.787
1950	3	26.808	1009.945	1.179	-2.024
1950	4	28.605	1008.7	1.382	-0.513
1950	5	25.176	1008.589	0.855	-0.927
1950	6	21.837	1007.842	0.414	-0.564
1950	7	21.589	1008.635	-0.775	0.387
1950	8	21.503	1009.188	-0.953	0.387
1950	9	21.305	1009.409	1.235	0.068
1950	10	20.092	1009.985	2.879	-0.168
1950	11	17.658	1009.34	4.56	-0.677
1950	12	14.165	1011.894	1.228	-1.082
1951	1	17.206	1011.876	-1.375	-1.88
1951	2	22.868	1010.399	1.299	-0.891
1951	3	26.746	1011.174	-2.469	-1.638
1951	4	29.445	1010.176	1.156	-0.16
1951	5	25.336	1010.092	-0.507	-0.059
1951	6	21.738	1009.278	-0.072	0.262
1951	7	21.396	1009.77	0.086	-0.128
1951	8	21.535	1009.727	1.458	0.307
1951	9	21.528	1010.529	-1.231	0.316
1951	10	20.342	1011.099	-2.079	-0.317
1951	11	18.488	1011.036	-0.683	-1.173
1951	12	16.206	1011.94	-1.088	-1.428
1952	1	19.666	1012.495	-0.279	-2.71
1952	2	23.887	1011.025	0.299	-1.694
1952	3	25.908	1010.339	-0.288	-1.343
1952	4	25.987	1010.678	-0.232	-0.988
1952	5	24.868	1009.249	0.134	-0.829
1952	6	22.104	1008.908	-1.937	-0.322
1952	7	21.467	1009.225	-0.115	-0.003
1952	8	21.656	1008.816	-0.665	0.768
1952	9	21.35	1009.961	-0.399	0.501
1952	10	20.862	1009.958	3.5	0.987
1952	11	19.029	1010.659	4.068	-0.194
1952	12	14.617	1013.278	-1.03	-0.688
1953	1	17.664	1012.327	0.934	-1.923
1953	2	21.357	1012.801	-1.827	-2.037
1953	3	26.256	1010.914	1.368	-0.637
1953	4	26.318	1010.259	0.753	-0.929
1953	5	22.399	1010.073	-1.99	-0.818
1953	6	22.332	1008.953	-2.536	-0.61
1953	7	21.736	1009.731	-3.096	-0.624
1953	8	21.495	1008.964	-3.054	-0.736
1953	9	21.563	1009.917	-1.445	-0.675
1953	10	21.031	1010.977	-0.837	-0.555
1953	11	18.276	1011.211	2.745	-1.403
1953	12	15.985	1011.69	-0.032	-2.04
1954	1	20.42	1009.823	2.321	-1.511
1954	2	22.532	1010.929	3.34	-3.465
1954	3	23.302	1010.192	2.565	-2.375
1954	4	27.379	1008.691	3.776	-1.121
1954	5	22.488	1007.941	0.232	-0.762
1954	6	21.89	1008.109	2.38	-0.47
1954	7	21.621	1007.774	0.864	-0.059
1954	8	21.549	1007.571	3.213	-0.328
1954	9	21.278	1008.106	1.767	-0.058
1954	10	20.598	1010.057	2.877	-0.399
1954	11	19.734	1010.431	3.275	-0.557
1954	12	17.495	1010.681	3.299	-0.34
1955	1	16.235	1012.988	-0.352	-2.235
1955	2	22.319	1009.161	2.213	-0.632
1955	3	23.594	1009.931	2.64	-0.85
1955	4	23.858	1008.617	3.976	0.232
1955	5	22.787	1007.458	3.512	-0.096
1955	6	21.587	1007.744	2.572	-0.192
1955	7	21.47	1008.237	2.489	0.539
1955	8	21.496	1008.114	2.483	0.106
1955	9	21.479	1008.557	-0.336	0.051
1955	10	20.386	1008.925	2.798	-0.427
1955	11	17.445	1008.684	5.651	0.2
1955	12	16.389	1010.875	1.693	-0.008
1956	1	18.153	1010.017	-0.478	-0.872
1956	2	22.211	1009.636	1.277	-2.104
1956	3	24.814	1009.861	3.229	-1.036
1956	4	24.221	1007.876	3.826	-0.336
1956	5	21.635	1007.594	1.062	-0.077
1956	6	21.675	1008.229	1.26	-0.131
1956	7	21.309	1008.171	1.789	0.166
1956	8	21.532	1007.663	2.685	0.382
1956	9	21.606	1007.888	1.348	0.711
1956	10	20.181	1009.76	3.499	0.309
1956	11	17.725	1010.493	3.518	-0.564
1956	12	18.199	1010.94	2.908	-1.475
1957	1	20.274	1011.159	2.986	-1.912
1957	2	20.432	1011.452	0.955	-1.556
1957	3	22.5	1010.683	2.89	-1.26
1957	4	23.361	1009.838	3.035	-0.836
1957	5	22.493	1009.096	4.506	-0.441
1957	6	22.464	1007.903	1.641	0.924
1957	7	22.063	1007.574	3.56	0.604
1957	8	22.147	1007.472	2.978	0.765
1957	9	21.95	1008.909	3.192	0.363
1957	10	19.953	1010.098	1.554	-0.049
1957	11	19.444	1011.505	1.399	0.265
1957	12	19.941	1010.721	3.706	-0.234
1958	1	19.118	1012.831	1.712	-2.674
1958	2	20.388	1011.959	1.004	-0.668
1958	3	24.516	1010.445	2.946	-1.971
1958	4	23.806	1009.46	3.113	-1.633
1958	5	23.296	1007.908	4.784	-1.185
1958	6	23.004	1007.557	0.967	-0.708
1958	7	22.387	1007.906	0.495	0.115
1958	8	22.238	1007.945	2.399	0.033
1958	9	21.965	1008.26	2.228	-0.33
1958	10	20.248	1009.288	4.929	-0.641
1958	11	18.368	1010.762	3.878	0.108
1958	12	17.351	1012.153	3.365	-1.348
1959	1	18.832	1012.676	1.468	-2.433
1959	2	21.086	1011.486	2.033	-2.151
1959	3	21.926	1010.834	2.755	-0.763
1959	4	24.214	1009.098	3.408	-0.191
1959	5	22.71	1007.709	2.089	-0.175
1959	6	22.653	1008.052	1.498	-0.428
1959	7	22.381	1008.247	0.673	0.815
1959	8	22.067	1007.418	1.11	-0.047
1959	9	21.617	1008.54	-0.579	0.539
1959	10	20.663	1010.059	2.734	-0.257
1959	11	20.257	1009.581	4.803	-0.856
1959	12	20.342	1010.537	1.494	-0.304
1960	1	18.969	1011.686	1.962	-1.971
1960	2	21.064	1011.496	2.331	-2.028
1960	3	24.508	1009.865	2.798	-0.673
1960	4	24.547	1008.739	3.432	-0.533
1960	5	23.44	1007.888	2.289	-0.419
1960	6	22.682	1007.738	1.405	-0.288
1960	7	22.235	1008.25	2.059	0.087
1960	8	22.402	1007.48	2.563	-0.066
1960	9	22.115	1008.217	2.919	0.223
1960	10	20.921	1009.596	2.833	-0.265
1960	11	20.84	1010.106	4.385	-0.194
1960	12	18.422	1011.418	2.598	-0.846
1961	1	18.383	1012.559	1.825	-2.287
1961	2	20.711	1009.824	4.803	-1.449
1961	3	23.079	1010.991	1.711	-2.575
1961	4	23.694	1008.647	2.521	-0.092
1961	5	22.46	1007.74	1.431	-0.4
1961	6	21.813	1007.989	0.482	0.266
1961	7	21.911	1008.088	-2.585	-0.217
1961	8	21.894	1008.191	-1.876	0.085
1961	9	21.684	1008.836	-3.485	-0.004
1961	10	20.715	1009.748	-1.83	-0.581
1961	11	19.006	1010.534	0.77	-0.053
1961	12	18.551	1010.019	3.081	-1.375
1962	1	16.976	1010.762	2.05	-0.919
1962	2	20.537	1012.195	0.459	-2.404
1962	3	22.745	1010.027	1.841	-0.676
1962	4	23.522	1009.244	-0.088	0.377
1962	5	22.668	1007.572	2.999	-0.736
1962	6	22.272	1007.944	0.467	-0.913
1962	7	22.375	1007.144	0.949	0.201
1962	8	22.031	1008.885	0.17	-0.084
1962	9	21.83	1008.063	0.874	-0.068
1962	10	20.531	1009.114	3.468	-0.793
1962	11	19.589	1009.965	0.753	-0.176
1962	12	17.77	1011.447	1.107	-1.163
1963	1	16.575	1011.823	-0.265	-1.672
1963	2	20.18	1012.519	0.064	-1.397
1963	3	22.899	1010.811	1.633	-1.118
1963	4	23.076	1009.443	-0.115	-0.994
1963	5	22.546	1007.671	1.684	-0.629
1963	6	22.294	1008.47	-0.829	-0.635
1963	7	22.091	1008.044	-1.232	-0.094
1963	8	22.218	1007.981	-1.772	0.213
1963	9	22.089	1008.739	-0.787	-0.059
1963	10	20.705	1010.726	0.345	0.228
1963	11	20.005	1010.434	0.752	0.784
1963	12	17.275	1011.639	1.262	-0.414
1964	1	19.612	1011.374	1.512	-2.003
1964	2	20.83	1010.723	0.416	-2.296
1964	3	24.216	1010.551	-0.346	-0.739
1964	4	26.124	1008.22	1.867	0.054
1964	5	22.739	1007.13	3.959	0.455
1964	6	22.265	1007.544	0.827	0.355
1964	7	22.305	1008.058	0.787	0.338
1964	8	22.339	1007.286	-1.074	0.097
1964	9	22.533	1007.22	1.691	0.338
1964	10	21.899	1008.287	4.003	0.156
1964	11	18.346	1008.956	3.65	-0.473
1964	12	17.172	1011.099	0.868	-1.415
1965	1	18.589	1012.375	-1.227	-2.836
1965	2	21.672	1009.748	0.583	-1.825
1965	3	23.555	1010.515	1.542	-1.638
1965	4	24.885	1008.836	0.675	-0.868
1965	5	23.903	1007.717	5.668	-0.083
1965	6	22.643	1008.648	1.448	0.901
1965	7	22.453	1008.208	0.822	1.718
1965	8	22.868	1008.699	2.417	0.963
1965	9	22.751	1008.98	-0.132	0.698
1965	10	21.946	1009.914	-0.868	1.373
1965	11	19.809	1010.416	0.782	0.485
1965	12	19.813	1009.887	2.734	0.352
1966	1	19.784	1012.002	0.877	-3.543
1966	2	21.786	1010.603	-0.241	-1.178
1966	3	24.25	1009.012	1.758	-0.315
1966	4	24.708	1008.55	1.958	-0.501
1966	5	23.093	1007.976	0.888	0.449
1966	6	21.842	1008.989	-0.182	0.587
1966	7	22.126	1007.389	-0.468	0.754
1966	8	21.536	1008.178	2.543	0.819
1966	9	21.186	1009.078	0.499	0.655
1966	10	21.158	1009.484	2.371	0.716
1966	11	20.179	1009.322	2.272	0.776
1966	12	19.81	1009	3.027	-0.326
1967	1	16.912	1011.318	2.27	-1.327
1967	2	20.52	1011.119	0.782	-1.53
1967	3	23.909	1010.506	-0.4	-0.629
1967	4	23.639	1009.508	0.362	-0.909
1967	5	23.164	1008.038	1.061	0.195
1967	6	22.464	1007.209	-0.967	0.277
1967	7	22.393	1007.707	0.083	0.781
1967	8	22.301	1008.244	-1.122	1.12
1967	9	21.704	1009.317	-1.532	0.511
1967	10	20.316	1010.329	-1.628	-0.144
1967	11	19.484	1010.363	-0.032	-0.117
1967	12	17.14	1012.395	0.584	-2.559
1968	1	18.582	1011.301	0.547	-2.759
1968	2	19.421	1012.619	-1.406	-2.954
1968	3	24.857	1009.863	1.167	-1.331
1968	4	24.613	1010.173	0.696	-0.276
1968	5	23.096	1008.417	3.33	0.101
1968	6	22.44	1008.729	0.577	0.348
1968	7	22.608	1008.299	1.747	0.387
1968	8	22.45	1008.254	2.103	0.869
1968	9	22.239	1009.141	2.183	0.852
1968	10	20.656	1010.414	1.741	0.206
1968	11	20.279	1011.831	2.221	0.49
1968	12	20.78	1010.551	3.066	0.01
1969	1	19.778	1010.249	0.107	-2.308
1969	2	22.061	1011.279	0.229	-2.574
1969	3	25.167	1010.762	1.243	-0.669
1969	4	26.266	1010.236	2.485	-0.173
1969	5	24.585	1008.217	2.513	-0.385
1969	6	22.626	1008.448	3.017	0.185
1969	7	22.347	1008.755	2.087	0.712
1969	8	21.903	1009.465	0.759	0.494
1969	9	21.885	1008.456	2.452	0.976
1969	10	20.998	1009.944	0.587	0.482
1969	11	18.138	1010.701	2.194	0.113
1969	12	17.466	1012.047	2.983	-0.942
1970	1	18.983	1012.331	1.185	-2.536
1970	2	21.527	1012.282	-1.752	-2.595
1970	3	24.888	1009.874	1.184	-2.907
1970	4	23.958	1009.795	1.615	-1.144
1970	5	23.207	1008.09	0.545	0.245
1970	6	22.654	1008.233	3.95	0.118
1970	7	22.058	1008.801	1.078	0.159
1970	8	22.004	1007.862	2.598	0.481
1970	9	21.853	1007.814	1.86	0.518
1970	10	20.345	1008.205	4.086	-0.05
1970	11	18.86	1009.654	5.805	0.331
1970	12	18.551	1009.944	4.291	-1.01
1971	1	17.064	1011.463	2.426	-0.855
1971	2	20.217	1010.056	-0.164	-0.669
1971	3	23.612	1010.815	2.454	-0.398
1971	4	24.406	1009.034	2.01	0.367
1971	5	22.559	1007.696	3.454	0.328
1971	6	22.082	1007.902	0.423	0.075
1971	7	21.658	1007.695	3.309	0.601
1971	8	21.417	1008.514	2.765	0.118
1971	9	21.602	1008.416	3.618	-0.121
1971	10	19.583	1009.611	4.705	0.472
1971	11	16.845	1010.767	3.06	0.068
1971	12	17.192	1010.774	5.671	-0.816
1972	1	17.544	1012.108	-0.052	-1.904
1972	2	21.387	1010.015	0.105	-0.191
1972	3	22.856	1011.257	1.166	-0.396
1972	4	23.072	1010.183	1.934	-0.035
1972	5	23.922	1008.66	1.846	-0.272
1972	6	22.397	1007.88	0.828	0.128
1972	7	22.345	1007.829	0.865	-0.087
1972	8	21.845	1008.974	2.278	1.113
1972	9	22.121	1009.237	-0.054	0.145
1972	10	21.417	1010.997	-1.841	-0.549
1972	11	19.942	1010.354	-0.104	-0.803
1972	12	18.483	1011.854	1.165	-0.407
1973	1	19.735	1012.05	0.003	-2.894
1973	2	23.329	1012.249	-1.031	-3.27
1973	3	24.079	1010.688	2.18	-1.715
1973	4	27.408	1008.71	3.894	-0.677
1973	5	22.626	1008.764	1.357	-0.002
1973	6	22.643	1007.931	1.197	-0.551
1973	7	22.22	1007.518	1.951	0.565
1973	8	22.029	1008.199	3.487	0.225
1973	9	22.002	1009.339	4.396	0.415
1973	10	20.458	1008.465	3.758	0.407
1973	11	17.873	1009.636	6.036	-0.177
1973	12	16.408	1011.204	3.965	-1.037
1974	1	17.542	1010.823	0.968	-1.469
1974	2	20.183	1010.486	1.982	-0.656
1974	3	23.26	1011.11	0.725	-0.314
1974	4	24.186	1008.996	3.685	0.006
1974	5	22.639	1008.441	2.071	-0.039
1974	6	21.943	1008.104	2.278	0.594
1974	7	21.6	1008.697	2.69	0.683
1974	8	22.021	1007.878	1.27	0.137
1974	9	21.701	1009.147	3.082	0.358
1974	10	20.873	1008.498	5.689	0.478
1974	11	19.068	1009.483	4.99	-0.521
1974	12	18.147	1010.342	1.422	-1.547
1975	1	18.723	1011.276	1.611	-2.978
1975	2	21.12	1011.308	1.545	-1.566
1975	3	25.062	1009.899	2.016	-0.91
1975	4	26.922	1008.271	4.023	-1.418
1975	5	23.09	1007.954	0.834	-0.352
1975	6	22.244	1007.727	1.508	0.245
1975	7	21.738	1008.74	1.383	0.158
1975	8	21.959	1007.477	2.722	0.296
1975	9	21.922	1008.541	2.777	0.152
1975	10	20.717	1008.169	5.867	0.466
1975	11	18.367	1010.511	3.267	-0.52
1975	12	14.504	1010.35	3.247	-0.365
1976	1	16.828	1012.181	0.438	-2.741
1976	2	20.338	1011.029	0.646	-0.885
1976	3	23.603	1009.974	1.701	-0.381
1976	4	24.906	1009.76	2.332	0.233
1976	5	21.912	1008.863	1.338	0.149
1976	6	22.003	1008.375	1.296	0.105
1976	7	22.046	1008.736	0.52	0.505
1976	8	21.65	1009.476	0.844	0.721
1976	9	21.98	1009.788	0.65	0.922
1976	10	20.882	1009.996	2.917	0.652
1976	11	17.705	1010.221	3.619	-0.189
1976	12	18.343	1011.343	2.062	-1.628
1977	1	18.14	1011.572	0.54	-2.737
1977	2	19.575	1012.62	-0.125	-1.939
1977	3	23.714	1012.779	1.15	-1.889
1977	4	22.777	1010.006	0.782	-0.788
1977	5	22.756	1009.215	2.277	-0.178
1977	6	22.859	1008.515	0.592	0.211
1977	7	22.459	1007.609	2.814	0.139
1977	8	22.506	1008.625	-0.334	0.312
1977	9	21.813	1009.05	0.724	0.534
1977	10	20.754	1011.437	-1.587	0.589
1977	11	17.505	1011.559	1.028	-0.346
1977	12	17.84	1012.337	0.329	-0.603
1978	1	17.599	1012.614	0.995	-1.809
1978	2	19.355	1013.684	-0.175	-3.554
1978	3	24.061	1010.468	0.192	-1.677
1978	4	24.657	1009.875	-0.45	-0.657
1978	5	22.658	1007.756	4.595	-0.346
1978	6	22.34	1008.05	0.199	0.392
1978	7	22.111	1007.92	3.033	0.618
1978	8	22.422	1007.896	0.633	0.408
1978	9	21.69	1008.883	1.873	0.221
1978	10	20.035	1009.66	1.826	-0.243
1978	11	18.99	1011.256	1.762	-0.267
1978	12	18.399	1012.251	0.721	-0.657
1979	1	19.259	1012.889	0.687	-3.008
1979	2	21	1011.242	0.523	-1.619
1979	3	24.587	1010.15	0.474	-1.587
1979	4	24.513	1009.196	2.961	-0.92
1979	5	23.309	1008.757	2.891	-0.59
1979	6	22.864	1008.454	0.148	-0.613
1979	7	22.849	1009.551	2.856	-0.313
1979	8	22.376	1008.482	1.625	0.573
1979	9	22.042	1009.576	4.331	-0.295
1979	10	20.15	1011.062	1.558	-0.072
1979	11	18.569	1010.435	3.77	-0.346
1979	12	17.814	1012.934	0.148	-0.146
1980	1	18.814	1011.601	-0.498	-0.399
1980	2	20.287	1011.957	-0.894	-1.48
1980	3	24.737	1010.979	0.203	-1.472
1980	4	24.234	1009.452	3.738	-0.251
1980	5	23.454	1008.784	2.464	-0.633
1980	6	22.649	1008.939	2.394	0.144
1980	7	22.309	1008.964	2.189	0.559
1980	8	22.416	1009.275	0.659	0.115
1980	9	21.916	1009.501	2.794	0.114
1980	10	20.725	1009.888	4.337	0.077
1980	11	19.854	1010.174	3.897	-0.389
1980	12	18.778	1010.964	3.803	-0.965
1981	1	18.335	1012.95	0.773	-1.853
1981	2	20.781	1011.706	1.244	-2.737
1981	3	22.871	1011.827	0.634	-1.674
1981	4	23.482	1010.112	2.483	-1.05
1981	5	22.226	1008.656	2.822	-0.603
1981	6	22.171	1008.695	2.405	-0.194
1981	7	22.005	1008.391	3.136	-0.119
1981	8	22.158	1008.628	0.356	0.176
1981	9	22.043	1009.098	2.375	-0.155
1981	10	20.629	1009.685	3.337	0.153
1981	11	18.764	1009.718	5.191	0.082
1981	12	15.588	1012.961	1.502	-0.971
1982	1	18.678	1012.784	-1.027	-1.511
1982	2	19.977	1011.59	-0.166	-2.461
1982	3	24.361	1010.533	2.837	-0.268
1982	4	22.712	1010.109	3.407	-0.359
1982	5	23.233	1009.114	1.017	-0.616
1982	6	22.301	1009.369	3.015	0.193
1982	7	22.14	1008.823	1.89	0.498
1982	8	21.906	1009.349	-0.675	0.013
1982	9	21.906	1010.33	-0.232	0.68
1982	10	21.268	1010.714	-1.242	0.75
1982	11	19.216	1010.689	-0.858	-0.783
1982	12	15.922	1012.085	-0.935	-2.89
1983	1	16.33	1013.555	-1.571	-5.427
1983	2	19.504	1012.841	-0.964	-5.047
1983	3	22.361	1011.828	0.499	-4.103
1983	4	26.068	1009.815	2.366	-2.529
1983	5	23.108	1009.206	2.752	-0.977
1983	6	22.708	1008.875	-0.327	0.161
1983	7	22.728	1008.887	1.124	0.354
1983	8	22.622	1009.092	0.803	0.782
1983	9	22.182	1009.554	-1.136	0.605
1983	10	20.808	1009.339	3.651	0.868
1983	11	17.188	1011.742	4.243	-0.639
1983	12	16.575	1012.268	1.259	-0.621
1984	1	18.01	1011.298	0.625	-0.668
1984	2	21.377	1010.211	1.379	-0.577
1984	3	23.779	1010.489	3.681	-2.203
1984	4	24.845	1008.8	3.725	-0.796
1984	5	22.22	1008.379	3.493	-0.659
1984	6	22.321	1007.747	1.704	0.325
1984	7	21.952	1008.326	4.258	0.655
1984	8	22.408	1007.928	4.404	0.318
1984	9	21.809	1009.46	5.134	1.013
1984	10	19.888	1010.258	4.043	-0.041
1984	11	19.15	1010.697	4.413	-0.171
1984	12	18.238	1010.162	2.695	-1.047
1985	1	19.673	1012.319	-0.065	-2.515
1985	2	20.339	1007.925	1.448	-1.001
1985	3	23.13	1010.48	1.461	-1.393
1985	4	22.547	1007.946	3.464	0.136
1985	5	22.422	1007.803	4.671	-0.017
1985	6	22.385	1008.381	4.094	-0.123
1985	7	21.875	1009.341	3.909	0.545
1985	8	22.166	1008.497	2.666	0.435
1985	9	21.637	1009.162	2.043	0.552
1985	10	20.42	1009.997	4.667	0.177
1985	11	19.114	1010.232	3.209	-0.496
1985	12	17.313	1011.417	1.762	-1.681
1986	1	17.497	1011.887	1.331	-1.803
1986	2	20.509	1011.716	-1.069	-2.68
1986	3	23.401	1010.233	2.097	-0.866
1986	4	23.527	1009.504	2.526	-0.569
1986	5	22.315	1008.522	3.259	-0.429
1986	6	22.284	1007.683	0.943	-0.105
1986	7	22.03	1009.244	3.263	0.775
1986	8	22.449	1007.907	2.767	0.399
1986	9	21.691	1009.891	2.348	0.172
1986	10	20.458	1010.765	4.201	-0.013
1986	11	18.718	1010.864	1.54	-0.082
1986	12	18.174	1012.699	0.154	-1.556
1987	1	19.106	1013.308	0.889	-3.072
1987	2	20.74	1013.78	-1.163	-3.446
1987	3	23.67	1011.289	-1.196	-2.152
1987	4	24.497	1010.645	0.326	-2.012
1987	5	23.621	1010.032	0.966	-1.357
1987	6	22.647	1008.707	3.7	-0.887
1987	7	22.256	1009.543	2.28	-0.392
1987	8	22.346	1009.441	0.265	0.919
1987	9	22.318	1009.934	-0.446	0.509
1987	10	21.374	1010.533	0.563	0.382
1987	11	19.983	1009.898	2.561	-0.039
1987	12	14.738	1012.753	2.239	-2.22
1988	1	19.855	1011.261	1.029	-1.334
1988	2	21.497	1011.099	-0.112	-2.436
1988	3	24.499	1009.088	3.21	-1.485
1988	4	23.434	1009.497	0.797	-1.374
1988	5	22.704	1008.414	6.308	-0.895
1988	6	22.303	1008.559	0.798	-0.49
1988	7	22.426	1008.533	0.372	0.211
1988	8	22.317	1009.049	0.566	-0.397
1988	9	22.027	1008.32	-0.493	0.39
1988	10	20.246	1008.435	3.181	0.266
1988	11	17.174	1010.233	5.606	-0.283
1988	12	17.651	1012.422	0.495	-1.018
1989	1	18.433	1010.367	0.996	-0.478
1989	2	21.069	1011.871	-1.103	-1.482
1989	3	22.559	1010.102	0.321	0.136
1989	4	26.195	1008.852	2.32	0.064
1989	5	22.918	1007.881	4.791	-0.288
1989	6	21.947	1009.063	1.923	-0.212
1989	7	22.229	1008.463	4.576	0.718
1989	8	22.33	1008.293	2.763	0.984
1989	9	22.259	1009.207	0.638	0.92
1989	10	20.573	1009.833	3.891	0.464
1989	11	18.573	1011.401	2.873	0.289
1989	12	17.282	1012.761	-1.285	-1.094
1990	1	19.208	1011.835	-1.052	-2.057
1990	2	20.145	1012.436	-1.3	-0.847
1990	3	21.67	1012.193	0.028	-0.752
1990	4	25.145	1008.967	2.616	0.255
1990	5	22.223	1008.099	2.461	0.32
1990	6	22.452	1008.222	2.81	0.22
1990	7	21.906	1008.836	1.828	0.667
1990	8	22.414	1008.743	3.647	1.053
1990	9	22.152	1009.439	1.164	0.897
1990	10	20.83	1009.901	2.257	0.879
1990	11	19.185	1010.464	1.81	0.414
1990	12	17.814	1012.124	-0.326	-0.317
1991	1	19.494	1011.757	-1.017	-1.781
1991	2	21	1012.098	-0.666	-2.529
1991	3	24.527	1010.584	0.45	-0.404
1991	4	24.267	1009.469	3.069	-0.114
1991	5	23.227	1009.218	-0.518	-0.519
1991	6	22.463	1008.948	1.369	0.41
1991	7	22.206	1008.567	-1.128	0.753
1991	8	22.231	1008.873	0.5	1.178
1991	9	22.283	1010.064	1.876	1.228
1991	10	20.391	1010.018	0.406	1.021
1991	11	18.319	1011.753	0.354	0.952
1991	12	18.083	1011.877	0.086	-1.336
1992	1	16.908	1014.227	-2.131	-3.033
1992	2	18.709	1012.168	-1.489	-3.997
1992	3	24.892	1011.38	0.027	-3.64
1992	4	27.019	1009.652	2.937	-2.084
1992	5	23.581	1008.575	3.588	-0.966
1992	6	22.594	1007.706	4.13	-0.204
1992	7	22.045	1009.202	2.067	0.579
1992	8	22.398	1008.475	2.844	0.461
1992	9	21.842	1009.037	4.151	1.298
1992	10	19.138	1009.621	4.19	1.323
1992	11	17.247	1011.474	2.582	1.227
1992	12	17.261	1012.594	0.476	-2.542
1993	1	17.288	1012.414	0.259	-1.827
1993	2	20.008	1012.823	0.356	-3.026
1993	3	22.947	1011.48	1.463	-1.111
1993	4	22.97	1010.158	2.539	-1.242
1993	5	22.207	1009.19	2.709	-1.352
1993	6	22.673	1008.717	2.934	-0.507
1993	7	22.538	1008.329	3.264	0.6
1993	8	22.133	1009.836	1.995	0.184
1993	9	22.088	1009.938	1.363	0.534
1993	10	19.887	1011.106	2.522	1.02
1993	11	19.183	1009.983	4.423	-0.838
1993	12	16.715	1011.22	3.872	-1.373
1994	1	20.053	1011.382	1.278	-2.644
1994	2	21.356	1010.259	1.909	-2.695
1994	3	21.106	1011.16	2.223	-2.433
1994	4	23.534	1009.163	2.101	-1.558
1994	5	22.865	1008.751	0.254	-0.502
1994	6	22.319	1007.972	0.921	-0.157
1994	7	22.141	1008.161	-1.405	-0.158
1994	8	22.165	1009.148	-1.923	0.227
1994	9	21.941	1009.973	-2.137	0.987
1994	10	19.752	1010.834	-2.776	2.099
1994	11	18.516	1011.264	0.099	1.2
1994	12	17.595	1011.782	1.036	-1.863
1995	1	18.316	1012.44	-0.44	-2.402
1995	2	19.246	1012.024	-0.489	-3.855
1995	3	23.7	1010.435	1.173	-3.057
1995	4	26.12	1009.212	1.75	-2.368
1995	5	23.59	1008.634	2.854	-0.483
1995	6	23.265	1007.973	3.022	-0.226
1995	7	22.49	1008.094	1.608	0.335
1995	8	22.804	1008.386	0.058	0.635
1995	9	22.345	1009.191	2.062	0.792
1995	10	21.337	1008.639	3.061	0.21
1995	11	18.524	1009.756	5.933	-0.167
1995	12	16.459	1011.855	1.479	-1.372
1996	1	18.297	1011.205	-0.569	-0.948
1996	2	18.948	1011.308	-0.213	-1.118
1996	3	24.413	1009.813	0.443	-0.997
1996	4	23.817	1008.866	3	-0.487
1996	5	23.05	1008.937	2.866	0.001
1996	6	22.435	1008.689	2.209	-0.02
1996	7	22.495	1008.277	3.613	0.721
1996	8	22.324	1008.889	4.923	0.62
1996	9	22.384	1007.582	4.528	0.032
1996	10	20.846	1009.144	5.656	0.393
1996	11	19.359	1009.082	4.098	0.544
1996	12	17.362	1010.83	3.54	-0.69
1997	1	17.779	1012.418	-1.148	-2.19
1997	2	19.999	1010.407	-0.029	-2.119
1997	3	23.87	1011.725	-0.882	-0.529
1997	4	23.064	1010.607	2.379	0.302
1997	5	24.127	1008.772	5.063	-0.124
1997	6	23.123	1009.32	0.624	-0.532
1997	7	22.702	1009.157	-0.726	0.145
1997	8	22.714	1009.484	-1.81	-0.032
1997	9	21.634	1011.166	-1.713	0.14
1997	10	21.436	1012.011	-3.156	-1.929
1997	11	19.787	1011.692	-4	-1.619
1997	12	19.32	1012.046	-1.976	-3.118
1998	1	20.074	1012.18	-0.862	-5.521
1998	2	21.981	1012.751	-1.74	-4.931
1998	3	24.603	1011.152	0.09	-4.54
1998	4	25.959	1010.142	0.761	-0.885
1998	5	24.747	1008.595	5.441	-1.063
1998	6	23.853	1008.439	3.135	-1.141
1998	7	22.988	1008.701	4.031	-0.584
1998	8	22.893	1009.33	1.541	-1.135
1998	9	22.671	1008.926	2.342	-0.338
1998	10	21.885	1008.884	3.26	-0.397
1998	11	19.935	1008.66	5.511	-0.399
1998	12	18.415	1010.154	3.877	-1.648
1999	1	19.435	1009.416	2.783	-0.726
1999	2	22.9	1011.697	0.555	-1.001
1999	3	25.168	1007.603	2.565	-0.324
1999	4	23.647	1008.11	5.464	-0.99
1999	5	21.96	1008.788	0.363	-1.379
1999	6	22.582	1008.604	0.493	-1.165
1999	7	22.788	1007.895	1.638	-1.268
1999	8	22.338	1009.293	-1.04	-0.81
1999	9	22.266	1009.048	-1.244	-0.24
1999	10	21.317	1009.278	2.012	-0.135
1999	11	19.932	1009.413	4.108	-0.247
1999	12	15.029	1010.168	2.371	-0.707
2000	1	19.146	1010.668	-1.205	-0.611
2000	2	20.489	1009.968	0.731	-0.961
2000	3	24.285	1009.341	3.744	-0.47
2000	4	24.347	1008.478	6.29	-0.685
2000	5	22.597	1008.274	2.156	-0.72
2000	6	22.555	1008.449	3.266	-1.456
2000	7	22.612	1007.479	3.52	-0.336
2000	8	22.784	1008.101	1.202	-0.162
2000	9	22.065	1009.313	0.397	0.818
2000	10	21.281	1008.394	3.876	-0.215
2000	11	19.342	1009.008	4.834	0.155
2000	12	19.319	1009.599	3.652	-2.004
2001	1	19.672	1009.914	1.499	-1.135
2001	2	21.733	1009.853	3.039	-2.124
2001	3	22.425	1009.419	3.182	-1.342
2001	4	26.425	1008.798	2.45	-1.526
2001	5	22.413	1008.361	2.333	-0.955
2001	6	22.487	1007.952	1.368	-0.853
2001	7	22.348	1008.026	2.958	0.006
2001	8	22.795	1008.053	1.248	-0.417
2001	9	22.341	1008.967	1.466	-0.029
2001	10	21.465	1009.309	4.797	-0.268
2001	11	17.551	1010.536	5.709	0.06
2001	12	18.344	1012.04	1.164	-3.171
2002	1	18.544	1012.269	-0.009	-2.126
2002	2	22.331	1013.011	-1.401	-2.248
2002	3	24.861	1010.585	-0.145	-1.186
2002	4	25.019	1009.014	2.719	-0.474
2002	5	22.443	1008.718	3.169	-1.176
2002	6	22.681	1008.463	2.511	-0.626
2002	7	22.668	1008.611	5.206	0.305
2002	8	22.276	1008.941	1.879	-0.354
2002	9	22.079	1010.019	-0.327	0.073
2002	10	21.016	1010.056	-1.687	0.39
2002	11	19.426	1010.468	1.317	-1.813
2002	12	19.148	1011.361	2.719	-3.446
2003	1	18.519	1012.812	0.517	-3.328
2003	2	21.86	1011.574	0.371	-3.569
2003	3	22.751	1010.711	1.243	-2.794
2003	4	26.749	1009.362	2.262	-1.943
2003	5	24.083	1008.183	2.549	-1.577
2003	6	22.609	1008.598	-1.56	-1.1
2003	7	23.061	1008.987	-1.238	-0.396
2003	8	22.871	1008.583	2.301	0.408
2003	9	22.667	1009.243	0.886	0.094
2003	10	21.473	1009.956	2.806	0.692
2003	11	20.914	1010.349	3.902	-0.304
2003	12	18.201	1011.831	2.798	-1.291
2004	1	19.7	1011.75	0.666	-3.009
2004	2	21.262	1011.703	1.006	-1.843
2004	3	25.885	1010.334	2.317	-2.049
2004	4	25.441	1009.448	1.982	-1.653
2004	5	23.049	1008.501	5.71	-0.11
2004	6	22.7	1009.017	2.484	-0.276
2004	7	22.43	1008.659	4.464	-0.272
2004	8	22.618	1008.771	2.754	0.259
2004	9	22.186	1010.011	1.456	-0.421
2004	10	20.896	1011.093	0.67	0.198
2004	11	19.71	1010.772	3.431	-1.078
2004	12	17.264	1011.305	2.36	-1.682
2005	1	19.178	1012.08	3.004	-3.341
2005	2	22.914	1012.018	-0.725	-3.922
2005	3	22.714	1011.736	1.691	-2.564
2005	4	24.743	1010.39	2.066	-2.566
2005	5	24.575	1008.228	2.724	-1.555
2005	6	23.144	1007.725	4.32	-1.047
2005	7	22.935	1008.784	1.939	-0.627
2005	8	22.565	1008.632	2.573	0.117
2005	9	22.602	1009.048	4.136	0.4
2005	10	21.263	1009.749	4.348	0.208
2005	11	20.215	1009.915	3.859	0.139
2005	12	16.71	1009.924	4.847	-1.542
2006	1	19.792	1010.83	2.779	-1.824
2006	2	22.287	1011.106	0.603	-3.119
2006	3	24.567	1009.629	3.466	-1.664
2006	4	24.686	1008.865	5.766	-1.069
2006	5	23.225	1009.027	1.042	-0.13
2006	6	23.421	1008.367	1.8	-0.51
2006	7	22.608	1008.571	1.564	-0.034
2006	8	22.757	1008.286	-2.202	-0.803
2006	9	22.349	1009.451	-1.495	-0.249
2006	10	21.627	1010.851	-3.357	0.92
2006	11	20.651	1010.05	-1.698	-0.68
2006	12	18.169	1010.829	2.319	-1.54
2007	1	18.54	1012.101	0.801	-3.619
2007	2	21.87	1011.63	-0.922	-2.077
2007	3	24.821	1009.911	2.057	-1.638
2007	4	24.28	1009.678	3.746	-1.6
2007	5	22.312	1008.689	0.28	-1.377
2007	6	23.388	1007.157	-0.939	-0.699
2007	7	22.73	1008.426	0.429	-0.736
2007	8	22.794	1007.939	-0.887	-0.105
2007	9	22.332	1008.3	-1.577	-0.125
2007	10	21.006	1008.971	-0.825	0.02
2007	11	18.252	1009.512	2.961	-1.534
2007	12	19.514	1009.894	2.681	-1.556
2008	1	18.823	1010.685	1.814	-2.213
2008	2	18.727	1011.201	1.246	-0.911
2008	3	24.072	1009.794	4.009	-1.125
2008	4	25.11	1008.326	4.027	-0.717
2008	5	22.339	1008.198	-1.058	-0.876
2008	6	22.377	1008.496	-0.861	-0.916
2008	7	22.226	1008.515	-0.632	-0.152
2008	8	22.375	1008.571	0.313	-0.143
2008	9	22.325	1008.769	1.543	0.322
2008	10	21.522	1009.464	3.134	0.111
2008	11	18.34	1009.099	5.491	-0.698
2008	12	17.464	1010.279	3.393	-1.041
2009	1	17.836	1012.18	0.666	-2.6
2009	2	23.24	1010.017	2.164	-1.41
2009	3	24.776	1009.791	1.316	-1.397
2009	4	24.879	1008.552	3.02	-2.29
2009	5	23.346	1007.77	2.633	-0.923
2009	6	22.584	1008.276	2.741	-0.873
2009	7	22.562	1008.303	0.688	-0.139
2009	8	23.094	1008.08	1.773	0.369
2009	9	22.729	1008.447	3.153	0.193
2009	10	22.225	1009.55	0.597	0.427
2009	11	19.507	1009.647	4.254	-0.711
2009	12	19.281	1011.474	3.211	-2
2010	1	20.242	1012.169	0.991	-4.396
2010	2	22.453	1011.564	0.049	-5.002
2010	3	23.832	1011.043	1.144	-3.012
2010	4	26.486	1009.993	2.434	-2.437
2010	5	24.978	1007.602	3.222	-1.83
2010	6	23.463	1008.635	2.622	-1.274
2010	7	23.1	1008.492	3.697	-0.463
2010	8	22.833	1008.526	5.516	-0.115
2010	9	22.596	1008.819	5.131	0.6
2010	10	21.098	1008.108	6.555	0.594
2010	11	19.732	1008.884	7.52	-0.176
2010	12	19.436	1008.366	4.772	-0.303
2011	1	17.92	1010.106	3.497	-2.224
2011	2	21.779	1010.189	0.91	-0.615
2011	3	21.621	1009.386	2.315	-0.056
2011	4	23.49	1009.427	3.552	-0.37
2011	5	22.667	1008.41	2.585	-0.386
2011	6	22.829	1007.761	3.6	-0.083
2011	7	22.812	1007.808	2.569	0.229
2011	8	22.562	1008.391	2.033	0.124
2011	9	22.439	1008.765	1.679	0.814
2011	10	20.757	1009.187	2.029	1.403
2011	11	19.733	1008.991	1.609	0.491
2011	12	17.354	1010.029	3.134	-1.258
2012	1	19.074	1010.174	-0.851	-2.563
2012	2	22.332	1009.42	0.723	-1.72
2012	3	24.835	1009.329	4.122	-0.976
2012	4	24.664	1009.158	3.335	-0.714
2012	5	24.48	1007.595	2.316	-1.09
2012	6	22.751	1007.566	1.941	-0.201
2012	7	22.527	1007.858	2.451	0.007
2012	8	22.471	1008.604	-1.625	0.085
2012	9	22.164	1009.173	-0.127	-0.278
2012	10	21.357	1009.722	-0.092	0.275
2012	11	20.763	1009.56	4.055	-0.716
2012	12	19.364	1009.558	2.772	-1.793
2013	1	18.758	1011.61	4.287	-3.875
2013	2	22.645	1010.361	3.085	-2.88
2013	3	24.966	1010.544	1.688	-3.289
2013	4	25.901	1008.44	2.526	-1.425
2013	5	24.231	1008.2	5.161	-1.244
2013	6	22.884	1006.841	3.287	-0.835
2013	7	22.45	1007.6	1.37	-0.229
2013	8	22.423	1008.317	3.761	0.486
2013	9	22.116	1008.593	2.523	0.795
2013	10	20.936	1010.2	1.658	0.597
2013	11	19.893	1009.15	4.258	0.617
2013	12	15.162	1010.557	1.757	-2.229
2014	1	17.365	1012.917	1.104	-2.982
2014	2	20.54	1011.189	-0.352	-1.775
2014	3	24.592	1011.213	-0.973	-1.864
2014	4	26.181	1009.614	5.246	-1.26
2014	5	24.024	1008.591	3.128	-0.368
2014	6	23.093	1007.223	3.773	0.311
2014	7	22.76	1008.23	5.23	0.394
2014	8	NA	NA	NA	NA
2014	9	NA	NA	NA	NA
2014	10	NA	NA	NA	NA
2014	11	NA	NA	NA	NA
2014	12	NA	NA	NA	NA
2015	1	NA	NA	NA	NA
2015	2	NA	NA	NA	NA
2015	3	NA	NA	NA	NA
2015	4	NA	NA	NA	NA
2015	5	NA	NA	NA	NA
2015	6	NA	NA	NA	NA
2015	7	NA	NA	NA	NA
2015	8	NA	NA	NA	NA
2015	9	NA	NA	NA	NA
2015	10	NA	NA	NA	NA
2015	11	NA	NA	NA	NA
2015	12	NA	NA	NA	NA
2016	1	NA	NA	NA	NA
2016	2	NA	NA	NA	NA
2016	3	NA	NA	NA	NA
2016	4	NA	NA	NA	NA
2016	5	NA	NA	NA	NA
2016	6	NA	NA	NA	NA
2016	7	NA	NA	NA	NA
2016	8	NA	NA	NA	NA
2016	9	NA	NA	NA	NA
2016	10	NA	NA	NA	NA
2016	11	NA	NA	NA	NA
2016	12	NA	NA	NA	NA
2017	1	NA	NA	NA	NA
2017	2	NA	NA	NA	NA
2017	3	NA	NA	NA	NA
2017	4	NA	NA	NA	NA
2017	5	NA	NA	NA	NA
2017	6	NA	NA	NA	NA
2017	7	NA	NA	NA	NA
2017	8	NA	NA	NA	NA
2017	9	NA	NA	NA	NA
2017	10	NA	NA	NA	NA
2017	11	NA	NA	NA	NA
2017	12	NA	NA	NA	NA
2018	1	NA	NA	NA	NA
2018	2	NA	NA	NA	NA
2018	3	NA	NA	NA	NA
2018	4	NA	NA	NA	NA
2018	5	NA	NA	NA	NA
2018	6	NA	NA	NA	NA
2018	7	NA	NA	NA	NA
2018	8	NA	NA	NA	NA
2018	9	NA	NA	NA	NA
2018	10	NA	NA	NA	NA
2018	11	NA	NA	NA	NA
2018	12	NA	NA	NA	NA
2019	1	NA	NA	NA	NA
2019	2	NA	NA	NA	NA
2019	3	NA	NA	NA	NA
2019	4	NA	NA	NA	NA
2019	5	NA	NA	NA	NA
2019	6	NA	NA	NA	NA
2019	7	NA	NA	NA	NA
2019	8	NA	NA	NA	NA
2019	9	NA	NA	NA	NA
2019	10	NA	NA	NA	NA
2019	11	NA	NA	NA	NA
2019	12	NA	NA	NA	NA
2020	1	NA	NA	NA	NA
2020	2	NA	NA	NA	NA
2020	3	NA	NA	NA	NA
2020	4	NA	NA	NA	NA
2020	5	NA	NA	NA	NA
2020	6	NA	NA	NA	NA
2020	7	NA	NA	NA	NA
2020	8	NA	NA	NA	NA
2020	9	NA	NA	NA	NA
2020	10	NA	NA	NA	NA
2020	11	NA	NA	NA	NA
2020	12	NA	NA	NA	NA
2021	1	NA	NA	NA	NA
2021	2	NA	NA	NA	NA
2021	3	NA	NA	NA	NA
2021	4	NA	NA	NA	NA
2021	5	NA	NA	NA	NA
2021	6	NA	NA	NA	NA
2021	7	NA	NA	NA	NA
2021	8	NA	NA	NA	NA
2021	9	NA	NA	NA	NA
2021	10	NA	NA	NA	NA
2021	11	NA	NA	NA	NA
2021	12	NA	NA	NA	NA
2022	1	NA	NA	NA	NA
2022	2	NA	NA	NA	NA
2022	3	NA	NA	NA	NA
2022	4	NA	NA	NA	NA
2022	5	NA	NA	NA	NA
2022	6	NA	NA	NA	NA
2022	7	NA	NA	NA	NA
2022	8	NA	NA	NA	NA
2022	9	NA	NA	NA	NA
2022	10	NA	NA	NA	NA
2022	11	NA	NA	NA	NA
2022	12	NA	NA	NA	NA
2023	1	NA	NA	NA	NA
2023	2	NA	NA	NA	NA
2023	3	NA	NA	NA	NA
2023	4	NA	NA	NA	NA
2023	5	NA	NA	NA	NA
2023	6	NA	NA	NA	NA
2023	7	NA	NA	NA	NA
2023	8	NA	NA	NA	NA
2023	9	NA	NA	NA	NA
2023	10	NA	NA	NA	NA
2023	11	NA	NA	NA	NA
2023	12	NA	NA	NA	NA
2024	1	NA	NA	NA	NA
2024	2	NA	NA	NA	NA
2024	3	NA	NA	NA	NA
2024	4	NA	NA	NA	NA
2024	5	NA	NA	NA	NA
2024	6	NA	NA	NA	NA
2024	7	NA	NA	NA	NA
2024	8	NA	NA	NA	NA
2024	9	NA	NA	NA	NA
2024	10	NA	NA	NA	NA
2024	11	NA	NA	NA	NA
2024	12	NA	NA	NA	NA
2025	1	NA	NA	NA	NA
2025	2	NA	NA	NA	NA
2025	3	NA	NA	NA	NA
2025	4	NA	NA	NA	NA
2025	5	NA	NA	NA	NA
2025	6	NA	NA	NA	NA
2025	7	NA	NA	NA	NA
2025	8	NA	NA	NA	NA
2025	9	NA	NA	NA	NA
2025	10	NA	NA	NA	NA
2025	11	NA	NA	NA	NA
2025	12	NA	NA	NA	NA
2026	1	NA	NA	NA	NA
2026	2	NA	NA	NA	NA
2026	3	NA	NA	NA	NA
2026	4	NA	NA	NA	NA
2026	5	NA	NA	NA	NA
2026	6	NA	NA	NA	NA
2026	7	NA	NA	NA	NA
2026	8	NA	NA	NA	NA
2026	9	NA	NA	NA	NA
2026	10	NA	NA	NA	NA
2026	11	NA	NA	NA	NA
2026	12	NA	NA	NA	NA
2027	1	NA	NA	NA	NA
2027	2	NA	NA	NA	NA
2027	3	NA	NA	NA	NA
2027	4	NA	NA	NA	NA
2027	5	NA	NA	NA	NA
2027	6	NA	NA	NA	NA
2027	7	NA	NA	NA	NA
2027	8	NA	NA	NA	NA
2027	9	NA	NA	NA	NA
2027	10	NA	NA	NA	NA
2027	11	NA	NA	NA	NA
2027	12	NA	NA	NA	NA
2028	1	NA	NA	NA	NA
2028	2	NA	NA	NA	NA
2028	3	NA	NA	NA	NA
2028	4	NA	NA	NA	NA
2028	5	NA	NA	NA	NA
2028	6	NA	NA	NA	NA
2028	7	NA	NA	NA	NA
2028	8	NA	NA	NA	NA
2028	9	NA	NA	NA	NA
2028	10	NA	NA	NA	NA
2028	11	NA	NA	NA	NA
2028	12	NA	NA	NA	NA
2029	1	NA	NA	NA	NA
2029	2	NA	NA	NA	NA
2029	3	NA	NA	NA	NA
2029	4	NA	NA	NA	NA
2029	5	NA	NA	NA	NA
2029	6	NA	NA	NA	NA
2029	7	NA	NA	NA	NA
2029	8	NA	NA	NA	NA
2029	9	NA	NA	NA	NA
2029	10	NA	NA	NA	NA
2029	11	NA	NA	NA	NA
2029	12	NA	NA	NA	NA
2030	1	NA	NA	NA	NA
2030	2	NA	NA	NA	NA
2030	3	NA	NA	NA	NA
2030	4	NA	NA	NA	NA
2030	5	NA	NA	NA	NA
2030	6	NA	NA	NA	NA
2030	7	NA	NA	NA	NA
2030	8	NA	NA	NA	NA
2030	9	NA	NA	NA	NA
2030	10	NA	NA	NA	NA
2030	11	NA	NA	NA	NA
2030	12	NA	NA	NA	NA
2031	1	NA	NA	NA	NA
2031	2	NA	NA	NA	NA
2031	3	NA	NA	NA	NA
2031	4	NA	NA	NA	NA
2031	5	NA	NA	NA	NA
2031	6	NA	NA	NA	NA
2031	7	NA	NA	NA	NA
2031	8	NA	NA	NA	NA
2031	9	NA	NA	NA	NA
2031	10	NA	NA	NA	NA
2031	11	NA	NA	NA	NA
2031	12	NA	NA	NA	NA
2032	1	NA	NA	NA	NA
2032	2	NA	NA	NA	NA
2032	3	NA	NA	NA	NA
2032	4	NA	NA	NA	NA
2032	5	NA	NA	NA	NA
2032	6	NA	NA	NA	NA
2032	7	NA	NA	NA	NA
2032	8	NA	NA	NA	NA
2032	9	NA	NA	NA	NA
2032	10	NA	NA	NA	NA
2032	11	NA	NA	NA	NA
2032	12	NA	NA	NA	NA
2033	1	NA	NA	NA	NA
2033	2	NA	NA	NA	NA
2033	3	NA	NA	NA	NA
2033	4	NA	NA	NA	NA
2033	5	NA	NA	NA	NA
2033	6	NA	NA	NA	NA
2033	7	NA	NA	NA	NA
2033	8	NA	NA	NA	NA
2033	9	NA	NA	NA	NA
2033	10	NA	NA	NA	NA
2033	11	NA	NA	NA	NA
2033	12	NA	NA	NA	NA
2034	1	NA	NA	NA	NA
2034	2	NA	NA	NA	NA
2034	3	NA	NA	NA	NA
2034	4	NA	NA	NA	NA
2034	5	NA	NA	NA	NA
2034	6	NA	NA	NA	NA
2034	7	NA	NA	NA	NA
2034	8	NA	NA	NA	NA
2034	9	NA	NA	NA	NA
2034	10	NA	NA	NA	NA
2034	11	NA	NA	NA	NA
2034	12	NA	NA	NA	NA
2035	1	NA	NA	NA	NA
2035	2	NA	NA	NA	NA
2035	3	NA	NA	NA	NA
2035	4	NA	NA	NA	NA
2035	5	NA	NA	NA	NA
2035	6	NA	NA	NA	NA
2035	7	NA	NA	NA	NA
2035	8	NA	NA	NA	NA
2035	9	NA	NA	NA	NA
2035	10	NA	NA	NA	NA
2035	11	NA	NA	NA	NA
2035	12	NA	NA	NA	NA
2036	1	NA	NA	NA	NA
2036	2	NA	NA	NA	NA
2036	3	NA	NA	NA	NA
2036	4	NA	NA	NA	NA
2036	5	NA	NA	NA	NA
2036	6	NA	NA	NA	NA
2036	7	NA	NA	NA	NA
2036	8	NA	NA	NA	NA
2036	9	NA	NA	NA	NA
2036	10	NA	NA	NA	NA
2036	11	NA	NA	NA	NA
2036	12	NA	NA	NA	NA
2037	1	NA	NA	NA	NA
2037	2	NA	NA	NA	NA
2037	3	NA	NA	NA	NA
2037	4	NA	NA	NA	NA
2037	5	NA	NA	NA	NA
2037	6	NA	NA	NA	NA
2037	7	NA	NA	NA	NA
2037	8	NA	NA	NA	NA
2037	9	NA	NA	NA	NA
2037	10	NA	NA	NA	NA
2037	11	NA	NA	NA	NA
2037	12	NA	NA	NA	NA
2038	1	NA	NA	NA	NA
2038	2	NA	NA	NA	NA
2038	3	NA	NA	NA	NA
2038	4	NA	NA	NA	NA
2038	5	NA	NA	NA	NA
2038	6	NA	NA	NA	NA
2038	7	NA	NA	NA	NA
2038	8	NA	NA	NA	NA
2038	9	NA	NA	NA	NA
2038	10	NA	NA	NA	NA
2038	11	NA	NA	NA	NA
2038	12	NA	NA	NA	NA
2039	1	NA	NA	NA	NA
2039	2	NA	NA	NA	NA
2039	3	NA	NA	NA	NA
2039	4	NA	NA	NA	NA
2039	5	NA	NA	NA	NA
2039	6	NA	NA	NA	NA
2039	7	NA	NA	NA	NA
2039	8	NA	NA	NA	NA
2039	9	NA	NA	NA	NA
2039	10	NA	NA	NA	NA
2039	11	NA	NA	NA	NA
2039	12	NA	NA	NA	NA
2040	1	NA	NA	NA	NA
2040	2	NA	NA	NA	NA
2040	3	NA	NA	NA	NA
2040	4	NA	NA	NA	NA
2040	5	NA	NA	NA	NA
2040	6	NA	NA	NA	NA
2040	7	NA	NA	NA	NA
2040	8	NA	NA	NA	NA
2040	9	NA	NA	NA	NA
2040	10	NA	NA	NA	NA
2040	11	NA	NA	NA	NA
2040	12	NA	NA	NA	NA
2041	1	NA	NA	NA	NA
2041	2	NA	NA	NA	NA
2041	3	NA	NA	NA	NA
2041	4	NA	NA	NA	NA
2041	5	NA	NA	NA	NA
2041	6	NA	NA	NA	NA
2041	7	NA	NA	NA	NA
2041	8	NA	NA	NA	NA
2041	9	NA	NA	NA	NA
2041	10	NA	NA	NA	NA
2041	11	NA	NA	NA	NA
2041	12	NA	NA	NA	NA
2042	1	NA	NA	NA	NA
2042	2	NA	NA	NA	NA
2042	3	NA	NA	NA	NA
2042	4	NA	NA	NA	NA
2042	5	NA	NA	NA	NA
2042	6	NA	NA	NA	NA
2042	7	NA	NA	NA	NA
2042	8	NA	NA	NA	NA
2042	9	NA	NA	NA	NA
2042	10	NA	NA	NA	NA
2042	11	NA	NA	NA	NA
2042	12	NA	NA	NA	NA
2043	1	NA	NA	NA	NA
2043	2	NA	NA	NA	NA
2043	3	NA	NA	NA	NA
2043	4	NA	NA	NA	NA
2043	5	NA	NA	NA	NA
2043	6	NA	NA	NA	NA
2043	7	NA	NA	NA	NA
2043	8	NA	NA	NA	NA
2043	9	NA	NA	NA	NA
2043	10	NA	NA	NA	NA
2043	11	NA	NA	NA	NA
2043	12	NA	NA	NA	NA
2044	1	NA	NA	NA	NA
2044	2	NA	NA	NA	NA
2044	3	NA	NA	NA	NA
2044	4	NA	NA	NA	NA
2044	5	NA	NA	NA	NA
2044	6	NA	NA	NA	NA
2044	7	NA	NA	NA	NA
2044	8	NA	NA	NA	NA
2044	9	NA	NA	NA	NA
2044	10	NA	NA	NA	NA
2044	11	NA	NA	NA	NA
2044	12	NA	NA	NA	NA
2045	1	NA	NA	NA	NA
2045	2	NA	NA	NA	NA
2045	3	NA	NA	NA	NA
2045	4	NA	NA	NA	NA
2045	5	NA	NA	NA	NA
2045	6	NA	NA	NA	NA
2045	7	NA	NA	NA	NA
2045	8	NA	NA	NA	NA
2045	9	NA	NA	NA	NA
2045	10	NA	NA	NA	NA
2045	11	NA	NA	NA	NA
2045	12	NA	NA	NA	NA
