1948	1	NA
1948	2	NA
1948	3	NA
1948	4	NA
1948	5	NA
1948	6	NA
1948	7	NA
1948	8	NA
1948	9	NA
1948	10	NA
1948	11	NA
1948	12	NA
1949	1	NA
1949	2	NA
1949	3	NA
1949	4	NA
1949	5	NA
1949	6	NA
1949	7	NA
1949	8	NA
1949	9	NA
1949	10	NA
1949	11	NA
1949	12	NA
1950	1	NA
1950	2	NA
1950	3	NA
1950	4	NA
1950	5	NA
1950	6	NA
1950	7	NA
1950	8	NA
1950	9	NA
1950	10	NA
1950	11	NA
1950	12	NA
1951	1	56.8064516129032
1951	2	0
1951	3	22.1612903225806
1951	4	41.5
1951	5	148.354838709677
1951	6	185.5
1951	7	249.096774193548
1951	8	181.741935483871
1951	9	289.9
1951	10	191.516129032258
1951	11	64.6
1951	12	13.3548387096774
1952	1	0
1952	2	0
1952	3	65.9032258064516
1952	4	26.8
1952	5	170.225806451613
1952	6	200
1952	7	261.483870967742
1952	8	214.645161290323
1952	9	235.3
1952	10	130.548387096774
1952	11	33.6
1952	12	0
1953	1	19.5483870967742
1953	2	94.8214285714286
1953	3	0
1953	4	122.4
1953	5	172.645161290323
1953	6	346.5
1953	7	193.838709677419
1953	8	182.806451612903
1953	9	474.3
1953	10	281.903225806452
1953	11	82.7
1953	12	2.90322580645161
1954	1	0
1954	2	9.75
1954	3	24.1935483870968
1954	4	39.9
1954	5	264
1954	6	39.2
1954	7	52.258064516129
1954	8	291.774193548387
1954	9	288.4
1954	10	215.903225806452
1954	11	18.6
1954	12	4.74193548387097
1955	1	0.435483870967742
1955	2	6.26785714285714
1955	3	33.0483870967742
1955	4	131.75
1955	5	110.564516129032
1955	6	189.3
1955	7	101.177419354839
1955	8	118.596774193548
1955	9	258.95
1955	10	65.5161290322581
1955	11	51.35
1955	12	0
1956	1	0
1956	2	24.051724137931
1956	3	0
1956	4	46.4
1956	5	270.048387096774
1956	6	94.95
1956	7	141
1956	8	144.241935483871
1956	9	217.45
1956	10	138.967741935484
1956	11	6
1956	12	0.919354838709677
1957	1	0
1957	2	11.25
1957	3	10.1129032258065
1957	4	56.25
1957	5	74.9032258064516
1957	6	233.7
1957	7	140.225806451613
1957	8	149.661290322581
1957	9	200.3
1957	10	147.677419354839
1957	11	0.65
1957	12	0.0483870967741935
1958	1	17.5161290322581
1958	2	2.03571428571429
1958	3	39.0483870967742
1958	4	90
1958	5	112.354838709677
1958	6	128.6
1958	7	136.645161290323
1958	8	157.645161290323
1958	9	222.6
1958	10	113.41935483871
1958	11	0.25
1958	12	0
1959	1	7.45161290322581
1959	2	0
1959	3	8.17741935483871
1959	4	42.6
1959	5	251.612903225806
1959	6	108.3
1959	7	156.096774193548
1959	8	115.578947368421
1959	9	396.65
1959	10	53.5161290322581
1959	11	0.9
1959	12	1.11290322580645
1960	1	21.0483870967742
1960	2	0
1960	3	3
1960	4	32.9
1960	5	141.387096774194
1960	6	116.55
1960	7	157.838709677419
1960	8	163.548387096774
1960	9	209.4
1960	10	287.08064516129
1960	11	36.5
1960	12	43.8387096774194
1961	1	0.645161290322581
1961	2	15.2857142857143
1961	3	31.8709677419355
1961	4	51.2666666666667
1961	5	244.709677419355
1961	6	84.0666666666667
1961	7	103.967741935484
1961	8	182.935483870968
1961	9	212.433333333333
1961	10	217.58064516129
1961	11	21.8
1961	12	24.6129032258065
1962	1	4.03225806451613
1962	2	0
1962	3	3.09677419354839
1962	4	43.4333333333333
1962	5	114.645161290323
1962	6	69.3666666666666
1962	7	133
1962	8	97
1962	9	326.766666666667
1962	10	189.290322580645
1962	11	6.2
1962	12	4.45161290322581
1963	1	0
1963	2	1.28571428571429
1963	3	16.258064516129
1963	4	19
1963	5	51.6451612903226
1963	6	135.3
1963	7	93.6451612903225
1963	8	135.322580645161
1963	9	303.433333333333
1963	10	228.096774193548
1963	11	97.8
1963	12	6.51612903225806
1964	1	1.06451612903226
1964	2	0
1964	3	13.5806451612903
1964	4	37.9333333333333
1964	5	260.096774193548
1964	6	46.1333333333333
1964	7	131.064516129032
1964	8	74
1964	9	299.033333333333
1964	10	208.193548387097
1964	11	39.3666666666667
1964	12	0.516129032258065
1965	1	2.19354838709677
1965	2	8.75
1965	3	2.03225806451613
1965	4	12.0666666666667
1965	5	168
1965	6	86.0666666666667
1965	7	49.6774193548387
1965	8	216.096774193548
1965	9	212.666666666667
1965	10	148.387096774194
1965	11	44.8666666666667
1965	12	24.7096774193548
1966	1	6.09677419354839
1966	2	1.64285714285714
1966	3	45.8387096774194
1966	4	3.06666666666667
1966	5	263.387096774194
1966	6	51.2
1966	7	104.645161290323
1966	8	135.322580645161
1966	9	122.366666666667
1966	10	122.41935483871
1966	11	34.8333333333333
1966	12	2.58064516129032
1967	1	3.58064516129032
1967	2	0.214285714285714
1967	3	1.01612903225806
1967	4	31.2
1967	5	110.41935483871
1967	6	105.5
1967	7	129.774193548387
1967	8	143.41935483871
1967	9	359.8
1967	10	86.1290322580645
1967	11	72.65
1967	12	1.79032258064516
1968	1	1.83870967741935
1968	2	0.46551724137931
1968	3	5.2741935483871
1968	4	108.65
1968	5	174.774193548387
1968	6	203.3
1968	7	103.451612903226
1968	8	168.241935483871
1968	9	168
1968	10	89.8064516129032
1968	11	5.65
1968	12	0
1969	1	18.7741935483871
1969	2	0
1969	3	1.66935483870968
1969	4	34.875
1969	5	226.354838709677
1969	6	66.8
1969	7	109.354838709677
1969	8	250.475806451613
1969	9	305.45
1969	10	102.75
1969	11	14.375
1969	12	2.73387096774194
1970	1	6.04838709677419
1970	2	1.17857142857143
1970	3	42.5806451612903
1970	4	70.675
1970	5	281.467741935484
1970	6	130.625
1970	7	183.241935483871
1970	8	219.677419354839
1970	9	205.15
1970	10	117.629032258064
1970	11	22.9
1970	12	47.008064516129
1971	1	0.290322580645161
1971	2	0
1971	3	12.9193548387097
1971	4	21.25
1971	5	240.75
1971	6	137.975
1971	7	209.08064516129
1971	8	218.588709677419
1971	9	173.85
1971	10	183.459677419355
1971	11	18.375
1971	12	17.6370967741936
1972	1	0.169354838709677
1972	2	2.43103448275862
1972	3	17.1290322580645
1972	4	120.775
1972	5	78.6774193548387
1972	6	101.925
1972	7	98.6612903225807
1972	8	127.717741935484
1972	9	241.3
1972	10	120.16935483871
1972	11	145.375
1972	12	21.7983870967742
1973	1	0
1973	2	0
1973	3	83.1774193548387
1973	4	7.1
1973	5	202.66935483871
1973	6	139.45
1973	7	138.943548387097
1973	8	222.556451612903
1973	9	332.275
1973	10	88.8145161290322
1973	11	14.425
1973	12	0
1974	1	0
1974	2	0
1974	3	38.2258064516129
1974	4	63.425
1974	5	165.120967741936
1974	6	97.425
1974	7	106.717741935484
1974	8	180.290322580645
1974	9	247.8
1974	10	216.435483870968
1974	11	110.125
1974	12	4.37903225806452
1975	1	87.0967741935484
1975	2	1.23214285714286
1975	3	0.846774193548387
1975	4	23.35
1975	5	156.048387096774
1975	6	144.375
1975	7	124.475806451613
1975	8	215.806451612903
1975	9	223.825
1975	10	240.290322580645
1975	11	48.725
1975	12	45.1209677419355
1976	1	0
1976	2	4.16379310344828
1976	3	9.36290322580645
1976	4	27.8
1976	5	165.508064516129
1976	6	83.875
1976	7	123.266129032258
1976	8	229.572580645161
1976	9	213.825
1976	10	214.862903225806
1976	11	21.225
1976	12	11.6129032258065
1977	1	47.1048387096774
1977	2	0.857142857142857
1977	3	35.7096774193548
1977	4	65.95
1977	5	113.153225806452
1977	6	59.525
1977	7	106.451612903226
1977	8	159.75
1977	9	240.225
1977	10	140.008064516129
1977	11	16.375
1977	12	22.5241935483871
1978	1	17.758064516129
1978	2	17.8928571428571
1978	3	0.120967741935484
1978	4	8.125
1978	5	199.862903225806
1978	6	67.775
1978	7	316.112903225807
1978	8	144.846774193548
1978	9	212.225
1978	10	85.6209677419355
1978	11	1.275
1978	12	7.23387096774194
1979	1	0
1979	2	1.58035714285714
1979	3	0.580645161290323
1979	4	43.575
1979	5	187.862903225806
1979	6	135.8
1979	7	68.0806451612903
1979	8	114.387096774194
1979	9	252.4
1979	10	70.4032258064516
1979	11	0
1979	12	0
1980	1	0
1980	2	0
1980	3	25.0887096774194
1980	4	29.675
1980	5	250.645161290323
1980	6	139.825
1980	7	131.153225806452
1980	8	132.266129032258
1980	9	225.6
1980	10	162.120967741935
1980	11	37.575
1980	12	41.5887096774193
1981	1	0
1981	2	0
1981	3	2.41935483870968
1981	4	80.8
1981	5	198.701612903226
1981	6	129.125
1981	7	191.685483870968
1981	8	129.411290322581
1981	9	134.875
1981	10	82.9838709677419
1981	11	167.55
1981	12	18.4112903225806
1982	1	0
1982	2	0
1982	3	1.59677419354839
1982	4	41.95
1982	5	160.911290322581
1982	6	98.125
1982	7	72.3387096774194
1982	8	63.8225806451613
1982	9	215.975
1982	10	102.483870967742
1982	11	42.925
1982	12	0
1983	1	0.411290322580645
1983	2	0
1983	3	0.653225806451613
1983	4	18.95
1983	5	163.790322580645
1983	6	101.125
1983	7	76.5241935483871
1983	8	163.983870967742
1983	9	204.95
1983	10	286.016129032258
1983	11	164.65
1983	12	13.9112903225806
1984	1	0.0241935483870968
1984	2	30.3879310344828
1984	3	0
1984	4	33.725
1984	5	96.1451612903226
1984	6	147.85
1984	7	90.0967741935484
1984	8	111.798387096774
1984	9	190.525
1984	10	169.379032258065
1984	11	5.275
1984	12	0
1985	1	0.967741935483871
1985	2	0
1985	3	1.79032258064516
1985	4	94.525
1985	5	127.596774193548
1985	6	116.9
1985	7	93.1935483870968
1985	8	114.798387096774
1985	9	261.05
1985	10	145.403225806452
1985	11	157.075
1985	12	0
1986	1	0
1986	2	0.321428571428571
1986	3	0.0725806451612903
1986	4	58.575
1986	5	161.346774193548
1986	6	110.45
1986	7	92.25
1986	8	139.306451612903
1986	9	191.3
1986	10	124.354838709677
1986	11	37.475
1986	12	34.4758064516129
1987	1	0
1987	2	7.125
1987	3	17.6612903225806
1987	4	43.45
1987	5	105.338709677419
1987	6	156.85
1987	7	47.8306451612903
1987	8	307.5
1987	9	198.675
1987	10	60.4596774193548
1987	11	89.8
1987	12	0
1988	1	0
1988	2	0.206896551724138
1988	3	0
1988	4	83.425
1988	5	171.072580645161
1988	6	273.975
1988	7	142.016129032258
1988	8	151.209677419355
1988	9	189.3
1988	10	249.241935483871
1988	11	52.1
1988	12	0.290322580645161
1989	1	1.06451612903226
1989	2	5.46428571428571
1989	3	12.1693548387097
1989	4	14.75
1989	5	161.516129032258
1989	6	130.8
1989	7	152.395161290323
1989	8	128.177419354839
1989	9	122.3
1989	10	253.112903225807
1989	11	13.475
1989	12	0
1990	1	0.580645161290323
1990	2	16.0982142857143
1990	3	14.1048387096774
1990	4	54.7
1990	5	244.5
1990	6	65.125
1990	7	72.4838709677419
1990	8	127.814516129032
1990	9	154.325
1990	10	209.588709677419
1990	11	71.9
1990	12	0.0483870967741935
1991	1	2.32258064516129
1991	2	0
1991	3	3.04838709677419
1991	4	41.65
1991	5	60.3145161290323
1991	6	135.175
1991	7	95.1532258064516
1991	8	256.911290322581
1991	9	101.7
1991	10	168.967741935484
1991	11	26.35
1991	12	3
1992	1	3.31451612903226
1992	2	55.7586206896552
1992	3	0
1992	4	9.575
1992	5	31.5241935483871
1992	6	85.75
1992	7	238.161290322581
1992	8	129.725806451613
1992	9	191.075
1992	10	182.032258064516
1992	11	12.55
1992	12	75.7741935483871
1993	1	0
1993	2	0
1993	3	5.68548387096774
1993	4	49.575
1993	5	125.564516129032
1993	6	37.175
1993	7	75.75
1993	8	87.483870967742
1993	9	213.95
1993	10	106.258064516129
1993	11	0
1993	12	0.0241935483870968
1994	1	0
1994	2	0
1994	3	103.717741935484
1994	4	70.85
1994	5	231.91935483871
1994	6	152.95
1994	7	137.032258064516
1994	8	203.298387096774
1994	9	146.175
1994	10	56.8548387096774
1994	11	21.8
1994	12	25.3548387096774
1995	1	0
1995	2	0
1995	3	6.36290322580645
1995	4	48.45
1995	5	164.516129032258
1995	6	99.175
1995	7	167.612903225806
1995	8	227.612903225806
1995	9	190.825
1995	10	80.4677419354839
1995	11	50.275
1995	12	0
1996	1	0
1996	2	31.3189655172414
1996	3	15.3387096774194
1996	4	127.075
1996	5	114.604838709677
1996	6	171.25
1996	7	104.782258064516
1996	8	177.58064516129
1996	9	310.75
1996	10	127.306451612903
1996	11	84.875
1996	12	0.0725806451612903
1997	1	0
1997	2	0
1997	3	17.8790322580645
1997	4	50.6
1997	5	61.4274193548387
1997	6	18.825
1997	7	159.362903225806
1997	8	194.903225806452
1997	9	150.65
1997	10	116.25
1997	11	9.275
1997	12	0
1998	1	7.08870967741935
1998	2	0
1998	3	0
1998	4	6.9
1998	5	146.83064516129
1998	6	51.775
1998	7	115.887096774194
1998	8	136.233870967742
1998	9	148.15
1998	10	81.3387096774193
1998	11	41.375
1998	12	0.653225806451613
1999	1	9.7258064516129
1999	2	39.5625
1999	3	14.3709677419355
1999	4	108.425
1999	5	350.758064516129
1999	6	81.8
1999	7	68.7822580645161
1999	8	144.870967741935
1999	9	172.825
1999	10	192.193548387097
1999	11	50.95
1999	12	4.4758064516129
2000	1	0
2000	2	32.198275862069
2000	3	33.9193548387097
2000	4	146.5
2000	5	198.435483870968
2000	6	159.3
2000	7	55.2096774193548
2000	8	118.427419354839
2000	9	214.85
2000	10	242.370967741935
2000	11	4.675
2000	12	4.01612903225806
2001	1	0.82258064516129
2001	2	0
2001	3	113.25
2001	4	11.3
2001	5	261.701612903226
2001	6	96.95
2001	7	121.161290322581
2001	8	188.612903225806
2001	9	114.9
2001	10	220.088709677419
2001	11	16.525
2001	12	13.5967741935484
2002	1	10.6693548387097
2002	2	7.36607142857143
2002	3	18.4596774193548
2002	4	53.85
2002	5	231.58064516129
2002	6	64.475
2002	7	58.9596774193548
2002	8	175.137096774194
2002	9	348.7
2002	10	114.120967741935
2002	11	217.95
2002	12	40.4032258064516
2003	1	10.0161290322581
2003	2	0.241071428571429
2003	3	51.6290322580645
2003	4	43.675
2003	5	92.2258064516129
2003	6	132.725
2003	7	87.0967741935484
2003	8	120.677419354839
2003	9	280.35
2003	10	25.0403225806452
2003	11	2.225
2003	12	0
2004	1	5.00806451612903
2004	2	1.39655172413793
2004	3	0.120967741935484
2004	4	22.025
2004	5	229.354838709677
2004	6	155.225
2004	7	135.653225806452
2004	8	82.5241935483871
2004	9	305.175
2004	10	22.8387096774193
2004	11	26.325
2004	12	0
2005	1	0
2005	2	1.55357142857143
2005	3	11.6612903225806
2005	4	80.725
2005	5	65.2016129032258
2005	6	151.65
2005	7	124.548387096774
2005	8	120.91935483871
2005	9	355.925
2005	10	155.056451612903
2005	11	38.575
2005	12	37.6693548387097
2006	1	0
2006	2	3.16071428571429
2006	3	20.3467741935484
2006	4	131.325
2006	5	274.524193548387
2006	6	195.65
2006	7	167.685483870968
2006	8	198.193548387097
2006	9	294.375
2006	10	133.66935483871
2006	11	4.2
2006	12	0
2007	1	0
2007	2	0
2007	3	3
2007	4	46.35
2007	5	379.016129032258
2007	6	118.55
2007	7	62.516129032258
2007	8	NA
2007	9	NA
2007	10	NA
2007	11	NA
2007	12	NA
2008	1	7.92857142857143
2008	2	21.6713286713287
2008	3	6.58823529411765
2008	4	118.854166666667
2008	5	173.067567567568
2008	6	103.204379562044
2008	7	104.614864864865
2008	8	127.938775510204
2008	9	300.08275862069
2008	10	244.914473684211
2008	11	58.0337837837838
2008	12	9.86274509803922
2009	1	0.155844155844156
2009	2	0
2009	3	44.8187919463087
2009	4	82.5205479452055
2009	5	223.54
2009	6	140.601398601399
2009	7	121.468085106383
2009	8	199.972602739726
2009	9	252.328767123288
2009	10	219.927631578947
2009	11	1.73154362416107
2009	12	1.45161290322581
2010	1	43.28
2010	2	0
2010	3	3.04054054054054
2010	4	16.5
2010	5	61.9583333333333
2010	6	210.206896551724
2010	7	177.888157894737
2010	8	254.556338028169
2010	9	208.91095890411
2010	10	351.161073825504
2010	11	0.6
2010	12	26.6862745098039
2011	1	1.54
2011	2	7.5
2011	3	115.872483221476
2011	4	112.897959183673
2011	5	249.686274509804
2011	6	160.195652173913
2011	7	185.538461538462
2011	8	217.102040816326
2011	9	253.699300699301
2011	10	175.601351351351
2011	11	16.44
2011	12	1.41059602649007
2012	1	11.1744966442953
2012	2	3.59154929577465
2012	3	12.0394736842105
2012	4	57.986301369863
2012	5	211.22
2012	6	97.1007194244604
2012	7	97.74
2012	8	120.541666666667
2012	9	305.125
2012	10	133.588235294118
2012	11	40.7379310344828
2012	12	1.3741935483871
2013	1	22.0331125827815
2013	2	22.35
2013	3	30.487012987013
2013	4	24.5874125874126
2013	5	95.58
2013	6	141.957446808511
2013	7	122.375838926174
2013	8	144.326530612245
2013	9	372
2013	10	276.098360655738
2013	11	128.475
2013	12	53.4444444444444
2014	1	0
2014	2	0.64
2014	3	3.85714285714286
2014	4	134.965909090909
2014	5	240.036585365854
2014	6	202.333333333333
2014	7	235.363636363636
2014	8	329.310344827586
2014	9	295.6125
2014	10	412.8
2014	11	NA
2014	12	NA
