273.83
635.449752591613
273.83
273.83
273.83
273.83
571.502745187533
273.83
273.83
635.449752591613
273.83
273.83
571.502745187533
571.502745187533
571.502745187533
380.070595514677
273.83
273.83
477.372909353897
273.83
273.83
571.502745187533
273.83
512.599903452461
380.070595514677
273.83
571.502745187533
273.83
477.372909353897
273.83
571.502745187533
635.449752591613
571.502745187533
512.599903452461
477.372909353897
273.83
273.83
273.83
635.449752591613
273.83
273.83
273.83
273.83
273.83
273.83
273.83
571.502745187533
571.502745187533
273.83
571.502745187533
571.502745187533
273.83
571.502745187533
635.449752591613
273.83
571.502745187533
273.83
273.83
273.83
273.83
635.449752591613
273.83
635.449752591613
571.502745187533
273.83
571.502745187533
571.502745187533
571.502745187533
273.83
273.83
571.502745187533
635.449752591613
273.83
380.070595514677
635.449752591613
273.83
273.83
380.070595514677
571.502745187533
273.83
635.449752591613
571.502745187533
273.83
273.83
273.83
273.83
635.449752591613
571.502745187533
273.83
273.83
571.502745187533
273.83
273.83
635.449752591613
380.070595514677
571.502745187533
273.83
635.449752591613
273.83
273.83
380.070595514677
273.83
273.83
635.449752591613
512.599903452461
273.83
635.449752591613
273.83
571.502745187533
571.502745187533
571.502745187533
571.502745187533
477.372909353897
380.070595514677
512.599903452461
635.449752591613
512.599903452461
571.502745187533
635.449752591613
512.599903452461
477.372909353897
512.599903452461
273.83
380.070595514677
477.372909353897
273.83
512.599903452461
273.83
273.83
273.83
273.83
635.449752591613
635.449752591613
571.502745187533
512.599903452461
477.372909353897
273.83
477.372909353897
380.070595514677
273.83
273.83
273.83
380.070595514677
273.83
571.502745187533
571.502745187533
273.83
512.599903452461
273.83
571.502745187533
635.449752591613
380.070595514677
273.83
273.83
273.83
635.449752591613
273.83
635.449752591613
635.449752591613
273.83
273.83
477.372909353897
571.502745187533
477.372909353897
571.502745187533
273.83
273.83
273.83
512.599903452461
380.070595514677
273.83
571.502745187533
512.599903452461
380.070595514677
635.449752591613
273.83
571.502745187533
571.502745187533
273.83
273.83
635.449752591613
273.83
477.372909353897
635.449752591613
571.502745187533
512.599903452461
635.449752591613
273.83
635.449752591613
380.070595514677
571.502745187533
380.070595514677
477.372909353897
273.83
477.372909353897
273.83
512.599903452461
571.502745187533
273.83
571.502745187533
477.372909353897
571.502745187533
273.83
571.502745187533
273.83
571.502745187533
273.83
273.83
512.599903452461
273.83
571.502745187533
273.83
380.070595514677
273.83
477.372909353897
571.502745187533
273.83
635.449752591613
571.502745187533
571.502745187533
571.502745187533
571.502745187533
571.502745187533
635.449752591613
273.83
571.502745187533
477.372909353897
635.449752591613
635.449752591613
273.83
635.449752591613
571.502745187533
635.449752591613
571.502745187533
273.83
477.372909353897
273.83
273.83
380.070595514677
273.83
477.372909353897
635.449752591613
512.599903452461
571.502745187533
571.502745187533
273.83
635.449752591613
512.599903452461
273.83
273.83
273.83
273.83
273.83
635.449752591613
512.599903452461
273.83
571.502745187533
477.372909353897
635.449752591613
477.372909353897
512.599903452461
273.83
477.372909353897
635.449752591613
273.83
380.070595514677
477.372909353897
571.502745187533
273.83
273.83
512.599903452461
273.83
571.502745187533
273.83
477.372909353897
512.599903452461
571.502745187533
380.070595514677
635.449752591613
273.83
635.449752591613
273.83
571.502745187533
571.502745187533
571.502745187533
380.070595514677
571.502745187533
273.83
571.502745187533
477.372909353897
273.83
273.83
273.83
273.83
273.83
477.372909353897
571.502745187533
273.83
273.83
273.83
