1948 1008.454 1009.414 1009.930 1010.023 1009.850 1010.030 1009.805 1009.969 1010.066 1009.816 1008.194 1006.514
1949 1007.755 1007.854 1007.813 1009.474 1008.860 1009.495 1009.304 1009.377 1009.588 1009.130 1007.917 1006.023
1950 1006.952 1006.664 1007.617 1007.788 1008.286 1008.777 1009.694 1010.061 1009.928 1009.488 1006.997 1005.857
1951 1007.719 1007.111 1006.990 1008.719 1009.649 1009.361 1009.152 1009.916 1009.184 1009.431 1007.860 1007.412
1952 1006.860 1007.553 1008.514 1009.265 1008.689 1009.231 1009.495 1009.446 1009.452 1008.397 1007.392 1007.776
1953 1008.357 1008.792 1008.041 1009.287 1009.727 1009.198 1009.620 1009.084 1009.463 1008.926 1007.999 1007.527
1954 1006.817 1008.605 1008.033 1008.096 1008.151 1008.994 1008.707 1009.114 1009.404 1009.301 1008.482 1006.442
1955 1007.893 1006.760 1006.796 1008.260 1008.804 1009.213 1009.654 1009.202 1008.936 1009.116 1007.228 1007.622
1956 1006.170 1006.769 1007.643 1008.245 1008.682 1009.238 1009.300 1008.963 1008.917 1008.998 1007.710 1006.846
1957 1007.422 1006.221 1008.776 1009.026 1009.094 1009.326 1009.091 1008.657 1009.247 1009.727 1008.054 1007.883
1958 1009.512 1009.090 1008.718 1008.596 1008.043 1008.328 1009.141 1008.497 1008.866 1008.279 1007.685 1008.284
1959 1007.644 1008.455 1008.751 1008.637 1008.309 1009.369 1009.392 1008.682 1008.764 1009.144 1007.917 1006.761
1960 1007.945 1008.476 1008.834 1008.714 1008.641 1009.162 1009.058 1009.635 1008.753 1009.581 1008.221 1008.194
1961 1007.254 1007.732 1008.367 1008.732 1009.185 1009.172 1009.522 1009.434 1009.175 1008.759 1008.732 1007.831
1962 1007.512 1008.420 1008.902 1008.960 1008.624 1009.402 1008.823 1010.241 1009.263 1009.442 1008.085 1008.398
1963 1007.959 1009.677 1008.323 1008.842 1008.341 1009.562 1009.259 1008.479 1009.496 1009.148 1009.173 1008.626
1964 1008.542 1007.570 1008.861 1008.761 1008.901 1009.207 1009.288 1009.689 1008.940 1009.137 1007.815 1007.807
1965 1007.319 1006.705 1009.225 1009.764 1009.154 1010.673 1009.650 1009.798 1009.602 1009.630 1009.380 1007.767
1966 1008.300 1008.452 1008.412 1008.681 1010.326 1010.482 1008.965 1009.967 1010.232 1009.408 1008.307 1007.427
1967 1007.060 1008.099 1007.874 1009.044 1008.944 1009.137 1008.913 1009.566 1009.902 1009.358 1007.920 1008.343
1968 1006.313 1008.059 1008.478 1009.087 1009.380 1010.268 1009.680 1009.986 1009.867 1009.604 1009.444 1007.415
1969 1006.617 1007.056 1008.887 1009.015 1008.840 1009.588 1009.308 1009.998 1009.071 1009.347 1008.467 1007.832
1970 1008.514 1007.838 1007.846 1008.859 1009.002 1009.217 1010.098 1009.146 1009.092 1008.286 1008.713 1006.388
1971 1007.493 1007.357 1008.254 1008.368 1009.129 1009.633 1009.339 1009.726 1009.479 1009.617 1008.496 1006.377
1972 1006.987 1007.397 1008.697 1009.179 1008.391 1008.846 1008.595 1009.956 1009.092 1009.798 1008.981 1008.873
1973 1008.891 1008.974 1009.158 1009.065 1009.782 1009.352 1009.726 1009.582 1010.385 1009.247 1008.324 1008.081
1974 1008.099 1007.286 1009.044 1008.359 1009.140 1009.520 1009.575 1009.751 1009.854 1008.959 1007.825 1007.242
1975 1007.422 1008.792 1008.964 1008.473 1009.314 1009.498 1009.879 1009.986 1009.695 1009.522 1008.597 1008.295
1976 1006.987 1007.959 1007.582 1009.130 1009.781 1009.504 1009.640 1010.033 1010.087 1009.423 1008.545 1007.646
1977 1007.593 1008.644 1008.667 1009.012 1010.041 1009.451 1008.506 1009.415 1010.437 1009.776 1009.046 1008.876
1978 1008.267 1009.289 1009.613 1009.776 1008.854 1009.422 1009.181 1009.637 1009.604 1009.259 1008.453 1008.154
1979 1007.713 1008.369 1009.209 1009.453 1009.634 1009.246 1010.747 1010.464 1009.853 1009.803 1008.359 1008.509
1980 1008.260 1008.564 1008.048 1008.787 1009.646 1009.445 1009.837 1010.000 1010.007 1009.596 1008.858 1008.251
1981 1008.445 1007.815 1009.565 1009.160 1009.512 1009.969 1009.337 1010.544 1009.461 1009.424 1008.674 1008.219
1982 1008.269 1008.633 1007.949 1009.371 1009.363 1009.576 1009.208 1009.130 1010.623 1010.164 1008.866 1009.999
1983 1009.946 1010.873 1011.651 1010.918 1010.063 1009.840 1009.587 1010.643 1009.780 1009.429 1009.410 1008.851
1984 1008.594 1007.799 1009.746 1009.650 1009.494 1009.585 1009.285 1009.616 1009.907 1009.293 1008.982 1006.266
1985 1008.547 1006.628 1007.093 1008.485 1008.446 1009.356 1009.999 1009.835 1009.581 1009.564 1008.203 1008.367
1986 1007.139 1009.011 1008.802 1008.424 1009.289 1008.635 1009.934 1008.890 1009.462 1010.557 1008.087 1008.403
1987 1008.855 1008.600 1010.160 1010.037 1010.131 1010.016 1010.345 1009.882 1010.678 1010.112 1008.738 1008.235
1988 1007.643 1007.563 1008.349 1009.521 1009.497 1010.342 1009.996 1010.597 1009.502 1008.827 1008.957 1008.480
1989 1007.547 1008.438 1009.201 1008.243 1009.065 1010.353 1009.825 1010.101 1010.088 1009.260 1008.137 1009.036
1990 1006.819 1009.370 1008.201 1008.991 1009.128 1009.384 1009.761 1009.699 1010.116 1010.207 1007.594 1007.909
1991 1008.150 1008.396 1008.499 1008.906 1009.648 1009.891 1009.824 1009.684 1009.937 1009.209 1008.984 1008.600
1992 1010.043 1009.791 1010.587 1009.857 1009.546 1008.947 1010.058 1009.982 1009.793 1008.763 1009.263 1008.078
1993 1009.151 1009.392 1009.360 1009.417 1010.002 1010.079 1009.300 1010.992 1010.813 1010.118 1008.839 1007.867
1994 1008.169 1008.417 1009.494 1009.610 1009.829 1009.562 1009.478 1010.396 1010.943 1010.739 1009.381 1008.242
1995 1008.920 1009.715 1009.343 1008.674 1009.862 1010.304 1009.827 1009.882 1010.580 1009.319 1009.118 1009.387
1996 1007.891 1008.135 1008.700 1009.644 1010.814 1010.561 1009.799 1010.800 1009.120 1009.311 1008.301 1006.783
1997 1008.826 1007.305 1008.030 1009.649 1009.365 1010.720 1009.523 1010.668 1011.252 1010.868 1011.441 1009.052
1998 1009.808 1011.617 1010.865 1011.386 1010.498 1010.397 1010.960 1010.505 1010.518 1009.709 1008.623 1007.931
1999 1007.580 1008.563 1007.903 1009.127 1009.366 1009.875 1009.254 1010.298 1010.244 1009.172 1008.515 1008.038
2000 1007.351 1008.538 1009.011 1008.614 1009.435 1009.008 1009.159 1008.382 1009.826 1008.020 1007.145 1007.264
2001 1007.733 1006.161 1008.504 1008.283 1009.292 1008.125 1009.200 1008.609 1009.330 1008.347 1007.935 1007.158
2002 1008.327 1008.601 1008.589 1008.628 1008.692 1008.404 1009.306 1008.477 1009.612 1007.919 1007.514 1008.599
2003 1008.141 1007.880 1008.477 1008.407 1008.469 1009.412 1008.875 1009.497 1009.537 1008.977 1007.753 1007.157
2004 1008.183 1007.936 1007.540 1008.366 1009.095 1009.096 1009.295 1009.311 1009.336 1008.819 1008.013 1007.445
2005 1007.054 1007.838 1009.049 1008.316 1008.650 1008.941 1008.856 1009.572 1009.053 1009.111 1007.953 1007.476
2006 1006.624 1007.478 1008.079 1008.387 1009.716 1008.717 1009.482 1008.732 1008.926 1008.980 1008.205 1007.607
2007 1007.358 1008.027 1007.721 1009.014 1009.084 1007.602 1008.851 1009.204 1008.546 1009.075 1006.821 1007.221
2008 1006.928 1008.523 1008.963 1008.275 1009.525 1009.311 1009.322 1009.596 1009.434 1009.629 1008.290 1007.418
2009 1008.039 1007.571 1008.619 1008.616 1008.554 1009.296 1008.212 1009.116 1008.425 1008.654 1006.996 1007.740
2010 1007.181 1008.935 1008.377 1009.489 1008.383 1009.738 1009.643 1009.915 1010.039 1009.107 1008.556 1006.815
2011 1006.924 1008.077 1008.027 1008.878 1008.712 1008.511 1008.588 1008.979 1009.635 1009.707 1008.080 1006.912
2012 1007.651 1008.020 1007.365 1009.209 1008.672 1009.065 1008.178 1009.603 1009.076 1009.144 1007.924 1006.981
2013 1007.136 1007.740 1008.645 1008.861 1009.214 1008.351 1008.462 1009.632 1009.365 1009.837 1008.417 1007.573
2014 1007.593 1007.167 1009.146 1009.537 1010.035 1009.119 1009.693 -999.999 -999.999 -999.999 -999.999 -999.999