1948   26.749   26.634   26.322   26.514   26.860   26.792   26.775   26.915   26.596   26.661   26.896   27.318
1949   27.306   27.482   27.170   26.977   26.947   27.166   27.273   27.114   26.887   26.578   26.756   27.053
1950   27.004   27.148   27.116   27.159   27.278   27.265   27.368   26.854   26.923   26.916   27.283   27.579
1951   27.222   27.301   27.571   27.264   27.393   27.660   27.660   27.693   27.813   27.536   27.681   27.569
1952   27.822   27.815   27.700   27.547   27.811   27.750   27.541   27.421   27.401   27.886   27.804   27.731
1953   27.658   27.513   27.644   27.558   27.308   27.456   27.398   27.438   27.299   27.532   27.849   27.670
1954   27.358   27.356   27.440   27.335   27.195   26.963   26.964   26.859   26.893   26.713   26.781   27.123
1955   27.041   27.112   27.312   27.123   27.213   27.074   26.956   26.758   26.962   26.814   26.998   27.113
1956   27.230   27.251   27.496   27.280   27.115   26.925   26.965   27.226   26.782   26.900   27.228   27.374
1957   27.468   27.977   27.524   27.558   27.385   27.311   27.176   27.426   27.024   27.040   27.343   26.877
1958   27.653   28.004   27.706   27.923   27.868   27.772   27.691   27.540   27.574   27.861   27.704   27.776
1959   27.933   27.573   27.776   27.528   27.472   27.464   27.574   27.382   27.559   27.341   27.558   27.930
1960   27.479   27.523   27.688   27.492   27.537   27.386   27.348   27.457   27.514   27.566   27.785   27.718
1961   27.943   27.511   27.702   27.474   27.709   27.448   27.317   27.396   27.263   27.464   27.367   27.485
1962   27.462   27.469   27.248   27.518   27.658   27.405   27.568   27.051   27.288   27.333   27.442   27.433
1963   27.064   27.024   27.501   27.494   27.486   27.392   27.227   27.378   27.446   27.626   27.216   27.348
1964   27.333   27.724   27.347   27.163   27.359   27.058   26.815   26.695   26.748   26.851   27.194   26.871
1965   27.172   27.193   26.940   26.903   27.101   26.954   26.973   26.956   27.306   27.368   27.361   27.389
1966   27.366   27.330   27.453   27.557   27.314   27.357   27.465   27.304   27.371   27.643   27.610   27.507
1967   27.789   27.447   27.674   27.674   27.842   27.407   27.641   27.543   27.506   27.634   27.486   27.757
1968   27.630   27.633   27.315   27.403   27.277   27.254   27.241   27.300   27.394   27.509   27.466   27.945
1969   27.835   28.243   28.053   28.122   27.949   27.679   27.617   27.582   27.750   27.828   28.147   28.077
1970   28.041   28.142   27.922   27.660   27.545   27.667   27.345   27.451   27.246   27.235   27.272   27.324
1971   27.175   27.147   27.360   27.275   27.053   27.088   26.751   26.825   27.031   26.969   27.271   27.424
1972   27.271   27.365   27.520   27.581   28.024   27.684   27.493   27.215   27.725   27.383   27.795   27.732
1973   27.603   27.985   27.911   27.680   27.635   27.585   27.198   27.333   27.093   27.079   27.383   27.117
1974   26.714   27.044   27.162   27.285   27.399   27.290   27.368   27.283   27.232   27.248   27.346   27.302
1975   27.134   26.999   27.139   27.023   26.982   26.903   26.805   26.458   26.689   26.743   26.603   26.580
1976   27.020   26.919   27.469   27.551   27.439   27.203   27.374   27.162   27.478   28.006   27.979   27.995
1977   27.855   27.907   27.986   27.885   27.813   27.905   27.851   27.753   27.802   28.082   28.004   28.151
1978   27.965   28.130   27.885   27.757   27.993   27.819   27.702   27.660   27.856   27.889   28.107   28.240
1979   28.210   27.854   28.068   27.822   27.746   27.931   27.812   27.584   27.910   28.135   28.419   28.082
1980   28.071   27.966   28.101   27.883   28.006   28.048   27.834   27.741   27.927   28.026   27.947   27.997
1981   28.125   28.186   27.922   28.044   27.826   27.926   27.630   27.476   27.960   28.128   28.155   28.430
1982   27.989   27.998   28.181   28.122   28.422   28.246   27.837   27.557   27.379   27.675   27.616   27.628
1983   27.936   27.588   27.702   27.643   28.085   27.904   27.792   27.681   27.940   27.708   27.913   27.974
1984   27.978   27.696   27.344   27.450   27.471   27.522   27.605   27.685   27.772   27.850   27.948   27.989
1985   27.950   27.863   27.711   27.436   27.557   27.583   27.481   27.618   27.684   27.774   28.084   28.202
1986   28.361   28.148   28.310   28.135   28.044   28.123   27.592   28.013   28.225   28.186   28.436   28.178
1987   27.977   28.117   27.942   28.003   27.768   27.773   27.419   27.403   27.582   28.021   28.509   28.569
1988   28.371   28.315   28.124   27.718   27.898   27.638   27.574   27.207   27.360   27.130   27.212   27.289
1989   27.263   27.232   27.090   27.468   27.600   27.435   27.361   27.270   27.224   27.574   27.864   27.908
1990   27.977   27.844   28.289   27.934   27.761   27.857   27.715   27.661   27.670   27.892   28.412   28.228
1991   28.056   28.239   28.157   28.107   28.154   27.995   27.832   28.152   27.804   27.899   27.795   27.779
1992   27.557   27.510   27.403   27.717   27.610   27.615   27.431   27.529   27.638   27.723   25.797   25.816
1993   25.384   25.368   27.527   27.601   27.532   27.450   27.206   26.809   27.165   27.436   27.730   28.048
1994   27.685   27.807   27.581   27.548   27.771   27.589   27.371   27.324   27.217   27.342   27.657   27.912
1995   27.830   27.516   27.804   27.798   27.560   27.522   27.403   27.305   27.371   27.451   27.459   27.758
1996   27.578   27.503   27.485   27.345   27.090   27.133   27.165   27.099   27.539   27.497   27.770   28.116
1997   27.831   27.951   28.164   28.050   27.784   27.381   27.691   27.176   27.063   27.382   27.805   28.626
1998   28.208   28.018   28.096   27.982   28.071   27.619   27.314   27.770   27.583   28.082   27.974   28.487
1999   28.042   27.521   27.280   27.501   27.651   27.555   27.809   27.753   27.753   27.888   28.135   28.219
2000   28.038   27.927   27.452   27.952   27.986   28.113   27.966   28.264   28.152   28.497   28.817   28.541
2001   28.634   28.392   28.655   28.559   28.417   28.607   28.314   28.508   28.556   28.785   28.816   28.597
2002   28.272   28.452   28.314   28.555   29.025   28.853   28.402   28.263   28.220   28.486   28.811   28.866
2003   28.558   28.512   28.658   28.750   28.931   28.482   28.605   28.443   28.666   28.733   28.929   29.055
2004   28.718   28.696   28.548   28.492   28.345   28.311   28.166   28.256   28.671   28.965   29.118   29.078
2005   29.125   29.046   28.899   28.999   28.901   28.670   28.548   28.520   28.566   28.877   29.021   29.084
2006   29.001   28.698   28.759   28.728   28.670   28.669   28.447   28.493   28.723   28.524   28.861   29.102
2007   29.204   28.764   29.042   28.851   28.649   28.948   28.760   28.630   28.469   28.326   28.383   28.241
2008   27.850   27.522   27.527   27.741   27.864   27.783   27.989   27.961   28.056   28.399   28.242   28.210
2009   28.349   28.271   28.184   28.615   28.670   28.338   28.385   28.220   28.651   28.719   28.751   28.580
2010   28.663   28.501   28.610   28.568   28.922   28.526   28.100   27.827   27.704   27.656   27.732   27.563
2011   27.803   27.969   28.042   28.360   28.357   28.542   28.366   28.231   28.217   28.079   28.306   28.280
2012   27.932   27.982   28.052   28.287   28.324   28.271   28.234   28.387   28.628   28.884   29.198   29.254
2013   29.036   28.657   28.488   28.748   28.746   28.473   28.429   28.078   28.300   28.514   28.695   28.942
2014   28.499   28.588   28.632   28.662   28.639   28.608   28.238 -999.999 -999.999 -999.999 -999.999 -999.999