436.401752878345
401.996508807702
469.399954721345
469.399954721345
469.399954721345
807.381923913154
436.401752878345
436.401752878345
469.399954721345
469.399954721345
436.401752878345
456.305551111929
469.399954721345
786.931967608014
401.996508807702
456.305551111929
786.931967608014
436.401752878345
456.305551111929
456.305551111929
436.401752878345
807.381923913154
469.399954721345
469.399954721345
401.996508807702
469.399954721345
436.401752878345
401.996508807702
469.399954721345
469.399954721345
469.399954721345
436.401752878345
456.305551111929
786.931967608014
436.401752878345
807.381923913154
469.399954721345
469.399954721345
469.399954721345
469.399954721345
807.381923913154
469.399954721345
469.399954721345
469.399954721345
436.401752878345
786.931967608014
401.996508807702
469.399954721345
469.399954721345
807.381923913154
436.401752878345
807.381923913154
469.399954721345
469.399954721345
469.399954721345
469.399954721345
469.399954721345
469.399954721345
786.931967608014
807.381923913154
401.996508807702
401.996508807702
436.401752878345
469.399954721345
469.399954721345
436.401752878345
401.996508807702
469.399954721345
456.305551111929
469.399954721345
436.401752878345
469.399954721345
469.399954721345
436.401752878345
456.305551111929
469.399954721345
469.399954721345
469.399954721345
436.401752878345
469.399954721345
469.399954721345
436.401752878345
469.399954721345
469.399954721345
807.381923913154
436.401752878345
469.399954721345
469.399954721345
469.399954721345
807.381923913154
456.305551111929
469.399954721345
469.399954721345
469.399954721345
401.996508807702
456.305551111929
401.996508807702
786.931967608014
436.401752878345
456.305551111929
469.399954721345
436.401752878345
469.399954721345
469.399954721345
456.305551111929
469.399954721345
456.305551111929
436.401752878345
436.401752878345
786.931967608014
436.401752878345
436.401752878345
807.381923913154
456.305551111929
436.401752878345
436.401752878345
786.931967608014
436.401752878345
469.399954721345
469.399954721345
456.305551111929
436.401752878345
401.996508807702
456.305551111929
401.996508807702
469.399954721345
469.399954721345
456.305551111929
456.305551111929
401.996508807702
436.401752878345
469.399954721345
401.996508807702
469.399954721345
469.399954721345
807.381923913154
469.399954721345
456.305551111929
436.401752878345
469.399954721345
436.401752878345
469.399954721345
469.399954721345
469.399954721345
456.305551111929
469.399954721345
436.401752878345
807.381923913154
469.399954721345
469.399954721345
436.401752878345
456.305551111929
469.399954721345
456.305551111929
469.399954721345
469.399954721345
456.305551111929
469.399954721345
436.401752878345
456.305551111929
401.996508807702
469.399954721345
469.399954721345
436.401752878345
469.399954721345
456.305551111929
469.399954721345
401.996508807702
807.381923913154
436.401752878345
469.399954721345
469.399954721345
469.399954721345
436.401752878345
436.401752878345
469.399954721345
807.381923913154
807.381923913154
469.399954721345
469.399954721345
469.399954721345
436.401752878345
436.401752878345
469.399954721345
436.401752878345
456.305551111929
469.399954721345
436.401752878345
401.996508807702
469.399954721345
401.996508807702
401.996508807702
469.399954721345
436.401752878345
469.399954721345
436.401752878345
469.399954721345
456.305551111929
469.399954721345
456.305551111929
436.401752878345
469.399954721345
786.931967608014
436.401752878345
786.931967608014
436.401752878345
786.931967608014
469.399954721345
436.401752878345
436.401752878345
469.399954721345
401.996508807702
807.381923913154
456.305551111929
469.399954721345
401.996508807702
401.996508807702
469.399954721345
469.399954721345
401.996508807702
456.305551111929
469.399954721345
807.381923913154
401.996508807702
456.305551111929
469.399954721345
469.399954721345
436.401752878345
469.399954721345
436.401752878345
786.931967608014
786.931967608014
469.399954721345
436.401752878345
469.399954721345
436.401752878345
436.401752878345
469.399954721345
436.401752878345
469.399954721345
401.996508807702
469.399954721345
469.399954721345
469.399954721345
469.399954721345
807.381923913154
436.401752878345
469.399954721345
456.305551111929
401.996508807702
456.305551111929
401.996508807702
469.399954721345
469.399954721345
401.996508807702
401.996508807702
436.401752878345
456.305551111929
401.996508807702
469.399954721345
401.996508807702
436.401752878345
807.381923913154
469.399954721345
456.305551111929
456.305551111929
469.399954721345
469.399954721345
469.399954721345
807.381923913154
436.401752878345
436.401752878345
786.931967608014
436.401752878345
436.401752878345
469.399954721345
401.996508807702
469.399954721345
469.399954721345
469.399954721345
469.399954721345
469.399954721345
436.401752878345
456.305551111929
469.399954721345
456.305551111929
456.305551111929
469.399954721345
436.401752878345
469.399954721345
436.401752878345
469.399954721345
469.399954721345
469.399954721345
807.381923913154
401.996508807702
469.399954721345
469.399954721345
469.399954721345
436.401752878345
