1008.80466666667 1007.95966666667 1007.747 1007.50933333333 1008.22366666667 1008.831 1009.47166666667 1009.64166666667 1009.72566666667 1009.92 1009.84766666667 1009.35166666667 1008.538 1007.928 1007.961 1008.30133333333 1008.77433333333 1009.24 1009.50133333333 1009.33266666667 1009.124 1009.45266666667 1009.876 1009.753 1009.23266666667 1008.72966666667 1008.81066666667
1008.538 1007.928 1007.961 1008.30133333333 1008.77433333333 1009.24 1009.50133333333 1009.33266666667 1009.124 1009.45266666667 1009.876 1009.753 1009.23266666667 1008.72966666667 1008.81066666667 1009.05633333333 1009.55933333333 1009.41433333333 1009.35066666667 1009.15233333333 1009.41333333333 1009.474 1009.5 1009.10533333333 1008.622 1008.10666666667 1008.07866666667
1009.23266666667 1008.72966666667 1008.81066666667 1009.05633333333 1009.55933333333 1009.41433333333 1009.35066666667 1009.15233333333 1009.41333333333 1009.474 1009.5 1009.10533333333 1008.622 1008.10666666667 1008.07866666667 1008.43033333333 1009.01033333333 1009.432 1009.44433333333 1009.87566666667 1010.15233333333 1010.35466666667 1010.04 1009.33833333333 1008.89033333333 1008.376 1008.44433333333
1008.622 1008.10666666667 1008.07866666667 1008.43033333333 1009.01033333333 1009.432 1009.44433333333 1009.87566666667 1010.15233333333 1010.35466666667 1010.04 1009.33833333333 1008.89033333333 1008.376 1008.44433333333 1008.29066666667 1008.46633333333 1008.827 1009.29266666667 1009.64266666667 1009.76066666667 1009.948 1009.86766666667 1009.487 1008.90166666667 1008.518 1008.17033333333
1008.89033333333 1008.376 1008.44433333333 1008.29066666667 1008.46633333333 1008.827 1009.29266666667 1009.64266666667 1009.76066666667 1009.948 1009.86766666667 1009.487 1008.90166666667 1008.518 1008.17033333333 1008.60833333333 1008.84666666667 1009.41233333333 1009.547 1009.606 1009.95 1009.78066666667 1009.80966666667 1009.18633333333 1008.77233333333 1008.38733333333 1008.37366666667
1008.90166666667 1008.518 1008.17033333333 1008.60833333333 1008.84666666667 1009.41233333333 1009.547 1009.606 1009.95 1009.78066666667 1009.80966666667 1009.18633333333 1008.77233333333 1008.38733333333 1008.37366666667 1008.28366666667 1008.651 1008.89433333333 1009.43666666667 1009.38233333333 1009.30466666667 1009.65366666667 1009.97233333333 1009.88433333333 1009.67633333333 1009.60366666667 1010.27266666667
1008.77233333333 1008.38733333333 1008.37366666667 1008.28366666667 1008.651 1008.89433333333 1009.43666666667 1009.38233333333 1009.30466666667 1009.65366666667 1009.97233333333 1009.88433333333 1009.67633333333 1009.60366666667 1010.27266666667 1010.82333333333 1011.14733333333 1010.87733333333 1010.27366666667 1009.83 1010.02333333333 1010.00333333333 1009.95066666667 1009.53966666667 1009.23 1008.95166666667 1008.41466666667
1009.67633333333 1009.60366666667 1010.27266666667 1010.82333333333 1011.14733333333 1010.87733333333 1010.27366666667 1009.83 1010.02333333333 1010.00333333333 1009.95066666667 1009.53966666667 1009.23 1008.95166666667 1008.41466666667 1008.713 1009.065 1009.63 1009.57633333333 1009.45466666667 1009.49533333333 1009.60266666667 1009.60533333333 1009.394 1008.18033333333 1007.93166666667 1007.147
1009.23 1008.95166666667 1008.41466666667 1008.713 1009.065 1009.63 1009.57633333333 1009.45466666667 1009.49533333333 1009.60266666667 1009.60533333333 1009.394 1008.18033333333 1007.93166666667 1007.147 1007.42266666667 1007.402 1008.008 1008.76233333333 1009.267 1009.73 1009.805 1009.66 1009.116 1008.71133333333 1007.903 1008.17233333333
1008.18033333333 1007.93166666667 1007.147 1007.42266666667 1007.402 1008.008 1008.76233333333 1009.267 1009.73 1009.805 1009.66 1009.116 1008.71133333333 1007.903 1008.17233333333 1008.31733333333 1008.74566666667 1008.83833333333 1008.78266666667 1009.286 1009.153 1009.42866666667 1009.63633333333 1009.36866666667 1009.01566666667 1008.44833333333 1008.61933333333
1008.71133333333 1007.903 1008.17233333333 1008.31733333333 1008.74566666667 1008.83833333333 1008.78266666667 1009.286 1009.153 1009.42866666667 1009.63633333333 1009.36866666667 1009.01566666667 1008.44833333333 1008.61933333333 1009.205 1009.599 1010.10933333333 1010.06133333333 1010.164 1010.081 1010.30166666667 1010.224 1009.84266666667 1009.02833333333 1008.20533333333 1007.81366666667
1009.01566666667 1008.44833333333 1008.61933333333 1009.205 1009.599 1010.10933333333 1010.06133333333 1010.164 1010.081 1010.30166666667 1010.224 1009.84266666667 1009.02833333333 1008.20533333333 1007.81366666667 1007.85166666667 1008.47766666667 1009.12233333333 1009.78666666667 1009.945 1010.31166666667 1010.03166666667 1009.642 1009.09533333333 1008.75466666667 1008.328 1008.155
1009.02833333333 1008.20533333333 1007.81366666667 1007.85166666667 1008.47766666667 1009.12233333333 1009.78666666667 1009.945 1010.31166666667 1010.03166666667 1009.642 1009.09533333333 1008.75466666667 1008.328 1008.155 1008.39533333333 1008.62733333333 1008.83633333333 1009.22033333333 1009.74766666667 1010.093 1010.00466666667 1009.81633333333 1009.16166666667 1008.811 1007.99733333333 1008.40833333333
1008.75466666667 1008.328 1008.155 1008.39533333333 1008.62733333333 1008.83633333333 1009.22033333333 1009.74766666667 1010.093 1010.00466666667 1009.81633333333 1009.16166666667 1008.811 1007.99733333333 1008.40833333333 1008.13 1008.854 1008.77333333333 1009.16766666667 1009.42433333333 1009.61466666667 1009.85866666667 1010.00733333333 1009.30566666667 1008.57 1007.88433333333 1008.15166666667
1008.811 1007.99733333333 1008.40833333333 1008.13 1008.854 1008.77333333333 1009.16766666667 1009.42433333333 1009.61466666667 1009.85866666667 1010.00733333333 1009.30566666667 1008.57 1007.88433333333 1008.15166666667 1008.34833333333 1008.60033333333 1009.01766666667 1009.48166666667 1009.78766666667 1009.79966666667 1009.815 1009.61 1009.37666666667 1008.931 1009.209 1009.478
1008.57 1007.88433333333 1008.15166666667 1008.34833333333 1008.60033333333 1009.01766666667 1009.48166666667 1009.78766666667 1009.79966666667 1009.815 1009.61 1009.37666666667 1008.931 1009.209 1009.478 1010.14033333333 1010.07833333333 1009.99666666667 1009.45 1009.517 1009.66233333333 1009.94433333333 1009.51266666667 1009.273 1008.70133333333 1008.83066666667 1008.87366666667
1008.931 1009.209 1009.478 1010.14033333333 1010.07833333333 1009.99666666667 1009.45 1009.517 1009.66233333333 1009.94433333333 1009.51266666667 1009.273 1008.70133333333 1008.83066666667 1008.87366666667 1009.301 1009.38966666667 1009.593 1009.83266666667 1009.79366666667 1010.12366666667 1010.36833333333 1010.641 1009.92333333333 1008.94133333333 1008.29166666667 1008.151
1008.70133333333 1008.83066666667 1008.87366666667 1009.301 1009.38966666667 1009.593 1009.83266666667 1009.79366666667 1010.12366666667 1010.36833333333 1010.641 1009.92333333333 1008.94133333333 1008.29166666667 1008.151 1008.69333333333 1009.17366666667 1009.64433333333 1009.667 1009.623 1009.812 1010.27233333333 1010.69266666667 1010.35433333333 1009.454 1008.84766666667 1008.959
1008.94133333333 1008.29166666667 1008.151 1008.69333333333 1009.17366666667 1009.64433333333 1009.667 1009.623 1009.812 1010.27233333333 1010.69266666667 1010.35433333333 1009.454 1008.84766666667 1008.959 1009.326 1009.244 1009.293 1009.61333333333 1009.99766666667 1010.00433333333 1010.09633333333 1009.927 1009.67233333333 1009.27466666667 1008.79866666667 1008.471
1009.454 1008.84766666667 1008.959 1009.326 1009.244 1009.293 1009.61333333333 1009.99766666667 1010.00433333333 1010.09633333333 1009.927 1009.67233333333 1009.27466666667 1008.79866666667 1008.471 1008.242 1008.82633333333 1009.71933333333 1010.33966666667 1010.39133333333 1010.38666666667 1009.90633333333 1009.74366666667 1008.91066666667 1008.13166666667 1007.97 1007.638
1009.27466666667 1008.79866666667 1008.471 1008.242 1008.82633333333 1009.71933333333 1010.33966666667 1010.39133333333 1010.38666666667 1009.90633333333 1009.74366666667 1008.91066666667 1008.13166666667 1007.97 1007.638 1008.05366666667 1008.328 1009.01466666667 1009.91133333333 1009.86933333333 1010.30366666667 1010.481 1010.92933333333 1011.187 1010.45366666667 1010.10033333333 1010.159
1008.13166666667 1007.97 1007.638 1008.05366666667 1008.328 1009.01466666667 1009.91133333333 1009.86933333333 1010.30366666667 1010.481 1010.92933333333 1011.187 1010.45366666667 1010.10033333333 1010.159 1010.76333333333 1011.28933333333 1010.91633333333 1010.76033333333 1010.61833333333 1010.62066666667 1010.661 1010.244 1009.61666666667 1008.75433333333 1008.04466666667 1008.02466666667
1010.45366666667 1010.10033333333 1010.159 1010.76333333333 1011.28933333333 1010.91633333333 1010.76033333333 1010.61833333333 1010.62066666667 1010.661 1010.244 1009.61666666667 1008.75433333333 1008.04466666667 1008.02466666667 1008.01533333333 1008.531 1008.79866666667 1009.456 1009.49833333333 1009.809 1009.932 1009.90466666667 1009.31033333333 1008.575 1007.968 1007.97566666667
1008.75433333333 1008.04466666667 1008.02466666667 1008.01533333333 1008.531 1008.79866666667 1009.456 1009.49833333333 1009.809 1009.932 1009.90466666667 1009.31033333333 1008.575 1007.968 1007.97566666667 1008.3 1008.721 1009.02 1009.019 1009.20066666667 1008.84966666667 1009.12233333333 1008.74266666667 1008.33033333333 1007.47633333333 1007.38066666667 1007.05266666667
1008.575 1007.968 1007.97566666667 1008.3 1008.721 1009.02 1009.019 1009.20066666667 1008.84966666667 1009.12233333333 1008.74266666667 1008.33033333333 1007.47633333333 1007.38066666667 1007.05266666667 1007.466 1007.64933333333 1008.693 1008.56666666667 1008.87233333333 1008.64466666667 1009.04633333333 1008.762 1008.53733333333 1007.81333333333 1007.80666666667 1008.02866666667
1007.47633333333 1007.38066666667 1007.05266666667 1007.466 1007.64933333333 1008.693 1008.56666666667 1008.87233333333 1008.64466666667 1009.04633333333 1008.762 1008.53733333333 1007.81333333333 1007.80666666667 1008.02866666667 1008.50566666667 1008.606 1008.63633333333 1008.57466666667 1008.80066666667 1008.729 1009.13166666667 1008.66933333333 1008.34833333333 1008.01066666667 1008.08466666667 1008.20666666667
1007.81333333333 1007.80666666667 1008.02866666667 1008.50566666667 1008.606 1008.63633333333 1008.57466666667 1008.80066666667 1008.729 1009.13166666667 1008.66933333333 1008.34833333333 1008.01066666667 1008.08466666667 1008.20666666667 1008.166 1008.25466666667 1008.451 1008.76266666667 1008.91866666667 1009.26133333333 1009.303 1009.337 1008.75566666667 1007.96233333333 1007.69766666667 1007.75866666667
1008.01066666667 1008.08466666667 1008.20666666667 1008.166 1008.25466666667 1008.451 1008.76266666667 1008.91866666667 1009.26133333333 1009.303 1009.337 1008.75566666667 1007.96233333333 1007.69766666667 1007.75866666667 1007.88633333333 1007.94733333333 1008.33366666667 1008.85233333333 1009.162 1009.234 1009.314 1009.15533333333 1008.72266666667 1008.09233333333 1007.504 1007.44566666667
1007.96233333333 1007.69766666667 1007.75866666667 1007.88633333333 1007.94733333333 1008.33366666667 1008.85233333333 1009.162 1009.234 1009.314 1009.15533333333 1008.72266666667 1008.09233333333 1007.504 1007.44566666667 1007.98033333333 1008.401 1008.67166666667 1008.63566666667 1008.81566666667 1009.123 1009.16033333333 1009.24533333333 1008.70566666667 1008.18 1007.351 1007.19266666667
1008.09233333333 1007.504 1007.44566666667 1007.98033333333 1008.401 1008.67166666667 1008.63566666667 1008.81566666667 1009.123 1009.16033333333 1009.24533333333 1008.70566666667 1008.18 1007.351 1007.19266666667 1007.39366666667 1007.98133333333 1008.72733333333 1008.94 1009.305 1008.977 1009.04666666667 1008.87933333333 1008.70366666667 1008.264 1007.72333333333 1007.664
1008.18 1007.351 1007.19266666667 1007.39366666667 1007.98133333333 1008.72733333333 1008.94 1009.305 1008.977 1009.04666666667 1008.87933333333 1008.70366666667 1008.264 1007.72333333333 1007.664 1007.702 1008.254 1008.60633333333 1008.56666666667 1008.51233333333 1008.55233333333 1008.867 1008.94166666667 1008.14733333333 1007.70566666667 1006.99 1007.55733333333
1008.264 1007.72333333333 1007.664 1007.702 1008.254 1008.60633333333 1008.56666666667 1008.51233333333 1008.55233333333 1008.867 1008.94166666667 1008.14733333333 1007.70566666667 1006.99 1007.55733333333 1008.138 1008.587 1008.921 1009.037 1009.386 1009.40966666667 1009.45066666667 1009.553 1009.11766666667 1008.44566666667 1007.91566666667 1007.676
1007.70566666667 1006.99 1007.55733333333 1008.138 1008.587 1008.921 1009.037 1009.386 1009.40966666667 1009.45066666667 1009.553 1009.11766666667 1008.44566666667 1007.91566666667 1007.676 1008.07633333333 1008.26866666667 1008.59633333333 1008.822 1008.68733333333 1008.87466666667 1008.58433333333 1008.73166666667 1008.025 1007.79666666667 1007.30566666667 1007.952
1008.44566666667 1007.91566666667 1007.676 1008.07633333333 1008.26866666667 1008.59633333333 1008.822 1008.68733333333 1008.87466666667 1008.58433333333 1008.73166666667 1008.025 1007.79666666667 1007.30566666667 1007.952 1008.16433333333 1008.93366666667 1008.74966666667 1009.20333333333 1009.25466666667 1009.76533333333 1009.86566666667 1009.687 1009.234 1008.15933333333 1007.43166666667 1007.272
1007.79666666667 1007.30566666667 1007.952 1008.16433333333 1008.93366666667 1008.74966666667 1009.20333333333 1009.25466666667 1009.76533333333 1009.86566666667 1009.687 1009.234 1008.15933333333 1007.43166666667 1007.272 1007.676 1008.32733333333 1008.539 1008.70033333333 1008.60366666667 1008.69266666667 1009.06733333333 1009.44033333333 1009.14066666667 1008.233 1007.54766666667 1007.52766666667
1008.15933333333 1007.43166666667 1007.272 1007.676 1008.32733333333 1008.539 1008.70033333333 1008.60366666667 1008.69266666667 1009.06733333333 1009.44033333333 1009.14066666667 1008.233 1007.54766666667 1007.52766666667 1007.67866666667 1008.198 1008.41533333333 1008.982 1008.63833333333 1008.94866666667 1008.95233333333 1009.27433333333 1008.71466666667 1008.01633333333 1007.347 1007.28566666667
1008.233 1007.54766666667 1007.52766666667 1007.67866666667 1008.198 1008.41533333333 1008.982 1008.63833333333 1008.94866666667 1008.95233333333 1009.27433333333 1008.71466666667 1008.01633333333 1007.347 1007.28566666667 1007.84033333333 1008.41533333333 1008.90666666667 1008.80866666667 1008.67566666667 1008.815 1009.153 1009.61133333333 1009.20633333333 1008.609 1007.861 1007.44433333333
