-0.7
-0.91
-0.35
-0.35
-0.35
1.34
-0.7
-0.7
-0.35
-0.35
-0.7
-0.52
-0.35
1.17
-0.91
-0.52
1.17
-0.7
-0.52
-0.52
-0.7
1.34
-0.35
-0.35
-0.91
-0.35
-0.7
-0.91
-0.35
-0.35
-0.35
-0.7
-0.52
1.17
-0.7
1.34
-0.35
-0.35
-0.35
-0.35
1.34
-0.35
-0.35
-0.35
-0.7
1.17
-0.91
-0.35
-0.35
1.34
-0.7
1.34
-0.35
-0.35
-0.35
-0.35
-0.35
-0.35
1.17
1.34
-0.91
-0.91
-0.7
-0.35
-0.35
-0.7
-0.91
-0.35
-0.52
-0.35
-0.7
-0.35
-0.35
-0.7
-0.52
-0.35
-0.35
-0.35
-0.7
-0.35
-0.35
-0.7
-0.35
-0.35
1.34
-0.7
-0.35
-0.35
-0.35
1.34
-0.52
-0.35
-0.35
-0.35
-0.91
-0.52
-0.91
1.17
-0.7
-0.52
-0.35
-0.7
-0.35
-0.35
-0.52
-0.35
-0.52
-0.7
-0.7
1.17
-0.7
-0.7
1.34
-0.52
-0.7
-0.7
1.17
-0.7
-0.35
-0.35
-0.52
-0.7
-0.91
-0.52
-0.91
-0.35
-0.35
-0.52
-0.52
-0.91
-0.7
-0.35
-0.91
-0.35
-0.35
1.34
-0.35
-0.52
-0.7
-0.35
-0.7
-0.35
-0.35
-0.35
-0.52
-0.35
-0.7
1.34
-0.35
-0.35
-0.7
-0.52
-0.35
-0.52
-0.35
-0.35
-0.52
-0.35
-0.7
-0.52
-0.91
-0.35
-0.35
-0.7
-0.35
-0.52
-0.35
-0.91
1.34
-0.7
-0.35
-0.35
-0.35
-0.7
-0.7
-0.35
1.34
1.34
-0.35
-0.35
-0.35
-0.7
-0.7
-0.35
-0.7
-0.52
-0.35
-0.7
-0.91
-0.35
-0.91
-0.91
-0.35
-0.7
-0.35
-0.7
-0.35
-0.52
-0.35
-0.52
-0.7
-0.35
1.17
-0.7
1.17
-0.7
1.17
-0.35
-0.7
-0.7
-0.35
-0.91
1.34
-0.52
-0.35
-0.91
-0.91
-0.35
-0.35
-0.91
-0.52
-0.35
1.34
-0.91
-0.52
-0.35
-0.35
-0.7
-0.35
-0.7
1.17
1.17
-0.35
-0.7
-0.35
-0.7
-0.7
-0.35
-0.7
-0.35
-0.91
-0.35
-0.35
-0.35
-0.35
1.34
-0.7
-0.35
-0.52
-0.91
-0.52
-0.91
-0.35
-0.35
-0.91
-0.91
-0.7
-0.52
-0.91
-0.35
-0.91
-0.7
1.34
-0.35
-0.52
-0.52
-0.35
-0.35
-0.35
1.34
-0.7
-0.7
1.17
-0.7
-0.7
-0.35
-0.91
-0.35
-0.35
-0.35
-0.35
-0.35
-0.7
-0.52
-0.35
-0.52
-0.52
-0.35
-0.7
-0.35
-0.7
-0.35
-0.35
-0.35
1.34
-0.91
-0.35
-0.35
-0.35
-0.7
