25.9826666666667 25.899 25.9883333333333 26.2886666666667 26.6523333333333 26.825 26.774 26.6903333333333 26.54 26.501 26.406 26.4693333333333 26.393 26.548 26.5886666666667 26.91 27.312 27.578 27.4726666666667 27.0546666666667 26.7716666666667 26.6926666666667 26.7826666666667 26.8573333333333 26.8476666666667 26.84 26.9413333333333
26.393 26.548 26.5886666666667 26.91 27.312 27.578 27.4726666666667 27.0546666666667 26.7716666666667 26.6926666666667 26.7826666666667 26.8573333333333 26.8476666666667 26.84 26.9413333333333 27.3413333333333 27.7323333333333 27.9456666666667 27.705 27.2143333333333 26.7503333333333 26.481 26.486 26.4786666666667 26.5923333333333 26.6943333333333 27.036
26.8476666666667 26.84 26.9413333333333 27.3413333333333 27.7323333333333 27.9456666666667 27.705 27.2143333333333 26.7503333333333 26.481 26.486 26.4786666666667 26.5923333333333 26.6943333333333 27.036 27.3583333333333 27.689 27.7273333333333 27.6106666666667 27.1766666666667 26.811 26.429 26.5166666666667 26.6356666666667 26.851 26.9586666666667 27.1023333333333
26.5923333333333 26.6943333333333 27.036 27.3583333333333 27.689 27.7273333333333 27.6106666666667 27.1766666666667 26.811 26.429 26.5166666666667 26.6356666666667 26.851 26.9586666666667 27.1023333333333 27.3323333333333 27.6113333333333 27.898 27.7493333333333 27.249 26.6826666666667 26.524 26.5803333333333 26.717 26.728 26.6943333333333 26.656
26.851 26.9586666666667 27.1023333333333 27.3323333333333 27.6113333333333 27.898 27.7493333333333 27.249 26.6826666666667 26.524 26.5803333333333 26.717 26.728 26.6943333333333 26.656 26.9483333333333 27.3623333333333 27.6843333333333 27.4506666666667 26.956 26.5136666666667 26.368 26.304 26.2693333333333 26.2966666666667 26.4106666666667 26.6406666666667
26.728 26.6943333333333 26.656 26.9483333333333 27.3623333333333 27.6843333333333 27.4506666666667 26.956 26.5136666666667 26.368 26.304 26.2693333333333 26.2966666666667 26.4106666666667 26.6406666666667 26.973 27.4823333333333 27.7336666666667 27.6093333333333 27.1693333333333 26.7993333333333 26.713 26.744 26.9513333333333 27.0646666666667 27.121 27.1996666666667
26.2966666666667 26.4106666666667 26.6406666666667 26.973 27.4823333333333 27.7336666666667 27.6093333333333 27.1693333333333 26.7993333333333 26.713 26.744 26.9513333333333 27.0646666666667 27.121 27.1996666666667 27.4106666666667 27.83 27.9273333333333 27.758 27.3766666666667 27.14 27.023 26.9756666666667 26.8146666666667 26.7506666666667 26.653 26.7046666666667
27.0646666666667 27.121 27.1996666666667 27.4106666666667 27.83 27.9273333333333 27.758 27.3766666666667 27.14 27.023 26.9756666666667 26.8146666666667 26.7506666666667 26.653 26.7046666666667 26.8666666666667 27.268 27.4473333333333 27.232 26.7076666666667 26.3566666666667 26.2426666666667 26.2636666666667 26.4093333333333 26.429 26.559 26.6856666666667
26.7506666666667 26.653 26.7046666666667 26.8666666666667 27.268 27.4473333333333 27.232 26.7076666666667 26.3566666666667 26.2426666666667 26.2636666666667 26.4093333333333 26.429 26.559 26.6856666666667 27.032 27.3473333333333 27.4266666666667 27.059 26.5886666666667 26.2566666666667 26.2813333333333 26.2793333333333 26.3013333333333 26.426 26.6063333333333 26.84
26.429 26.559 26.6856666666667 27.032 27.3473333333333 27.4266666666667 27.059 26.5886666666667 26.2566666666667 26.2813333333333 26.2793333333333 26.3013333333333 26.426 26.6063333333333 26.84 27.1213333333333 27.4806666666667 27.559 27.5783333333333 27.2906666666667 27.066 26.634 26.4166666666667 26.3886666666667 26.6403333333333 26.755 27.0146666666667
26.426 26.6063333333333 26.84 27.1213333333333 27.4806666666667 27.559 27.5783333333333 27.2906666666667 27.066 26.634 26.4166666666667 26.3886666666667 26.6403333333333 26.755 27.0146666666667 27.279 27.8453333333333 28.192 28.134 27.6603333333333 27.2386666666667 27.0426666666667 27.0963333333333 27.0876666666667 27.0676666666667 27.0436666666667 27.148
26.6403333333333 26.755 27.0146666666667 27.279 27.8453333333333 28.192 28.134 27.6603333333333 27.2386666666667 27.0426666666667 27.0963333333333 27.0876666666667 27.0676666666667 27.0436666666667 27.148 27.5023333333333 27.8946666666667 28.0566666666667 27.7323333333333 27.3156666666667 27.0153333333333 26.9066666666667 26.8243333333333 26.667 26.6173333333333 26.597 26.6036666666667
27.0676666666667 27.0436666666667 27.148 27.5023333333333 27.8946666666667 28.0566666666667 27.7323333333333 27.3156666666667 27.0153333333333 26.9066666666667 26.8243333333333 26.667 26.6173333333333 26.597 26.6036666666667 26.787 27.015 27.3233333333333 27.027 26.5793333333333 26.1366666666667 26.1476666666667 26.257 26.4936666666667 26.68 26.807 27.01
26.6173333333333 26.597 26.6036666666667 26.787 27.015 27.3233333333333 27.027 26.5793333333333 26.1366666666667 26.1476666666667 26.257 26.4936666666667 26.68 26.807 27.01 27.268 27.6743333333333 27.8596666666667 27.6636666666667 27.2376666666667 26.7306666666667 26.508 26.5193333333333 26.6426666666667 26.754 26.7696666666667 26.8133333333333
26.68 26.807 27.01 27.268 27.6743333333333 27.8596666666667 27.6636666666667 27.2376666666667 26.7306666666667 26.508 26.5193333333333 26.6426666666667 26.754 26.7696666666667 26.8133333333333 27.122 27.5516666666667 27.961 27.992 27.6223333333333 27.2543333333333 26.8756666666667 26.806 26.677 26.7163333333333 26.6793333333333 26.726
26.754 26.7696666666667 26.8133333333333 27.122 27.5516666666667 27.961 27.992 27.6223333333333 27.2543333333333 26.8756666666667 26.806 26.677 26.7163333333333 26.6793333333333 26.726 26.8736666666667 27.2053333333333 27.4503333333333 27.3613333333333 27.0363333333333 26.6566666666667 26.47 26.333 26.2823333333333 26.3546666666667 26.421 26.5693333333333
26.7163333333333 26.6793333333333 26.726 26.8736666666667 27.2053333333333 27.4503333333333 27.3613333333333 27.0363333333333 26.6566666666667 26.47 26.333 26.2823333333333 26.3546666666667 26.421 26.5693333333333 26.6796666666667 26.9546666666667 27.1346666666667 27.1556666666667 26.8553333333333 26.4863333333333 26.2073333333333 26.1976666666667 26.2866666666667 26.4023333333333 26.4673333333333 26.6266666666667
26.3546666666667 26.421 26.5693333333333 26.6796666666667 26.9546666666667 27.1346666666667 27.1556666666667 26.8553333333333 26.4863333333333 26.2073333333333 26.1976666666667 26.2866666666667 26.4023333333333 26.4673333333333 26.6266666666667 26.8876666666667 27.235 27.4076666666667 27.2683333333333 26.972 26.698 26.5493333333333 26.4863333333333 26.5926666666667 26.6956666666667 26.7496666666667 26.772
26.4023333333333 26.4673333333333 26.6266666666667 26.8876666666667 27.235 27.4076666666667 27.2683333333333 26.972 26.698 26.5493333333333 26.4863333333333 26.5926666666667 26.6956666666667 26.7496666666667 26.772 26.951 27.2363333333333 27.3826666666667 27.3306666666667 27.051 26.6986666666667 26.4513333333333 26.3173333333333 26.3216666666667 26.3066666666667 26.337 26.4833333333333
26.6956666666667 26.7496666666667 26.772 26.951 27.2363333333333 27.3826666666667 27.3306666666667 27.051 26.6986666666667 26.4513333333333 26.3173333333333 26.3216666666667 26.3066666666667 26.337 26.4833333333333 26.8176666666667 27.1136666666667 27.2676666666667 27.2336666666667 26.9896666666667 26.689 26.421 26.2966666666667 26.21 26.1603333333333 26.217 26.3646666666667
26.3066666666667 26.337 26.4833333333333 26.8176666666667 27.1136666666667 27.2676666666667 27.2336666666667 26.9896666666667 26.689 26.421 26.2966666666667 26.21 26.1603333333333 26.217 26.3646666666667 26.784 27.3243333333333 27.711 27.661 27.422 27.1323333333333 26.9343333333333 26.8916666666667 26.9983333333333 27.143 27.248 27.4866666666667
26.1603333333333 26.217 26.3646666666667 26.784 27.3243333333333 27.711 27.661 27.422 27.1323333333333 26.9343333333333 26.8916666666667 26.9983333333333 27.143 27.248 27.4866666666667 27.8213333333333 28.254 28.5093333333333 28.3853333333333 27.8546666666667 27.1903333333333 26.7296666666667 26.534 26.494 26.463 26.466 26.5856666666667
27.143 27.248 27.4866666666667 27.8213333333333 28.254 28.5093333333333 28.3853333333333 27.8546666666667 27.1903333333333 26.7296666666667 26.534 26.494 26.463 26.466 26.5856666666667 26.9933333333333 27.2243333333333 27.2643333333333 26.9016666666667 26.6503333333333 26.4956666666667 26.555 26.5826666666667 26.6276666666667 26.6 26.595 26.6406666666667
26.463 26.466 26.5856666666667 26.9933333333333 27.2243333333333 27.2643333333333 26.9016666666667 26.6503333333333 26.4956666666667 26.555 26.5826666666667 26.6276666666667 26.6 26.595 26.6406666666667 26.7483333333333 27.1013333333333 27.3386666666667 27.2876666666667 26.9323333333333 26.6266666666667 26.622 26.699 26.8253333333333 27.0016666666667 27.0626666666667 27.043
26.6 26.595 26.6406666666667 26.7483333333333 27.1013333333333 27.3386666666667 27.2876666666667 26.9323333333333 26.6266666666667 26.622 26.699 26.8253333333333 27.0016666666667 27.0626666666667 27.043 27.168 27.4883333333333 27.6423333333333 27.383 26.9143333333333 26.664 26.5766666666667 26.6243333333333 26.7093333333333 26.8046666666667 26.8993333333333 26.901
27.0016666666667 27.0626666666667 27.043 27.168 27.4883333333333 27.6423333333333 27.383 26.9143333333333 26.664 26.5766666666667 26.6243333333333 26.7093333333333 26.8046666666667 26.8993333333333 26.901 27.161 27.5273333333333 27.8056666666667 27.6256666666667 27.1373333333333 26.688 26.426 26.5156666666667 26.8266666666667 27.2486666666667 27.3163333333333 27.4203333333333
26.8046666666667 26.8993333333333 26.901 27.161 27.5273333333333 27.8056666666667 27.6256666666667 27.1373333333333 26.688 26.426 26.5156666666667 26.8266666666667 27.2486666666667 27.3163333333333 27.4203333333333 27.452 27.9403333333333 27.991 27.9483333333333 27.5043333333333 27.2106666666667 26.916 26.8173333333333 26.899 26.9276666666667 26.997 27.035
27.2486666666667 27.3163333333333 27.4203333333333 27.452 27.9403333333333 27.991 27.9483333333333 27.5043333333333 27.2106666666667 26.916 26.8173333333333 26.899 26.9276666666667 26.997 27.035 27.3013333333333 27.6523333333333 27.7443333333333 27.4516666666667 26.8083333333333 26.3803333333333 26.2653333333333 26.4546666666667 26.753 26.9803333333333 27.0923333333333 27.1606666666667
26.9276666666667 26.997 27.035 27.3013333333333 27.6523333333333 27.7443333333333 27.4516666666667 26.8083333333333 26.3803333333333 26.2653333333333 26.4546666666667 26.753 26.9803333333333 27.0923333333333 27.1606666666667 27.3976666666667 27.745 27.9353333333333 27.6856666666667 27.2206666666667 26.765 26.6053333333333 26.583 26.649 26.7066666666667 26.7336666666667 26.9733333333333
26.9803333333333 27.0923333333333 27.1606666666667 27.3976666666667 27.745 27.9353333333333 27.6856666666667 27.2206666666667 26.765 26.6053333333333 26.583 26.649 26.7066666666667 26.7336666666667 26.9733333333333 27.3936666666667 27.8593333333333 27.9376666666667 27.7676666666667 27.4186666666667 27.2253333333333 27.0826666666667 27.1823333333333 27.2526666666667 27.4056666666667 27.3213333333333 27.4476666666667
26.7066666666667 26.7336666666667 26.9733333333333 27.3936666666667 27.8593333333333 27.9376666666667 27.7676666666667 27.4186666666667 27.2253333333333 27.0826666666667 27.1823333333333 27.2526666666667 27.4056666666667 27.3213333333333 27.4476666666667 27.5116666666667 28.0133333333333 28.3003333333333 28.539 28.3723333333333 28.1116666666667 27.8396666666667 27.511 27.3376666666667 27.1523333333333 27.194 27.16
27.4056666666667 27.3213333333333 27.4476666666667 27.5116666666667 28.0133333333333 28.3003333333333 28.539 28.3723333333333 28.1116666666667 27.8396666666667 27.511 27.3376666666667 27.1523333333333 27.194 27.16 27.3736666666667 27.5236666666667 27.7026666666667 27.5736666666667 27.3896666666667 27.2063333333333 27.291 27.3763333333333 27.4356666666667 27.3756666666667 27.268 27.222
27.1523333333333 27.194 27.16 27.3736666666667 27.5236666666667 27.7026666666667 27.5736666666667 27.3896666666667 27.2063333333333 27.291 27.3763333333333 27.4356666666667 27.3756666666667 27.268 27.222 27.4393333333333 27.9053333333333 28.2406666666667 28.0273333333333 27.4036666666667 26.874 26.8296666666667 27.1916666666667 27.524 27.688 27.616 27.78
27.3756666666667 27.268 27.222 27.4393333333333 27.9053333333333 28.2406666666667 28.0273333333333 27.4036666666667 26.874 26.8296666666667 27.1916666666667 27.524 27.688 27.616 27.78 28.1056666666667 28.5553333333333 28.622 28.2173333333333 27.552 26.9913333333333 26.689 26.6413333333333 26.7393333333333 26.7883333333333 26.683 26.6723333333333
27.688 27.616 27.78 28.1056666666667 28.5553333333333 28.622 28.2173333333333 27.552 26.9913333333333 26.689 26.6413333333333 26.7393333333333 26.7883333333333 26.683 26.6723333333333 26.935 27.3683333333333 27.481 27.2343333333333 26.8296666666667 26.6143333333333 26.655 26.9526666666667 27.2856666666667 27.4313333333333 27.3003333333333 27.216
26.7883333333333 26.683 26.6723333333333 26.935 27.3683333333333 27.481 27.2343333333333 26.8296666666667 26.6143333333333 26.655 26.9526666666667 27.2856666666667 27.4313333333333 27.3003333333333 27.216 27.2813333333333 27.897 28.1916666666667 28.084 27.662 27.488 27.673 27.6203333333333 27.67 27.6753333333333 27.596 27.5396666666667
27.4313333333333 27.3003333333333 27.216 27.2813333333333 27.897 28.1916666666667 28.084 27.662 27.488 27.673 27.6203333333333 27.67 27.6753333333333 27.596 27.5396666666667 27.828 28.3376666666667 28.491 28.016 27.3823333333333 27.0223333333333 26.976 27.113 27.3813333333333 27.5803333333333 27.6233333333333 27.5743333333333
