1948	1	NA
1948	2	NA
1948	3	NA
1948	4	NA
1948	5	NA
1948	6	NA
1948	7	NA
1948	8	NA
1948	9	NA
1948	10	NA
1948	11	NA
1948	12	NA
1949	1	NA
1949	2	NA
1949	3	NA
1949	4	NA
1949	5	NA
1949	6	NA
1949	7	NA
1949	8	NA
1949	9	NA
1949	10	NA
1949	11	NA
1949	12	NA
1950	1	NA
1950	2	NA
1950	3	NA
1950	4	NA
1950	5	NA
1950	6	NA
1950	7	NA
1950	8	NA
1950	9	NA
1950	10	NA
1950	11	NA
1950	12	NA
1951	1	NA
1951	2	NA
1951	3	NA
1951	4	NA
1951	5	NA
1951	6	NA
1951	7	NA
1951	8	NA
1951	9	NA
1951	10	NA
1951	11	NA
1951	12	NA
1952	1	NA
1952	2	NA
1952	3	NA
1952	4	NA
1952	5	NA
1952	6	NA
1952	7	NA
1952	8	NA
1952	9	NA
1952	10	NA
1952	11	NA
1952	12	NA
1953	1	NA
1953	2	NA
1953	3	NA
1953	4	NA
1953	5	NA
1953	6	NA
1953	7	NA
1953	8	NA
1953	9	NA
1953	10	NA
1953	11	NA
1953	12	NA
1954	1	NA
1954	2	NA
1954	3	NA
1954	4	NA
1954	5	NA
1954	6	NA
1954	7	NA
1954	8	NA
1954	9	NA
1954	10	NA
1954	11	NA
1954	12	NA
1955	1	NA
1955	2	NA
1955	3	NA
1955	4	NA
1955	5	NA
1955	6	NA
1955	7	NA
1955	8	NA
1955	9	NA
1955	10	NA
1955	11	NA
1955	12	NA
1956	1	NA
1956	2	NA
1956	3	NA
1956	4	NA
1956	5	NA
1956	6	NA
1956	7	NA
1956	8	NA
1956	9	NA
1956	10	NA
1956	11	NA
1956	12	NA
1957	1	NA
1957	2	NA
1957	3	NA
1957	4	NA
1957	5	NA
1957	6	NA
1957	7	NA
1957	8	NA
1957	9	NA
1957	10	NA
1957	11	NA
1957	12	NA
1958	1	NA
1958	2	NA
1958	3	NA
1958	4	NA
1958	5	NA
1958	6	NA
1958	7	NA
1958	8	NA
1958	9	NA
1958	10	NA
1958	11	NA
1958	12	NA
1959	1	NA
1959	2	NA
1959	3	NA
1959	4	NA
1959	5	NA
1959	6	NA
1959	7	NA
1959	8	NA
1959	9	NA
1959	10	NA
1959	11	NA
1959	12	NA
1960	1	NA
1960	2	NA
1960	3	NA
1960	4	NA
1960	5	NA
1960	6	NA
1960	7	NA
1960	8	NA
1960	9	NA
1960	10	NA
1960	11	NA
1960	12	NA
1961	1	NA
1961	2	NA
1961	3	NA
1961	4	NA
1961	5	NA
1961	6	NA
1961	7	NA
1961	8	NA
1961	9	NA
1961	10	NA
1961	11	NA
1961	12	NA
1962	1	NA
1962	2	NA
1962	3	NA
1962	4	NA
1962	5	NA
1962	6	NA
1962	7	NA
1962	8	NA
1962	9	NA
1962	10	NA
1962	11	NA
1962	12	NA
1963	1	NA
1963	2	NA
1963	3	NA
1963	4	NA
1963	5	NA
1963	6	NA
1963	7	NA
1963	8	NA
1963	9	NA
1963	10	NA
1963	11	NA
1963	12	NA
1964	1	NA
1964	2	NA
1964	3	NA
1964	4	NA
1964	5	NA
1964	6	NA
1964	7	NA
1964	8	NA
1964	9	NA
1964	10	NA
1964	11	NA
1964	12	NA
1965	1	NA
1965	2	NA
1965	3	NA
1965	4	NA
1965	5	NA
1965	6	NA
1965	7	NA
1965	8	NA
1965	9	NA
1965	10	NA
1965	11	NA
1965	12	NA
1966	1	NA
1966	2	NA
1966	3	NA
1966	4	NA
1966	5	NA
1966	6	NA
1966	7	NA
1966	8	NA
1966	9	NA
1966	10	NA
1966	11	NA
1966	12	NA
1967	1	NA
1967	2	NA
1967	3	NA
1967	4	NA
1967	5	NA
1967	6	NA
1967	7	NA
1967	8	NA
1967	9	NA
1967	10	NA
1967	11	NA
1967	12	NA
1968	1	NA
1968	2	NA
1968	3	NA
1968	4	NA
1968	5	NA
1968	6	NA
1968	7	NA
1968	8	NA
1968	9	NA
1968	10	NA
1968	11	NA
1968	12	NA
1969	1	NA
1969	2	NA
1969	3	NA
1969	4	NA
1969	5	NA
1969	6	NA
1969	7	NA
1969	8	NA
1969	9	NA
1969	10	NA
1969	11	NA
1969	12	NA
1970	1	NA
1970	2	NA
1970	3	NA
1970	4	NA
1970	5	NA
1970	6	NA
1970	7	NA
1970	8	NA
1970	9	NA
1970	10	NA
1970	11	NA
1970	12	NA
1971	1	NA
1971	2	NA
1971	3	NA
1971	4	NA
1971	5	NA
1971	6	NA
1971	7	NA
1971	8	NA
1971	9	NA
1971	10	NA
1971	11	NA
1971	12	NA
1972	1	NA
1972	2	NA
1972	3	NA
1972	4	NA
1972	5	NA
1972	6	NA
1972	7	NA
1972	8	NA
1972	9	NA
1972	10	NA
1972	11	NA
1972	12	NA
1973	1	NA
1973	2	NA
1973	3	NA
1973	4	NA
1973	5	NA
1973	6	NA
1973	7	NA
1973	8	NA
1973	9	NA
1973	10	NA
1973	11	NA
1973	12	NA
1974	1	NA
1974	2	NA
1974	3	NA
1974	4	NA
1974	5	NA
1974	6	NA
1974	7	NA
1974	8	NA
1974	9	NA
1974	10	NA
1974	11	NA
1974	12	NA
1975	1	15.54
1975	2	30.36
1975	3	53.92
1975	4	34.87
1975	5	169.82
1975	6	185.27
1975	7	188.37
1975	8	161.52
1975	9	266.85
1975	10	143.97
1975	11	29.17
1975	12	2.25
1976	1	0.00
1976	2	29.75
1976	3	60.15
1976	4	80.07
1976	5	159.41
1976	6	113.90
1976	7	196.51
1976	8	254.91
1976	9	271.77
1976	10	211.83
1976	11	24.67
1976	12	18.50
1977	1	1.77
1977	2	4.47
1977	3	45.77
1977	4	52.77
1977	5	129.39
1977	6	91.90
1977	7	115.50
1977	8	272.49
1977	9	282.24
1977	10	59.33
1977	11	17.87
1977	12	7.22
1978	1	22.42
1978	2	15.00
1978	3	49.00
1978	4	98.20
1978	5	177.98
1978	6	126.03
1978	7	235.71
1978	8	226.44
1978	9	360.94
1978	10	65.49
1978	11	24.30
1978	12	0.00
1979	1	0.75
1979	2	15.63
1979	3	15.10
1979	4	87.58
1979	5	196.88
1979	6	274.67
1979	7	103.91
1979	8	210.80
1979	9	313.29
1979	10	19.00
1979	11	0.00
1979	12	0.00
1980	1	0.00
1980	2	15.33
1980	3	30.44
1980	4	50.50
1980	5	191.95
1980	6	238.47
1980	7	161.72
1980	8	180.37
1980	9	310.40
1980	10	168.34
1980	11	16.24
1980	12	0.00
1981	1	0.00
1981	2	16.86
1981	3	24.58
1981	4	96.77
1981	5	155.77
1981	6	159.63
1981	7	224.80
1981	8	192.51
1981	9	138.27
1981	10	87.04
1981	11	55.28
1981	12	0.09
1982	1	0.06
1982	2	13.60
1982	3	44.86
1982	4	93.79
1982	5	119.13
1982	6	137.61
1982	7	154.04
1982	8	214.19
1982	9	380.82
1982	10	108.42
1982	11	41.53
1982	12	0.60
1983	1	4.08
1983	2	4.04
1983	3	5.25
1983	4	31.94
1983	5	137.16
1983	6	232.47
1983	7	173.18
1983	8	305.51
1983	9	216.70
1983	10	244.69
1983	11	26.25
1983	12	0.53
1984	1	1.81
1984	2	7.62
1984	3	41.02
1984	4	101.77
1984	5	161.77
1984	6	148.98
1984	7	136.82
1984	8	259.00
1984	9	224.75
1984	10	145.57
1984	11	28.40
1984	12	0.00
1985	1	17.30
1985	2	30.43
1985	3	23.26
1985	4	115.61
1985	5	194.68
1985	6	139.95
1985	7	177.37
1985	8	194.93
1985	9	271.29
1985	10	141.09
1985	11	30.33
1985	12	0.00
1986	1	0.00
1986	2	0.02
1986	3	20.83
1986	4	84.19
1986	5	198.12
1986	6	114.05
1986	7	159.81
1986	8	236.84
1986	9	173.21
1986	10	167.50
1986	11	8.85
1986	12	2.75
1987	1	0.00
1987	2	6.01
1987	3	21.67
1987	4	49.92
1987	5	101.20
1987	6	189.81
1987	7	132.00
1987	8	180.14
1987	9	344.61
1987	10	98.66
1987	11	67.92
1987	12	2.13
1988	1	0.04
1988	2	23.64
1988	3	16.32
1988	4	93.78
1988	5	201.01
1988	6	235.24
1988	7	153.53
1988	8	123.84
1988	9	170.60
1988	10	186.24
1988	11	1.50
1988	12	0.00
1989	1	2.57
1989	2	0.00
1989	3	52.96
1989	4	53.28
1989	5	200.74
1989	6	135.10
1989	7	190.32
1989	8	220.15
1989	9	157.60
1989	10	130.79
1989	11	7.60
1989	12	0.00
1990	1	4.18
1990	2	26.66
1990	3	77.38
1990	4	48.17
1990	5	187.64
1990	6	152.19
1990	7	215.22
1990	8	192.58
1990	9	252.17
1990	10	182.43
1990	11	30.64
1990	12	0.00
1991	1	0.75
1991	2	3.64
1991	3	27.09
1991	4	34.63
1991	5	146.10
1991	6	148.78
1991	7	127.55
1991	8	267.29
1991	9	289.02
1991	10	142.23
1991	11	0.00
1991	12	2.60
1992	1	15.85
1992	2	9.75
1992	3	3.48
1992	4	22.51
1992	5	117.44
1992	6	209.37
1992	7	171.14
1992	8	253.65
1992	9	203.26
1992	10	107.28
1992	11	0.31
1992	12	13.76
1993	1	1.48
1993	2	5.24
1993	3	44.10
1993	4	86.46
1993	5	148.86
1993	6	180.40
1993	7	190.76
1993	8	153.12
1993	9	211.37
1993	10	77.81
1993	11	0.64
1993	12	5.90
1994	1	0.00
1994	2	29.06
1994	3	71.64
1994	4	45.77
1994	5	221.21
1994	6	213.11
1994	7	89.86
1994	8	242.01
1994	9	200.23
1994	10	69.42
1994	11	0.87
1994	12	1.92
1995	1	2.10
1995	2	10.31
1995	3	36.25
1995	4	54.21
1995	5	180.18
1995	6	144.36
1995	7	254.27
1995	8	183.98
1995	9	234.89
1995	10	102.59
1995	11	18.92
1995	12	0.24
1996	1	0.94
1996	2	6.84
1996	3	29.48
1996	4	110.12
1996	5	158.88
1996	6	155.52
1996	7	115.97
1996	8	186.04
1996	9	357.88
1996	10	153.32
1996	11	93.63
1996	12	0.00
1997	1	0.79
1997	2	10.73
1997	3	39.57
1997	4	90.78
1997	5	160.64
1997	6	134.55
1997	7	234.85
1997	8	193.91
1997	9	162.85
1997	10	111.52
1997	11	4.22
1997	12	0.00
1998	1	0.67
1998	2	23.16
1998	3	24.53
1998	4	55.28
1998	5	162.44
1998	6	138.67
1998	7	133.65
1998	8	193.58
1998	9	197.47
1998	10	97.16
1998	11	67.53
1998	12	1.19
1999	1	2.61
1999	2	2.50
1999	3	68.64
1999	4	154.13
1999	5	215.55
1999	6	161.68
1999	7	180.88
1999	8	119.50
1999	9	218.12
1999	10	141.46
1999	11	44.63
1999	12	0.46
2000	1	6.10
2000	2	33.84
2000	3	15.23
2000	4	146.67
2000	5	247.74
2000	6	242.54
2000	7	221.09
2000	8	308.75
2000	9	172.40
2000	10	104.99
2000	11	1.89
2000	12	0.00
2001	1	9.76
2001	2	5.09
2001	3	82.56
2001	4	33.02
2001	5	132.74
2001	6	224.67
2001	7	158.93
2001	8	288.07
2001	9	256.31
2001	10	174.47
2001	11	41.52
2001	12	1.21
2002	1	1.03
2002	2	14.02
2002	3	25.97
2002	4	63.64
2002	5	110.52
2002	6	168.42
2002	7	178.84
2002	8	285.21
2002	9	387.77
2002	10	77.79
2002	11	24.52
2002	12	17.17
2003	1	0.29
2003	2	17.68
2003	3	57.41
2003	4	66.91
2003	5	153.81
2003	6	166.90
2003	7	144.16
2003	8	206.64
2003	9	268.49
2003	10	57.76
2003	11	0.22
2003	12	0.00
2004	1	18.73
2004	2	29.62
2004	3	22.66
2004	4	59.17
2004	5	139.90
2004	6	232.54
2004	7	252.54
2004	8	192.83
2004	9	153.57
2004	10	8.82
2004	11	4.81
2004	12	2.23
2005	1	0.08
2005	2	1.92
2005	3	16.70
2005	4	79.04
2005	5	148.16
2005	6	119.86
2005	7	197.66
2005	8	197.01
2005	9	229.86
2005	10	77.64
2005	11	64.45
2005	12	2.31
2006	1	0.00
2006	2	6.22
2006	3	51.51
2006	4	99.86
2006	5	133.36
2006	6	95.71
2006	7	211.14
2006	8	278.54
2006	9	204.87
2006	10	224.27
2006	11	15.30
2006	12	0.32
2007	1	3.40
2007	2	8.66
2007	3	34.09
2007	4	68.42
2007	5	256.20
2007	6	104.26
2007	7	120.74
2007	8	269.98
2007	9	249.97
2007	10	204.66
2007	11	9.41
2007	12	0.01
2008	1	0.86
2008	2	1.10
2008	3	40.74
2008	4	121.04
2008	5	210.96
2008	6	125.49
2008	7	102.38
2008	8	205.23
2008	9	370.16
2008	10	142.37
2008	11	63.30
2008	12	2.13
2009	1	0.00
2009	2	8.42
2009	3	68.20
2009	4	115.67
2009	5	170.82
2009	6	154.23
2009	7	277.91
2009	8	193.48
2009	9	345.16
2009	10	92.12
2009	11	7.57
2009	12	2.22
2010	1	25.35
2010	2	11.58
2010	3	11.75
2010	4	57.30
2010	5	84.79
2010	6	129.22
2010	7	234.94
2010	8	279.65
2010	9	220.40
2010	10	255.69
2010	11	1.17
2010	12	0.61
2011	1	0.00
2011	2	14.87
2011	3	9.60
2011	4	62.73
2011	5	181.71
2011	6	136.41
2011	7	184.80
2011	8	309.12
2011	9	334.11
2011	10	163.99
2011	11	0.00
2011	12	0.00
