1948	1	25.385	NA	-1.467	-0.195	0
1948	2	25.729	NA	-1.46	0.765	0
1948	3	25.758	NA	0.047	1.701	0
1948	4	26.105	NA	-0.078	2.642	0
1948	5	26.328	NA	-1.638	4.178	0
1948	6	26.317	NA	-2.419	2.088	0
1948	7	26.073	NA	-4.385	3.096	0
1948	8	25.755	NA	-3.332	1.49	0
1948	9	25.509	NA	-2.517	0.929	0
1948	10	25.574	NA	-0.453	-0.067	0
1948	11	24.968	NA	0.434	-0.404	0
1948	12	25.46	NA	0.932	-1.29	0
1949	1	25.31	NA	0.3	0.478	0
1949	2	25.79	NA	0.593	0.3	0
1949	3	25.985	NA	-0.951	1.844	0
1949	4	26.039	NA	2.97	5.161	0
1949	5	26.466	NA	-1.582	5.354	0
1949	6	25.667	NA	-4.987	2.368	0
1949	7	25.499	NA	-5.36	3.773	0
1949	8	25.239	NA	-5.487	1.848	0
1949	9	25.424	NA	-4.637	0.957	0
1949	10	25.436	NA	-0.114	-0.076	0
1949	11	25.185	NA	3.059	-1.026	0
1949	12	25.559	NA	1.717	0.153	0
1950	1	25.831	NA	0.326	1.117	0
1950	2	26.157	NA	1.16	1.506	0
1950	3	26.515	NA	1.527	2.19	0
1950	4	26.197	NA	2.546	2.698	0
1950	5	26.099	NA	-0.318	4.805	0
1950	6	26.107	NA	-4.813	2.224	0
1950	7	25.661	NA	-4.356	2.111	0
1950	8	25.408	NA	-3.853	1.469	0
1950	9	25.367	NA	-3.843	1	0
1950	10	25.398	NA	1.78	-0.741	0
1950	11	25.336	NA	4.171	-0.988	0
1950	12	25.177	NA	1.854	-0.394	0
1951	1	25.332	NA	0.871	0.412	0
1951	2	25.823	NA	0.203	0.032	0
1951	3	26.09	NA	-1.15	0.646	0
1951	4	25.931	NA	-0.188	2.16	0
1951	5	25.966	NA	-2.19	3.409	0
1951	6	26.006	NA	-4.726	2.348	0
1951	7	25.75	NA	-4.939	2.907	0
1951	8	25.58	NA	-4.832	0.917	0
1951	9	25.853	NA	-4.414	1.162	0
1951	10	25.676	NA	-3.241	1.143	0
1951	11	25.628	NA	-1.139	1.072	0
1951	12	25.508	NA	0.452	-0.775	0
1952	1	25.784	NA	0.083	0.259	0
1952	2	26.222	NA	-0.636	0.697	0
1952	3	26.284	NA	-1.81	2.629	0
1952	4	26.469	NA	-0.816	4.056	0
1952	5	26.742	NA	-0.464	4.266	0
1952	6	25.963	NA	-5.881	2.645	0
1952	7	25.908	NA	-6.224	1.473	0
1952	8	25.573	NA	-5.796	1.503	0
1952	9	25.538	NA	-4.507	1.58	0
1952	10	25.675	NA	-1.779	-0.267	0
1952	11	25.443	NA	1.326	-0.365	0
1952	12	25.311	NA	-0.12	1.34	0
1953	1	25.691	NA	-0.171	0.894	0
1953	2	25.765	NA	-1.411	1.676	0
1953	3	26.216	NA	-0.219	2.914	0
1953	4	26.339	NA	-1.692	3.406	0
1953	5	26.217	NA	-1.87	3.047	0
1953	6	26.128	NA	-4.04	3.019	0
1953	7	25.733	NA	-5.779	2.464	0
1953	8	25.254	NA	-5.461	0.45	0
1953	9	25.695	NA	-3.688	1.628	0
1953	10	25.742	NA	-2.427	0.695	0
1953	11	25.829	NA	-0.363	-1.214	0
1953	12	25.751	NA	-0.459	0.223	0
1954	1	26.487	NA	1.613	0.658	0
1954	2	26.53	NA	0.102	2.436	0
1954	3	26.781	NA	-1.119	1.981	0
1954	4	26.703	NA	0.448	3.074	0
1954	5	26.701	NA	-2.6	4.809	0
1954	6	26.25	NA	-3.376	3.006	0
1954	7	25.993	NA	-4.384	2.992	0
1954	8	25.844	NA	-4.407	1.432	0
1954	9	25.669	NA	-4.491	1.354	0
1954	10	25.699	NA	-0.598	-0.38	0
1954	11	25.265	NA	0.554	-0.72	0
1954	12	25.81	NA	2.937	0.188	0
1955	1	25.644	NA	0.947	0.805	0
1955	2	26.213	NA	1.56	0.692	0
1955	3	26.269	NA	-0.004	3.017	0
1955	4	26.218	NA	2.717	3.766	0
1955	5	26.532	NA	-2.13	3.481	0
1955	6	26.324	NA	-4.936	2.047	0
1955	7	25.702	NA	-5.378	2.483	0
1955	8	25.801	NA	-4.938	2.642	0
1955	9	25.998	NA	-4.677	2.076	0
1955	10	25.694	NA	-1.39	0.685	0
1955	11	25.45	NA	0.488	-1.917	0
1955	12	25.252	NA	-0.136	0.342	0
1956	1	25.665	NA	-0.876	1.092	0
1956	2	25.965	NA	-0.157	0.551	0
1956	3	26.318	NA	1.658	2.319	0
1956	4	26.451	NA	0.485	3.393	0
1956	5	26.362	NA	-5.153	3.29	0
1956	6	26.216	NA	-6.851	2.663	0
1956	7	25.743	NA	-5.901	1.208	0
1956	8	25.573	NA	-5.807	0.928	0
1956	9	25.773	NA	-5.02	1.533	0
1956	10	25.92	NA	-3.644	1.286	0
1956	11	25.69	NA	-1.305	0.191	0
1956	12	25.504	NA	-0.366	0.724	0
1957	1	26.122	NA	0.051	2.015	0
1957	2	26.502	NA	0.627	1.767	0
1957	3	26.366	NA	-0.971	2.327	0
1957	4	26.711	NA	0.386	2.662	0
1957	5	26.884	NA	0.138	3.663	0
1957	6	26.629	NA	-1.844	2.737	0
1957	7	26.189	NA	-4.324	2.686	0
1957	8	25.817	NA	-4.562	1.998	0
1957	9	25.61	NA	-3.383	1.444	0
1957	10	25.999	NA	-2.777	1.27	0
1957	11	26.089	NA	-2.409	1.001	0
1957	12	26.59	NA	1.026	1.369	0
1958	1	26.349	NA	-1.545	1.941	0
1958	2	26.833	NA	0.803	0.783	0
1958	3	26.747	NA	-0.542	2.071	0
1958	4	26.773	NA	1.128	3.936	0
1958	5	27.061	NA	0.608	4.254	0
1958	6	27.339	NA	-4.328	2.733	0
1958	7	26.475	NA	-5.324	1.654	0
1958	8	26.609	NA	-5.637	2.554	0
1958	9	26.437	NA	-4.757	1.94	0
1958	10	26.631	NA	-1.9	1.545	0
1958	11	26.454	NA	-0.461	-0.319	0
1958	12	26.631	NA	-0.629	1.469	0
1959	1	26.401	NA	0.337	0.838	0
1959	2	26.768	NA	-0.936	1.084	0
1959	3	26.797	NA	0.158	1.845	0
1959	4	26.588	NA	1.652	2.413	0
1959	5	27.09	NA	0.704	3.834	0
1959	6	26.693	NA	-3.961	3.212	0
1959	7	26.316	NA	-4.154	1.481	0
1959	8	25.941	NA	-4.974	1.575	0
1959	9	26.339	NA	-3.654	1.585	0
1959	10	26.394	NA	-0.595	0.918	0
1959	11	26.476	NA	0.638	-0.403	0
1959	12	26.385	NA	3.602	-1.035	0
1960	1	26.387	NA	1.074	-0.116	0
1960	2	26.617	NA	3.365	0.899	0
1960	3	26.533	NA	-0.157	1.866	0
1960	4	26.804	NA	0.66	1.973	0
1960	5	27.291	NA	-2.21	2.886	0
1960	6	26.442	NA	-5.763	2.2	0
1960	7	26.664	NA	-5.208	2.523	0
1960	8	26.289	NA	-5.022	1.197	0
1960	9	26.219	NA	-4.328	0.932	0
1960	10	26.285	NA	-2.197	-0.118	0
1960	11	26.287	NA	0.142	-1.239	0
1960	12	26.263	NA	1.189	-0.758	0
1961	1	26.196	NA	0.587	0.776	0
1961	2	26.718	NA	2.933	-0.177	0
1961	3	26.293	NA	0.434	2.136	0
1961	4	26.525	NA	-1.027	2.156	0
1961	5	26.686	NA	-3.219	2.814	0
1961	6	26.184	NA	-5.26	2.357	0
1961	7	25.627	NA	-6.549	2.577	0
1961	8	25.297	NA	-6.906	1.7	0
1961	9	25.38	NA	-6.049	3.006	0
1961	10	25.729	NA	-3.699	0.941	0
1961	11	25.917	NA	-0.58	-0.715	0
1961	12	26.012	NA	0.515	-0.38	0
1962	1	26.184	NA	1.144	0.3	0
1962	2	25.792	NA	-0.504	1.803	0
1962	3	26.039	NA	-0.804	1.248	0
1962	4	26.016	NA	-0.841	3.028	0
1962	5	26.622	NA	-1.371	4.204	0
1962	6	26.162	NA	-5.89	1.611	0
1962	7	25.824	NA	-6.058	1.59	0
1962	8	25.407	NA	-5.856	2.519	0
1962	9	25.827	NA	-5.734	1.769	0
1962	10	26.106	NA	0.111	-0.097	0
1962	11	25.748	NA	0.195	0.104	0
1962	12	25.531	NA	0.612	-0.253	0
1963	1	25.831	NA	1.935	-0.407	0
1963	2	25.904	NA	-0.604	0.918	0
1963	3	26.211	NA	1.162	1.994	0
1963	4	26.288	NA	-1.592	2.753	0
1963	5	26.607	NA	-0.979	3.393	0
1963	6	26.067	NA	-5.597	1.784	0
1963	7	25.725	NA	-6.058	2.184	0
1963	8	25.369	NA	-7.522	1.841	0
1963	9	25.395	NA	-4.267	0.678	0
1963	10	25.639	NA	-0.806	0.685	0
1963	11	26.137	NA	-1.262	0.737	0
1963	12	25.877	NA	1.298	-0.481	0
1964	1	26.857	NA	1.465	0.53	0
1964	2	27.209	NA	0.105	1.093	0
1964	3	26.992	NA	-0.802	1.719	0
1964	4	27.128	NA	2.418	2.853	0
1964	5	26.798	NA	1.605	3.484	0
1964	6	26.517	NA	-4.314	2.531	0
1964	7	26.294	NA	-5.748	2.512	0
1964	8	25.806	NA	-5.779	0.981	0
1964	9	26.232	NA	-4.008	1.072	0
1964	10	25.969	NA	-0.888	-0.262	0
1964	11	25.462	NA	-0.682	-1.962	0
1964	12	25.761	NA	0.686	-0.509	0
1965	1	26.109	NA	0.418	-0.205	0
1965	2	26.722	NA	1.486	0.806	0
1965	3	26.304	NA	-0.206	1.68	0
1965	4	26.859	NA	0.41	1.97	0
1965	5	27.158	NA	0.815	2.632	0
1965	6	26.456	NA	-3.803	1.987	0
1965	7	25.771	NA	-4.595	1.788	0
1965	8	25.984	NA	-4.876	1.397	0
1965	9	25.914	NA	-4.957	1.086	0
1965	10	26.336	NA	-0.03	-0.001	0
1965	11	26.394	NA	0.969	-0.284	0
1965	12	26.515	NA	3.311	-1.929	0
1966	1	26.229	NA	2.353	-0.262	0
1966	2	26.738	NA	0.182	1.197	0
1966	3	26.695	NA	1.327	0.419	0
1966	4	27.187	NA	-0.615	2.24	0
1966	5	26.846	NA	-3.937	2.734	0
1966	6	26.647	NA	-4.882	2.2	0
1966	7	26.304	NA	-5.691	1.893	0
1966	8	26.212	NA	-4.518	2.048	0
1966	9	26.211	NA	-3.082	-0.074	0
1966	10	26.18	NA	-1.09	0.473	0
1966	11	26.364	NA	2.056	-0.696	0
1966	12	26.479	NA	2.667	-1.542	0
1967	1	26.209	NA	2.731	-0.884	0
1967	2	26.692	NA	1.946	0.294	0
1967	3	26.611	NA	-0.791	1.469	0
1967	4	26.781	NA	-0.375	1.501	0
1967	5	26.97	NA	2.048	3.057	0
1967	6	26.371	NA	-4.625	2.119	0
1967	7	26.193	NA	-4.283	1.963	0
1967	8	25.889	NA	-4.804	1.202	0
1967	9	25.898	NA	-3.132	1.29	0
1967	10	26.101	NA	-2.028	0.063	0
1967	11	26.432	NA	0.178	0.817	0
1967	12	26.463	NA	4.611	0.81	0
1968	1	26.429	NA	3.222	0.58	0
1968	2	26.363	NA	-0.497	1.006	0
1968	3	27.071	NA	3.385	1.581	0
1968	4	27.003	NA	0.18	3.406	0
1968	5	26.642	NA	-0.867	3.787	0
1968	6	26.796	NA	-5.062	3.349	0
1968	7	26.351	NA	-6.507	2.143	0
1968	8	26.101	NA	-5.175	0.987	0
1968	9	26.263	NA	-5.438	1.378	0
1968	10	26.435	NA	-1.588	0.027	0
1968	11	26.486	NA	-0.719	-0.693	0
1968	12	26.76	NA	2.445	-0.899	0
1969	1	26.906	NA	1.911	0.213	0
1969	2	27.061	NA	1.008	1.582	0
1969	3	27.281	NA	0.533	2.348	0
1969	4	27.375	NA	0.145	4.147	0
1969	5	27.475	NA	-2.236	4.345	0
1969	6	26.971	NA	-5.087	2.675	0
1969	7	26.293	NA	-4.301	1.87	0
1969	8	26.248	NA	-4.134	2.819	0
1969	9	26.09	NA	-3.004	0.943	0
1969	10	26.258	NA	-1.094	0.024	0
1969	11	26.341	NA	0.786	-0.005	0
1969	12	26.375	NA	2.769	-0.689	0
1970	1	26.681	NA	0.659	0.829	0
1970	2	26.987	NA	-0.095	1.898	0
1970	3	27.294	NA	1.926	2.02	0
1970	4	27.303	NA	1.001	3.186	0
1970	5	27.207	NA	-2.351	3.573	0
1970	6	26.967	NA	-4.06	1.791	0
1970	7	26.633	NA	-5.376	1.994	0
1970	8	26.354	NA	-5.743	1.762	0
1970	9	26.265	NA	-5.212	2.155	0
1970	10	26.573	NA	-0.613	-0.896	0
1970	11	26.475	NA	2.494	-1.834	0
1970	12	26.513	NA	4.251	-1.521	0
1971	1	26.356	NA	2.285	0.298	0
1971	2	26.264	NA	2.083	1.375	0
1971	3	26.272	NA	2.13	0.767	0
1971	4	26.635	NA	1.113	3.535	0
1971	5	26.756	NA	-2.47	3.238	0
1971	6	26.187	NA	-4.823	1.322	0
1971	7	26.101	NA	-4.377	2.826	0
1971	8	26.157	NA	-5.467	2.185	0
1971	9	26.19	NA	-3.007	1.026	0
1971	10	26.061	NA	-0.565	-0.166	0
1971	11	25.625	NA	2.836	-1.749	0
1971	12	26.138	NA	4.187	-0.601	0
1972	1	26.192	NA	0.944	0.282	0
1972	2	26.645	NA	1.973	0.12	0
1972	3	26.497	NA	1.523	1.008	0
1972	4	26.707	NA	0.619	2.449	0
1972	5	26.811	NA	-1.675	2.92	0
1972	6	26.791	NA	-2.929	3.253	0
1972	7	26.168	NA	-6.389	1.122	0
1972	8	26.237	NA	-4.97	2.321	0
1972	9	26.2	NA	-3.765	1.55	0
1972	10	26.331	NA	-2.09	0.192	0
1972	11	26.66	NA	-0.343	-0.562	0
1972	12	26.552	NA	1.587	-0.513	0
1973	1	27.103	NA	1.963	0.803	0
1973	2	27.392	NA	1.408	1.4	0
1973	3	27.502	NA	1.988	2.194	0
1973	4	27.193	NA	2.185	2.883	0
1973	5	27.044	NA	-3.129	4.718	0
1973	6	27.046	NA	-5.912	3.375	0
1973	7	26.696	NA	-6.154	1.712	0
1973	8	26.481	NA	-5.366	1.94	0
1973	9	26.574	NA	-2.642	1.952	0
1973	10	26.522	NA	-0.327	0.371	0
1973	11	26.474	NA	2.137	-2.225	0
1973	12	26.266	NA	4.48	-1.459	0
1974	1	26.143	NA	2.903	0.316	0
1974	2	26.391	NA	1.988	0.109	0
1974	3	26.402	NA	0.49	1.593	0
1974	4	26.618	NA	0.911	2.586	0
1974	5	26.719	NA	-1.491	3.973	0
1974	6	26.473	NA	-3.195	3.172	0
1974	7	26.47	NA	-5.408	3.325	0
1974	8	26.412	NA	-5.708	1.317	0
1974	9	26.469	NA	-4.479	1.87	0
1974	10	26.378	NA	-1.3	0.858	0
1974	11	26.352	NA	2.161	-2.344	0
1974	12	26.329	NA	2.916	-0.376	0
1975	1	26.663	NA	2.705	0.208	0
1975	2	26.623	NA	1.903	0.859	0
1975	3	26.67	NA	2.169	1.702	0
1975	4	26.892	NA	2.168	3.185	0
1975	5	26.866	NA	-2.633	3.674	0
1975	6	26.647	NA	-3.971	1.294	0
1975	7	26.327	NA	-4.876	2.862	0
1975	8	26.349	NA	-4.55	2.048	0
1975	9	26.524	NA	-3.66	1.835	0
1975	10	26.321	NA	-0.453	0.233	0
1975	11	26.166	NA	1.787	-2.437	0
1975	12	26.135	NA	2.637	-1.052	0
1976	1	25.906	NA	1.089	0.289	0
1976	2	26.091	NA	-0.355	0.842	0
1976	3	26.349	NA	0.61	1.619	0
1976	4	26.465	NA	1.242	2.194	0
1976	5	26.411	NA	-1.486	2.971	0
1976	6	26.172	NA	-3.068	2.662	0
1976	7	26.087	NA	-4.021	1.451	0
1976	8	26.046	NA	-4.233	2.009	0
1976	9	25.777	NA	-2.206	0.574	0
1976	10	26.071	NA	-0.991	-0.831	0
1976	11	26.214	NA	2.048	-0.348	0
1976	12	26.141	NA	0.098	-0.574	0
1977	1	26.194	NA	-0.332	-0.063	0
1977	2	26.455	NA	1.278	0.444	0
1977	3	26.652	NA	0.07	1.717	0
1977	4	27.109	NA	0.612	3.064	0
1977	5	27.169	NA	-1.426	2.566	0
1977	6	27.03	NA	-5.436	3.177	0
1977	7	26.714	NA	-4.458	1.295	0
1977	8	25.915	NA	-4.504	0.809	0
1977	9	25.867	NA	-3.24	0.224	0
1977	10	26.336	NA	-1.462	0.616	0
1977	11	26.393	NA	0.169	0.49	0
1977	12	26.523	NA	2.619	-0.619	0
1978	1	26.945	NA	2.129	-0.124	0
1978	2	26.95	NA	1.221	0.567	0
1978	3	27.196	NA	2.127	1.748	0
1978	4	27.027	NA	-0.347	2.131	0
1978	5	27.433	NA	-1.202	3.081	0
1978	6	26.647	NA	-4.824	2.083	0
1978	7	26.455	NA	-4.772	1.738	0
1978	8	26.012	NA	-5.087	0.15	0
1978	9	26.05	NA	-4.355	1.005	0
1978	10	26.337	NA	-3.421	-1.177	0
1978	11	26.288	NA	-2.169	0.431	0
1978	12	26.497	NA	0.414	-0.785	0
1979	1	26.734	NA	1.137	0.511	0
1979	2	26.962	NA	0.893	0.333	0
1979	3	27.006	NA	2.174	1.105	0
1979	4	27.269	NA	1.919	1.762	0
1979	5	27.175	NA	-0.96	1.714	0
1979	6	26.915	NA	-3.847	2.012	0
1979	7	26.408	NA	-4.327	1.568	0
1979	8	26.078	NA	-5.079	0.999	0
1979	9	26.136	NA	-2.245	0.325	0
1979	10	26.055	NA	-1.674	-0.028	0
1979	11	26.605	NA	1.387	0.154	0
1979	12	26.339	NA	1.853	-0.352	0
1980	1	26.857	NA	1.947	0.032	0
1980	2	26.803	NA	1.52	0.787	0
1980	3	26.675	NA	0.982	1.383	0
1980	4	27.216	NA	1.932	1.822	0
1980	5	27.444	NA	-0.952	3.298	0
1980	6	27.211	NA	-4.04	1.402	0
1980	7	26.639	NA	-4.232	0.582	0
1980	8	26.183	NA	-4.765	1.538	0
1980	9	26.186	NA	-3.395	0.117	0
1980	10	26.313	NA	0.362	-0.385	0
1980	11	26.275	NA	2.092	-1.059	0
1980	12	26.138	NA	2.105	-0.425	0
1981	1	26.11	NA	1.51	-0.077	0
1981	2	26.347	NA	1.305	0.506	0
1981	3	26.99	NA	0.329	1.707	0
1981	4	27.094	NA	1.594	2.193	0
1981	5	27.495	NA	-0.016	3.693	0
1981	6	26.939	NA	-3.334	1.856	0
1981	7	26.418	NA	-3.611	1.559	0
1981	8	26.189	NA	-4.737	0.326	0
1981	9	26.231	NA	-2.096	1.497	0
1981	10	26.276	NA	0.394	-0.808	0
1981	11	26.156	NA	2.166	-1.43	0
1981	12	25.994	NA	2.17	-0.932	0
1982	1	26.332	NA	0.984	0.76	0
1982	2	26.458	NA	0.435	0.507	0
1982	3	26.674	NA	1.682	2.015	0
1982	4	26.979	NA	2.227	2.52	0
1982	5	27.055	NA	-1.581	2.655	0
1982	6	26.854	NA	-4.429	2.223	0
1982	7	26.183	NA	-4.899	1.595	0
1982	8	25.936	NA	-5.087	0.762	0
1982	9	25.73	NA	-2.352	0.656	0
1982	10	25.907	NA	-1.757	0.259	0
1982	11	26.49	NA	-0.336	0.109	0
1982	12	26.723	NA	4.682	-0.087	0
1983	1	27.063	NA	2.724	1.055	0
1983	2	27.413	NA	2.023	0.5	0
1983	3	27.816	NA	2.275	1.108	0
1983	4	27.888	NA	2.593	1.898	0
1983	5	27.417	NA	0.07	4.522	0
1983	6	27.185	NA	-4.068	2.401	0
1983	7	26.689	NA	-5.088	1.705	0
1983	8	26.54	NA	-5.262	1.038	0
1983	9	26.331	NA	-4.656	1.772	0
1983	10	26.578	NA	1.822	-0.623	0
1983	11	26.373	NA	2.587	-2.221	0
1983	12	26.307	NA	4.594	-0.34	0
1984	1	26.534	NA	2.734	0.72	0
1984	2	26.634	NA	4.285	0.392	0
1984	3	26.684	NA	2.952	0.634	0
1984	4	26.915	NA	3.324	1.969	0
1984	5	27.158	NA	0.118	2.571	0
1984	6	26.746	NA	-3.723	0.594	0
1984	7	26.544	NA	-4.116	1.391	0
1984	8	25.914	NA	-4.337	0.715	0
1984	9	26.097	NA	-2.669	0.724	0
1984	10	26.253	NA	-0.74	-0.25	0
1984	11	26.459	NA	2.034	-1.244	0
1984	12	26.391	NA	3.415	-0.666	0
1985	1	26.647	NA	1.646	0.597	0
1985	2	27.156	NA	3.95	0.046	0
1985	3	27.01	NA	-0.026	0.467	0
1985	4	27.283	NA	1.073	1.028	0
1985	5	27.311	NA	0.85	2.866	0
1985	6	26.864	NA	-2.252	1.075	0
1985	7	26.348	NA	-3.825	1.547	0
1985	8	26.11	NA	-4.595	0.332	0
1985	9	26.089	NA	-2.637	0.405	0
1985	10	26.228	NA	0.237	-0.624	0
1985	11	26.101	NA	2.511	-1.386	0
1985	12	26.202	NA	2.663	-0.303	0
1986	1	26.639	NA	3.705	-0.086	0
1986	2	26.594	NA	1.98	0.624	0
1986	3	26.932	NA	2.502	1.24	0
1986	4	27.14	NA	0.477	2.264	0
1986	5	27.266	NA	-1.435	3.172	0
1986	6	26.998	NA	-3.166	1.605	0
1986	7	26.396	NA	-3.062	1.32	0
1986	8	26.07	NA	-4.546	0.049	0
1986	9	26.008	NA	-3.751	0.42	0
1986	10	26.249	NA	0.049	-0.115	0
1986	11	26.031	NA	1.126	-0.762	0
1986	12	26.555	NA	1.397	0.063	0
1987	1	26.791	NA	3.067	-0.221	0
1987	2	26.819	NA	-0.138	0.806	0
1987	3	27.465	NA	0.777	1.119	0
1987	4	27.464	NA	3.381	1.983	0
1987	5	27.603	NA	0.705	2.445	0
1987	6	27.555	NA	-2.31	2.065	0
1987	7	26.892	NA	-3.665	1.044	0
1987	8	26.478	NA	-4.881	1.616	0
1987	9	26.119	NA	-2.975	1.405	0
1987	10	26.522	NA	1.479	0.334	0
1987	11	26.445	NA	3.957	-1.335	0
1987	12	26.534	NA	5.59	-0.91	0
1988	1	26.964	NA	0.684	0.26	0
1988	2	27.1	NA	1.258	1.537	0
1988	3	27.603	NA	2.574	1.802	0
1988	4	27.401	NA	-0.279	2.757	0
1988	5	27.576	NA	3.072	3.165	0
1988	6	27.179	NA	-4.625	1.409	0
1988	7	26.663	NA	-5.626	1.876	0
1988	8	26.341	NA	-5.418	1.707	0
1988	9	26.269	NA	-3.553	0.748	0
1988	10	26.142	NA	0.236	-0.432	0
1988	11	26.227	NA	4.354	-2.333	0
1988	12	26.146	NA	0.927	-0.587	0
1989	1	26.857	NA	2.711	0.233	0
1989	2	26.465	NA	1.347	-0.163	0
1989	3	26.675	NA	0.64	0.613	0
1989	4	26.989	NA	2.6	0.599	0
1989	5	27.135	NA	-1.538	1.907	0
1989	6	26.546	NA	-6.054	2.047	0
1989	7	26.523	NA	-6.144	1.341	0
1989	8	26.397	NA	-6.423	0.621	0
1989	9	26.245	NA	-4.504	1.185	0
1989	10	26.172	NA	-0.762	-1.18	0
1989	11	26.411	NA	0.634	-0.158	0
1989	12	26.654	NA	0.324	-0.505	0
1990	1	26.913	NA	3.252	-0.731	0
1990	2	26.962	NA	-0.091	1.297	0
1990	3	27.031	NA	2.304	1.706	0
1990	4	27.521	NA	2.322	1.801	0
1990	5	27.478	NA	-2.31	3.308	0
1990	6	27.117	NA	-5.102	2.239	0
1990	7	26.336	NA	-4.421	1.537	0
1990	8	26.477	NA	-5.623	0.923	0
1990	9	26.424	NA	-3.594	1.127	0
1990	10	26.616	NA	1.594	-0.779	0
1990	11	26.345	NA	2.194	-1.856	0
1990	12	26.606	NA	3.675	-0.288	0
1991	1	26.85	NA	3.192	-0.31	0
1991	2	26.811	NA	0.729	1.149	0
1991	3	27.199	NA	0.941	1.463	0
1991	4	27.211	NA	2.832	1.274	0
1991	5	27.405	NA	0.157	2.955	0
1991	6	27.198	NA	-0.938	2.895	0
1991	7	26.431	NA	-4.854	1.855	0
1991	8	25.946	NA	-4.472	0.686	0
1991	9	25.884	NA	-3.168	0.324	0
1991	10	26.158	NA	1.362	-1.345	0
1991	11	25.604	NA	3.598	-0.927	0
1991	12	26.178	NA	2.747	-0.017	0
1992	1	26.342	NA	0.543	0.063	0
1992	2	26.867	NA	0.758	0.283	0
1992	3	26.949	NA	0.087	-0.051	0
1992	4	27.143	NA	2.546	1.012	0
1992	5	27.327	NA	1.525	2.638	0
1992	6	27.283	NA	-4.65	2.78	0
1992	7	26.868	NA	-5.177	1.822	0
1992	8	26.188	NA	-4.767	1.065	0
1992	9	26.179	NA	-4.09	0.53	0
1992	10	25.94	NA	-1.123	-0.855	0
1992	11	25.288	NA	1.09	-0.951	0
1992	12	25.486	NA	0.418	-0.559	0
1993	1	25.818	NA	0.918	-0.331	0
1993	2	25.729	NA	0.001	0.938	0
1993	3	26.534	NA	1.121	1.162	0
1993	4	26.488	NA	1.717	2.024	0
1993	5	26.873	NA	-1.634	3.385	0
1993	6	26.958	NA	-5.681	2.142	0
1993	7	26.472	NA	-6.298	1.124	0
1993	8	26.184	NA	-5.74	0.95	0
1993	9	26.153	NA	-5.233	1.488	0
1993	10	26.077	NA	-2.433	-0.062	0
1993	11	26.35	NA	1.16	-0.267	0
1993	12	26.251	NA	3.141	-0.566	0
1994	1	26.332	NA	0.348	-0.143	0
1994	2	26.686	NA	1.08	1.172	0
1994	3	26.624	NA	0.731	1.104	0
1994	4	26.73	NA	-0.173	2.149	0
1994	5	26.586	NA	-3.045	2.961	0
1994	6	26.298	NA	-5.989	2.14	0
1994	7	25.356	NA	-6.489	1.004	0
1994	8	24.679	NA	-6.889	0.765	0
1994	9	24.618	NA	-4.621	0.065	0
1994	10	24.731	NA	-2.686	0.108	0
1994	11	25.913	NA	0.854	-1.096	0
1994	12	25.995	NA	1.643	-0.883	0
1995	1	26.659	NA	2.171	-0.612	0
1995	2	26.833	NA	1.227	0.682	0
1995	3	26.542	NA	0.693	0.848	0
1995	4	26.736	NA	1.779	1.108	0
1995	5	26.95	NA	-1.954	0.848	0
1995	6	27.139	NA	-4.317	2.938	0
1995	7	26.695	NA	-5.39	1.82	0
1995	8	26.328	NA	-6.065	1.138	0
1995	9	26.237	NA	-5.104	0.698	0
1995	10	26.169	NA	-2.215	-0.916	0
1995	11	26.428	NA	2.944	-2.424	0
1995	12	26.075	NA	-0.149	-0.283	0
1996	1	26.19	NA	0.514	0.265	0
1996	2	26.369	NA	0.228	1.476	0
1996	3	26.902	NA	1.306	1.067	0
1996	4	26.929	NA	2.688	2.293	0
1996	5	27.126	NA	0.268	2.436	0
1996	6	27.03	NA	-4.218	2.49	0
1996	7	26.684	NA	-5.043	1.731	0
1996	8	26.285	NA	-5.417	1.845	0
1996	9	26.269	NA	-2.813	0.794	0
1996	10	26.398	NA	-0.694	-0.874	0
1996	11	26.066	NA	0.746	-1.496	0
1996	12	26.228	NA	2.227	-1.766	0
1997	1	26.431	NA	0.747	0.286	0
1997	2	26.538	NA	2.849	0.214	0
1997	3	26.407	NA	-1.841	0.496	0
1997	4	26.848	NA	0.255	1.492	0
1997	5	27.211	NA	1.787	1.579	0
1997	6	27.196	NA	-5.157	1.548	0
1997	7	26.146	NA	-4.964	0.909	0
1997	8	25.662	NA	-5.997	0.582	0
1997	9	25.588	NA	-5.477	0.698	0
1997	10	25.001	NA	-3.625	0.002	0
1997	11	25.378	NA	-3.473	-0.208	0
1997	12	26.027	NA	-1.865	0.018	0
1998	1	26.778	NA	-2.216	-0.04	0
1998	2	27.337	NA	-0.748	0.584	0
1998	3	27.746	NA	-0.075	1.116	0
1998	4	28.18	NA	1.447	2.373	0
1998	5	28.166	NA	2.235	2.427	0
1998	6	27.746	NA	-5.295	2.102	0
1998	7	27.474	NA	-4.923	1.642	0
1998	8	27.074	NA	-5.538	1.784	0
1998	9	26.991	NA	-4.543	1.357	0
1998	10	26.845	NA	-2.41	-0.19	0
1998	11	26.521	NA	1.39	-1.288	0
1998	12	26.513	NA	1.903	-0.97	0
1999	1	26.384	NA	1.123	-0.176	0
1999	2	26.396	NA	0.264	0.273	0
1999	3	26.668	NA	3.531	-0.127	0
1999	4	26.691	NA	0.623	1.993	0
1999	5	26.605	NA	-3.408	2.338	0
1999	6	26.634	NA	-4.483	1.932	0
1999	7	26.342	NA	-4.928	1.475	0
1999	8	26.143	NA	-6.136	0.871	0
1999	9	26.176	NA	-4.576	1.381	0
1999	10	26.144	NA	0.017	-1.117	0
1999	11	26.063	NA	3.125	-1.496	0
1999	12	26.321	NA	3.127	-1.041	0
2000	1	26.768	NA	1.919	-0.353	0
2000	2	26.885	NA	4.768	0.847	0
2000	3	26.681	NA	2.716	1.312	0
2000	4	27.201	NA	2.641	2.715	0
2000	5	27.408	NA	-3.41	2.509	0
2000	6	27.528	NA	-4.029	1.741	0
2000	7	26.716	NA	-4.777	1.077	0
2000	8	26.169	NA	-3.514	0.216	0
2000	9	26.366	NA	-4.576	0.87	0
2000	10	26.139	NA	-0.752	-1.299	0
2000	11	26.346	NA	2.931	-0.212	0
2000	12	26.515	NA	5.457	-1.079	0
2001	1	26.935	NA	3.164	-0.145	0
2001	2	26.858	NA	2.497	0.382	0
2001	3	26.974	NA	2.085	1.672	0
2001	4	27.1	NA	0.676	1.919	0
2001	5	27.123	NA	-2.608	2.288	0
2001	6	26.945	NA	-2.274	1.078	0
2001	7	26.563	NA	-4.029	0.445	0
2001	8	26.492	NA	-4.6	-0.255	0
2001	9	26.464	NA	-2.843	0.351	0
2001	10	26.368	NA	-1.772	-0.403	0
2001	11	26.555	NA	2.175	-0.774	0
2001	12	26.31	NA	0.821	-0.544	0
2002	1	27.128	NA	2.08	0.732	0
2002	2	27.06	NA	1.737	0.918	0
2002	3	27.501	NA	2.323	1.794	0
2002	4	27.595	NA	2.499	3.115	0
2002	5	27.655	NA	2.524	1.981	0
2002	6	27.12	NA	-2.497	2.374	0
2002	7	26.87	NA	-3.592	0.783	0
2002	8	26.259	NA	-5.165	0.893	0
2002	9	26.019	NA	-5.296	0.099	0
2002	10	26.07	NA	-2.282	-0.493	0
2002	11	26.1	NA	0.957	-2.051	0
2002	12	26.843	NA	3.355	-0.422	0
2003	1	26.854	NA	2.273	-0.309	0
2003	2	27.066	NA	0.059	0.933	0
2003	3	26.941	NA	1.95	1.611	0
2003	4	27.433	NA	3.813	2.363	0
2003	5	27.338	NA	-0.28	2.376	0
2003	6	27.046	NA	-4.839	2.411	0
2003	7	26.388	NA	-6.142	1.153	0
2003	8	25.875	NA	-4.083	0.58	0
2003	9	26.041	NA	-5.067	1.375	0
2003	10	26.214	NA	1.179	-0.388	0
2003	11	26.135	NA	2.307	-0.683	0
2003	12	26.419	NA	2.697	-1.398	0
2004	1	26.749	NA	0.102	0.577	0
2004	2	26.996	NA	1.39	0.112	0
2004	3	27.193	NA	2.154	0.863	0
2004	4	27.4	NA	2.506	2.637	0
2004	5	27.201	NA	2.192	2.573	0
2004	6	26.811	NA	-4.682	2.069	0
2004	7	26.525	NA	-4.386	1.258	0
2004	8	26.239	NA	-5.277	0.762	0
2004	9	26.261	NA	-4.585	0.272	0
2004	10	26.266	NA	-2.01	-0.747	0
2004	11	26.313	NA	1.98	-1.032	0
2004	12	26.499	NA	0.952	-0.156	0
2005	1	26.902	NA	3.184	0.337	0
2005	2	27.397	NA	-0.332	0.363	0
2005	3	27.706	NA	-0.674	1.931	0
2005	4	27.496	NA	2.636	2.121	0
2005	5	27.487	NA	1.332	2.614	0
2005	6	27.33	NA	-4.031	1.553	0
2005	7	26.727	NA	-5.001	1.652	0
2005	8	26.445	NA	-5.697	0.906	0
2005	9	26.635	NA	-3.938	0.432	0
2005	10	26.72	NA	0.086	-0.919	0
2005	11	26.476	NA	0.788	-1.509	0
2005	12	26.646	NA	2.844	-1.503	0
2006	1	26.383	NA	1.941	-0.395	0
2006	2	26.604	NA	-0.366	0.641	0
2006	3	26.984	NA	-0.195	1.004	0
2006	4	26.795	NA	1.226	2.603	0
2006	5	27.141	NA	-3.156	2.92	0
2006	6	27.049	NA	-5.714	1.82	0
2006	7	26.662	NA	-5.354	1.413	0
2006	8	26.115	NA	-5.663	0.996	0
2006	9	25.165	NA	-4.526	0.547	0
2006	10	25.364	NA	-3.422	-0.551	0
2006	11	25.946	NA	-2.102	-0.699	0
2006	12	26.509	NA	0.741	-0.566	0
2007	1	26.84	NA	1.339	-0.172	0
2007	2	27.281	NA	-1.281	1.238	0
2007	3	27.127	NA	1.568	1.077	0
2007	4	27.232	NA	2.857	2.274	0
2007	5	27.363	NA	-3.296	2.184	0
2007	6	27.101	NA	-5.448	1.854	0
2007	7	26.769	NA	-4.513	1.642	0
2007	8	26.426	NA	-5.756	0.876	0
2007	9	25.757	NA	-5.136	0.361	0
2007	10	25.799	NA	0.122	-0.897	0
2007	11	26.247	NA	2.663	-1.782	0
2007	12	26.873	NA	4.252	-1.395	0
2008	1	26.845	NA	0.73	-1.111	0
2008	2	26.926	NA	3.348	0.18	0
2008	3	26.905	NA	3.554	0.808	0
2008	4	26.953	NA	-0.096	2.146	0
2008	5	26.55	NA	-3.644	2.071	0
2008	6	26.517	NA	-5.488	1.214	0
2008	7	25.989	NA	-4.706	1.382	0
2008	8	26.079	NA	-3.995	0.998	0
2008	9	26.239	NA	-1.485	0.203	0
2008	10	26.423	NA	2.799	-0.812	0
2008	11	26.762	NA	3.709	-0.947	0
2008	12	26.244	NA	2.699	0.028	0
2009	1	26.501	NA	1.761	0.102	0
2009	2	26.677	NA	1.215	-0.046	0
2009	3	26.934	NA	0.977	0.177	0
2009	4	27.442	NA	2.468	0.88	0
2009	5	27.386	NA	-1.622	2.221	0
2009	6	27.004	NA	-3.697	1.523	0
2009	7	26.605	NA	-5.803	1.001	0
2009	8	26.254	NA	-4.105	0.814	0
2009	9	26.504	NA	-3.114	0.027	0
2009	10	26.541	NA	-0.821	-0.941	0
2009	11	26.562	NA	2.918	-0.929	0
2009	12	26.725	NA	4.022	-0.542	0
2010	1	26.969	NA	1.549	-0.565	0
2010	2	27.564	NA	0.44	0.03	0
2010	3	27.758	NA	2.199	0.186	0
2010	4	27.504	NA	0.847	2.613	0
2010	5	27.888	NA	-2.249	3.238	0
2010	6	27.264	NA	-4.502	2.217	0
2010	7	26.926	NA	-4.22	1.544	0
2010	8	26.982	NA	-4.203	1.194	0
2010	9	26.82	NA	-3.555	0.324	0
2010	10	26.73	NA	-0.232	-1.046	0
2010	11	26.68	NA	2.618	-0.316	0
2010	12	26.29	NA	4.298	-1.298	0
2011	1	26.433	NA	2.399	-0.225	0
2011	2	26.961	NA	1.589	0.466	0
2011	3	26.9	NA	1.942	1.19	0
2011	4	27.178	NA	-0.102	2.257	0
2011	5	27.304	NA	-2.377	2.88	0
2011	6	27.221	NA	-4.244	1.851	0
2011	7	26.715	NA	-4.392	1.658	0
2011	8	26.42	NA	-5.681	1.565	0
2011	9	25.777	NA	-4.129	0.288	0
2011	10	26.4	NA	-0.185	-1.002	0
2011	11	26.351	NA	1.359	-0.816	0
2011	12	27.083	NA	4.81	-0.483	0
2012	1	26.672	NA	2.165	0.203	0
2012	2	26.461	NA	2.601	0.081	0
2012	3	26.696	NA	3.151	0.25	0
2012	4	26.871	NA	1.725	2.615	0
2012	5	27.297	NA	-1.753	2.182	0
2012	6	26.923	NA	-3.414	2.224	0
2012	7	26.566	NA	-3.131	1.406	0
2012	8	26.142	NA	-3.815	0.994	0
2012	9	25.805	NA	-1.687	0.521	0
2012	10	26.248	NA	0.792	-0.193	0
2012	11	26.455	NA	4.233	-0.842	0
2012	12	26.806	NA	4.602	-0.378	0
2013	1	26.935	NA	1.636	-0.065	0
2013	2	27.087	NA	1.861	-0.075	0
2013	3	27.136	NA	2.119	1.037	0
2013	4	27.405	NA	3.967	2.751	0
2013	5	27.286	NA	1.219	3.193	0
2013	6	27.261	NA	-2.475	1.324	0
2013	7	26.68	NA	-3.895	0.341	0
2013	8	26.824	NA	-3.999	0.492	0
2013	9	26.49	NA	-2.601	0.539	0
2013	10	26.474	NA	-1.278	0.709	0
2013	11	26.675	NA	0.522	-0.942	0
2013	12	26.843	NA	4.625	-0.097	0
2014	1	26.595	NA	1.725	0.201	0
2014	2	27.119	NA	-0.041	1.007	0
2014	3	27.508	NA	0.231	1.262	0
2014	4	27.794	NA	3.398	1.721	0
2014	5	27.741	NA	-0.015	3.134	0
2014	6	27.69	NA	-2.728	2.138	0
2014	7	NA	NA	NA	NA	0
2014	8	NA	NA	NA	NA	0
2014	9	NA	NA	NA	NA	0
2014	10	NA	NA	NA	NA	0
2014	11	NA	NA	NA	NA	0
2014	12	NA	NA	NA	NA	0
