1948	1	25.385	NA	-1.467	-0.195	NA
1948	2	25.729	NA	-1.46	0.765	NA
1948	3	25.758	NA	0.047	1.701	NA
1948	4	26.105	NA	-0.078	2.642	NA
1948	5	26.328	NA	-1.638	4.178	NA
1948	6	26.317	NA	-2.419	2.088	NA
1948	7	26.073	NA	-4.385	3.096	NA
1948	8	25.755	NA	-3.332	1.49	NA
1948	9	25.509	NA	-2.517	0.929	NA
1948	10	25.574	NA	-0.453	-0.067	NA
1948	11	24.968	NA	0.434	-0.404	NA
1948	12	25.46	NA	0.932	-1.29	NA
1949	1	25.31	NA	0.3	0.478	NA
1949	2	25.79	NA	0.593	0.3	NA
1949	3	25.985	NA	-0.951	1.844	NA
1949	4	26.039	NA	2.97	5.161	NA
1949	5	26.466	NA	-1.582	5.354	NA
1949	6	25.667	NA	-4.987	2.368	NA
1949	7	25.499	NA	-5.36	3.773	NA
1949	8	25.239	NA	-5.487	1.848	NA
1949	9	25.424	NA	-4.637	0.957	NA
1949	10	25.436	NA	-0.114	-0.076	NA
1949	11	25.185	NA	3.059	-1.026	NA
1949	12	25.559	NA	1.717	0.153	NA
1950	1	25.831	NA	0.326	1.117	NA
1950	2	26.157	NA	1.16	1.506	NA
1950	3	26.515	NA	1.527	2.19	NA
1950	4	26.197	NA	2.546	2.698	NA
1950	5	26.099	NA	-0.318	4.805	NA
1950	6	26.107	NA	-4.813	2.224	NA
1950	7	25.661	NA	-4.356	2.111	NA
1950	8	25.408	NA	-3.853	1.469	NA
1950	9	25.367	NA	-3.843	1	NA
1950	10	25.398	NA	1.78	-0.741	NA
1950	11	25.336	NA	4.171	-0.988	NA
1950	12	25.177	NA	1.854	-0.394	NA
1951	1	25.332	NA	0.871	0.412	NA
1951	2	25.823	NA	0.203	0.032	NA
1951	3	26.09	NA	-1.15	0.646	NA
1951	4	25.931	NA	-0.188	2.16	NA
1951	5	25.966	NA	-2.19	3.409	NA
1951	6	26.006	NA	-4.726	2.348	NA
1951	7	25.75	NA	-4.939	2.907	NA
1951	8	25.58	NA	-4.832	0.917	NA
1951	9	25.853	NA	-4.414	1.162	NA
1951	10	25.676	NA	-3.241	1.143	NA
1951	11	25.628	NA	-1.139	1.072	NA
1951	12	25.508	NA	0.452	-0.775	NA
1952	1	25.784	NA	0.083	0.259	NA
1952	2	26.222	NA	-0.636	0.697	NA
1952	3	26.284	NA	-1.81	2.629	NA
1952	4	26.469	NA	-0.816	4.056	NA
1952	5	26.742	NA	-0.464	4.266	NA
1952	6	25.963	NA	-5.881	2.645	NA
1952	7	25.908	NA	-6.224	1.473	NA
1952	8	25.573	NA	-5.796	1.503	NA
1952	9	25.538	NA	-4.507	1.58	NA
1952	10	25.675	NA	-1.779	-0.267	NA
1952	11	25.443	NA	1.326	-0.365	NA
1952	12	25.311	NA	-0.12	1.34	NA
1953	1	25.691	NA	-0.171	0.894	NA
1953	2	25.765	NA	-1.411	1.676	NA
1953	3	26.216	NA	-0.219	2.914	NA
1953	4	26.339	NA	-1.692	3.406	NA
1953	5	26.217	NA	-1.87	3.047	NA
1953	6	26.128	NA	-4.04	3.019	NA
1953	7	25.733	NA	-5.779	2.464	NA
1953	8	25.254	NA	-5.461	0.45	NA
1953	9	25.695	NA	-3.688	1.628	NA
1953	10	25.742	NA	-2.427	0.695	NA
1953	11	25.829	NA	-0.363	-1.214	NA
1953	12	25.751	NA	-0.459	0.223	NA
1954	1	26.487	NA	1.613	0.658	NA
1954	2	26.53	NA	0.102	2.436	NA
1954	3	26.781	NA	-1.119	1.981	NA
1954	4	26.703	NA	0.448	3.074	NA
1954	5	26.701	NA	-2.6	4.809	NA
1954	6	26.25	NA	-3.376	3.006	NA
1954	7	25.993	NA	-4.384	2.992	NA
1954	8	25.844	NA	-4.407	1.432	NA
1954	9	25.669	NA	-4.491	1.354	NA
1954	10	25.699	NA	-0.598	-0.38	NA
1954	11	25.265	NA	0.554	-0.72	NA
1954	12	25.81	NA	2.937	0.188	NA
1955	1	25.644	NA	0.947	0.805	NA
1955	2	26.213	NA	1.56	0.692	NA
1955	3	26.269	NA	-0.004	3.017	NA
1955	4	26.218	NA	2.717	3.766	NA
1955	5	26.532	NA	-2.13	3.481	NA
1955	6	26.324	NA	-4.936	2.047	NA
1955	7	25.702	NA	-5.378	2.483	NA
1955	8	25.801	NA	-4.938	2.642	NA
1955	9	25.998	NA	-4.677	2.076	NA
1955	10	25.694	NA	-1.39	0.685	NA
1955	11	25.45	NA	0.488	-1.917	NA
1955	12	25.252	NA	-0.136	0.342	NA
1956	1	25.665	NA	-0.876	1.092	NA
1956	2	25.965	NA	-0.157	0.551	NA
1956	3	26.318	NA	1.658	2.319	NA
1956	4	26.451	NA	0.485	3.393	NA
1956	5	26.362	NA	-5.153	3.29	NA
1956	6	26.216	NA	-6.851	2.663	NA
1956	7	25.743	NA	-5.901	1.208	NA
1956	8	25.573	NA	-5.807	0.928	NA
1956	9	25.773	NA	-5.02	1.533	NA
1956	10	25.92	NA	-3.644	1.286	NA
1956	11	25.69	NA	-1.305	0.191	NA
1956	12	25.504	NA	-0.366	0.724	NA
1957	1	26.122	NA	0.051	2.015	NA
1957	2	26.502	NA	0.627	1.767	NA
1957	3	26.366	NA	-0.971	2.327	NA
1957	4	26.711	NA	0.386	2.662	NA
1957	5	26.884	NA	0.138	3.663	NA
1957	6	26.629	NA	-1.844	2.737	NA
1957	7	26.189	NA	-4.324	2.686	NA
1957	8	25.817	NA	-4.562	1.998	NA
1957	9	25.61	NA	-3.383	1.444	NA
1957	10	25.999	NA	-2.777	1.27	NA
1957	11	26.089	NA	-2.409	1.001	NA
1957	12	26.59	NA	1.026	1.369	NA
1958	1	26.349	NA	-1.545	1.941	NA
1958	2	26.833	NA	0.803	0.783	NA
1958	3	26.747	NA	-0.542	2.071	NA
1958	4	26.773	NA	1.128	3.936	NA
1958	5	27.061	NA	0.608	4.254	NA
1958	6	27.339	NA	-4.328	2.733	NA
1958	7	26.475	NA	-5.324	1.654	NA
1958	8	26.609	NA	-5.637	2.554	NA
1958	9	26.437	NA	-4.757	1.94	NA
1958	10	26.631	NA	-1.9	1.545	NA
1958	11	26.454	NA	-0.461	-0.319	NA
1958	12	26.631	NA	-0.629	1.469	NA
1959	1	26.401	NA	0.337	0.838	NA
1959	2	26.768	NA	-0.936	1.084	NA
1959	3	26.797	NA	0.158	1.845	NA
1959	4	26.588	NA	1.652	2.413	NA
1959	5	27.09	NA	0.704	3.834	NA
1959	6	26.693	NA	-3.961	3.212	NA
1959	7	26.316	NA	-4.154	1.481	NA
1959	8	25.941	NA	-4.974	1.575	NA
1959	9	26.339	NA	-3.654	1.585	NA
1959	10	26.394	NA	-0.595	0.918	NA
1959	11	26.476	NA	0.638	-0.403	NA
1959	12	26.385	NA	3.602	-1.035	NA
1960	1	26.387	NA	1.074	-0.116	NA
1960	2	26.617	NA	3.365	0.899	NA
1960	3	26.533	NA	-0.157	1.866	NA
1960	4	26.804	NA	0.66	1.973	NA
1960	5	27.291	NA	-2.21	2.886	NA
1960	6	26.442	NA	-5.763	2.2	NA
1960	7	26.664	NA	-5.208	2.523	NA
1960	8	26.289	NA	-5.022	1.197	NA
1960	9	26.219	NA	-4.328	0.932	NA
1960	10	26.285	NA	-2.197	-0.118	NA
1960	11	26.287	NA	0.142	-1.239	NA
1960	12	26.263	NA	1.189	-0.758	NA
1961	1	26.196	NA	0.587	0.776	NA
1961	2	26.718	NA	2.933	-0.177	NA
1961	3	26.293	NA	0.434	2.136	NA
1961	4	26.525	NA	-1.027	2.156	NA
1961	5	26.686	NA	-3.219	2.814	NA
1961	6	26.184	NA	-5.26	2.357	NA
1961	7	25.627	NA	-6.549	2.577	NA
1961	8	25.297	NA	-6.906	1.7	NA
1961	9	25.38	NA	-6.049	3.006	NA
1961	10	25.729	NA	-3.699	0.941	NA
1961	11	25.917	NA	-0.58	-0.715	NA
1961	12	26.012	NA	0.515	-0.38	NA
1962	1	26.184	NA	1.144	0.3	NA
1962	2	25.792	NA	-0.504	1.803	NA
1962	3	26.039	NA	-0.804	1.248	NA
1962	4	26.016	NA	-0.841	3.028	NA
1962	5	26.622	NA	-1.371	4.204	NA
1962	6	26.162	NA	-5.89	1.611	NA
1962	7	25.824	NA	-6.058	1.59	NA
1962	8	25.407	NA	-5.856	2.519	NA
1962	9	25.827	NA	-5.734	1.769	NA
1962	10	26.106	NA	0.111	-0.097	NA
1962	11	25.748	NA	0.195	0.104	NA
1962	12	25.531	NA	0.612	-0.253	NA
1963	1	25.831	NA	1.935	-0.407	NA
1963	2	25.904	NA	-0.604	0.918	NA
1963	3	26.211	NA	1.162	1.994	NA
1963	4	26.288	NA	-1.592	2.753	NA
1963	5	26.607	NA	-0.979	3.393	NA
1963	6	26.067	NA	-5.597	1.784	NA
1963	7	25.725	NA	-6.058	2.184	NA
1963	8	25.369	NA	-7.522	1.841	NA
1963	9	25.395	NA	-4.267	0.678	NA
1963	10	25.639	NA	-0.806	0.685	NA
1963	11	26.137	NA	-1.262	0.737	NA
1963	12	25.877	NA	1.298	-0.481	NA
1964	1	26.857	NA	1.465	0.53	NA
1964	2	27.209	NA	0.105	1.093	NA
1964	3	26.992	NA	-0.802	1.719	NA
1964	4	27.128	NA	2.418	2.853	NA
1964	5	26.798	NA	1.605	3.484	NA
1964	6	26.517	NA	-4.314	2.531	NA
1964	7	26.294	NA	-5.748	2.512	NA
1964	8	25.806	NA	-5.779	0.981	NA
1964	9	26.232	NA	-4.008	1.072	NA
1964	10	25.969	NA	-0.888	-0.262	NA
1964	11	25.462	NA	-0.682	-1.962	NA
1964	12	25.761	NA	0.686	-0.509	NA
1965	1	26.109	NA	0.418	-0.205	NA
1965	2	26.722	NA	1.486	0.806	NA
1965	3	26.304	NA	-0.206	1.68	NA
1965	4	26.859	NA	0.41	1.97	NA
1965	5	27.158	NA	0.815	2.632	NA
1965	6	26.456	NA	-3.803	1.987	NA
1965	7	25.771	NA	-4.595	1.788	NA
1965	8	25.984	NA	-4.876	1.397	NA
1965	9	25.914	NA	-4.957	1.086	NA
1965	10	26.336	NA	-0.03	-0.001	NA
1965	11	26.394	NA	0.969	-0.284	NA
1965	12	26.515	NA	3.311	-1.929	NA
1966	1	26.229	NA	2.353	-0.262	NA
1966	2	26.738	NA	0.182	1.197	NA
1966	3	26.695	NA	1.327	0.419	NA
1966	4	27.187	NA	-0.615	2.24	NA
1966	5	26.846	NA	-3.937	2.734	NA
1966	6	26.647	NA	-4.882	2.2	NA
1966	7	26.304	NA	-5.691	1.893	NA
1966	8	26.212	NA	-4.518	2.048	NA
1966	9	26.211	NA	-3.082	-0.074	NA
1966	10	26.18	NA	-1.09	0.473	NA
1966	11	26.364	NA	2.056	-0.696	NA
1966	12	26.479	NA	2.667	-1.542	NA
1967	1	26.209	NA	2.731	-0.884	NA
1967	2	26.692	NA	1.946	0.294	NA
1967	3	26.611	NA	-0.791	1.469	NA
1967	4	26.781	NA	-0.375	1.501	NA
1967	5	26.97	NA	2.048	3.057	NA
1967	6	26.371	NA	-4.625	2.119	NA
1967	7	26.193	NA	-4.283	1.963	NA
1967	8	25.889	NA	-4.804	1.202	NA
1967	9	25.898	NA	-3.132	1.29	NA
1967	10	26.101	NA	-2.028	0.063	NA
1967	11	26.432	NA	0.178	0.817	NA
1967	12	26.463	NA	4.611	0.81	NA
1968	1	26.429	NA	3.222	0.58	NA
1968	2	26.363	NA	-0.497	1.006	NA
1968	3	27.071	NA	3.385	1.581	NA
1968	4	27.003	NA	0.18	3.406	NA
1968	5	26.642	NA	-0.867	3.787	NA
1968	6	26.796	NA	-5.062	3.349	NA
1968	7	26.351	NA	-6.507	2.143	NA
1968	8	26.101	NA	-5.175	0.987	NA
1968	9	26.263	NA	-5.438	1.378	NA
1968	10	26.435	NA	-1.588	0.027	NA
1968	11	26.486	NA	-0.719	-0.693	NA
1968	12	26.76	NA	2.445	-0.899	NA
1969	1	26.906	NA	1.911	0.213	NA
1969	2	27.061	NA	1.008	1.582	NA
1969	3	27.281	NA	0.533	2.348	NA
1969	4	27.375	NA	0.145	4.147	NA
1969	5	27.475	NA	-2.236	4.345	NA
1969	6	26.971	NA	-5.087	2.675	NA
1969	7	26.293	NA	-4.301	1.87	NA
1969	8	26.248	NA	-4.134	2.819	NA
1969	9	26.09	NA	-3.004	0.943	NA
1969	10	26.258	NA	-1.094	0.024	NA
1969	11	26.341	NA	0.786	-0.005	NA
1969	12	26.375	NA	2.769	-0.689	NA
1970	1	26.681	NA	0.659	0.829	NA
1970	2	26.987	NA	-0.095	1.898	NA
1970	3	27.294	NA	1.926	2.02	NA
1970	4	27.303	NA	1.001	3.186	NA
1970	5	27.207	NA	-2.351	3.573	NA
1970	6	26.967	NA	-4.06	1.791	NA
1970	7	26.633	NA	-5.376	1.994	NA
1970	8	26.354	NA	-5.743	1.762	NA
1970	9	26.265	NA	-5.212	2.155	NA
1970	10	26.573	NA	-0.613	-0.896	NA
1970	11	26.475	NA	2.494	-1.834	NA
1970	12	26.513	NA	4.251	-1.521	NA
1971	1	26.356	NA	2.285	0.298	NA
1971	2	26.264	NA	2.083	1.375	NA
1971	3	26.272	NA	2.13	0.767	NA
1971	4	26.635	NA	1.113	3.535	NA
1971	5	26.756	NA	-2.47	3.238	NA
1971	6	26.187	NA	-4.823	1.322	NA
1971	7	26.101	NA	-4.377	2.826	NA
1971	8	26.157	NA	-5.467	2.185	NA
1971	9	26.19	NA	-3.007	1.026	NA
1971	10	26.061	NA	-0.565	-0.166	NA
1971	11	25.625	NA	2.836	-1.749	NA
1971	12	26.138	NA	4.187	-0.601	NA
1972	1	26.192	NA	0.944	0.282	NA
1972	2	26.645	NA	1.973	0.12	NA
1972	3	26.497	NA	1.523	1.008	NA
1972	4	26.707	NA	0.619	2.449	NA
1972	5	26.811	NA	-1.675	2.92	NA
1972	6	26.791	NA	-2.929	3.253	NA
1972	7	26.168	NA	-6.389	1.122	NA
1972	8	26.237	NA	-4.97	2.321	NA
1972	9	26.2	NA	-3.765	1.55	NA
1972	10	26.331	NA	-2.09	0.192	NA
1972	11	26.66	NA	-0.343	-0.562	NA
1972	12	26.552	NA	1.587	-0.513	NA
1973	1	27.103	NA	1.963	0.803	NA
1973	2	27.392	NA	1.408	1.4	NA
1973	3	27.502	NA	1.988	2.194	NA
1973	4	27.193	NA	2.185	2.883	NA
1973	5	27.044	NA	-3.129	4.718	NA
1973	6	27.046	NA	-5.912	3.375	NA
1973	7	26.696	NA	-6.154	1.712	NA
1973	8	26.481	NA	-5.366	1.94	NA
1973	9	26.574	NA	-2.642	1.952	NA
1973	10	26.522	NA	-0.327	0.371	NA
1973	11	26.474	NA	2.137	-2.225	NA
1973	12	26.266	NA	4.48	-1.459	NA
1974	1	26.143	NA	2.903	0.316	NA
1974	2	26.391	NA	1.988	0.109	NA
1974	3	26.402	NA	0.49	1.593	NA
1974	4	26.618	NA	0.911	2.586	NA
1974	5	26.719	NA	-1.491	3.973	NA
1974	6	26.473	NA	-3.195	3.172	NA
1974	7	26.47	NA	-5.408	3.325	NA
1974	8	26.412	NA	-5.708	1.317	NA
1974	9	26.469	NA	-4.479	1.87	NA
1974	10	26.378	NA	-1.3	0.858	NA
1974	11	26.352	NA	2.161	-2.344	NA
1974	12	26.329	NA	2.916	-0.376	NA
1975	1	26.663	NA	2.705	0.208	NA
1975	2	26.623	NA	1.903	0.859	NA
1975	3	26.67	NA	2.169	1.702	NA
1975	4	26.892	NA	2.168	3.185	NA
1975	5	26.866	NA	-2.633	3.674	NA
1975	6	26.647	NA	-3.971	1.294	NA
1975	7	26.327	NA	-4.876	2.862	NA
1975	8	26.349	NA	-4.55	2.048	NA
1975	9	26.524	NA	-3.66	1.835	NA
1975	10	26.321	NA	-0.453	0.233	NA
1975	11	26.166	NA	1.787	-2.437	NA
1975	12	26.135	NA	2.637	-1.052	NA
1976	1	25.906	NA	1.089	0.289	NA
1976	2	26.091	NA	-0.355	0.842	NA
1976	3	26.349	NA	0.61	1.619	NA
1976	4	26.465	NA	1.242	2.194	NA
1976	5	26.411	NA	-1.486	2.971	NA
1976	6	26.172	NA	-3.068	2.662	NA
1976	7	26.087	NA	-4.021	1.451	NA
1976	8	26.046	NA	-4.233	2.009	NA
1976	9	25.777	NA	-2.206	0.574	NA
1976	10	26.071	NA	-0.991	-0.831	NA
1976	11	26.214	NA	2.048	-0.348	NA
1976	12	26.141	NA	0.098	-0.574	NA
1977	1	26.194	NA	-0.332	-0.063	NA
1977	2	26.455	NA	1.278	0.444	NA
1977	3	26.652	NA	0.07	1.717	NA
1977	4	27.109	NA	0.612	3.064	NA
1977	5	27.169	NA	-1.426	2.566	NA
1977	6	27.03	NA	-5.436	3.177	NA
1977	7	26.714	NA	-4.458	1.295	NA
1977	8	25.915	NA	-4.504	0.809	NA
1977	9	25.867	NA	-3.24	0.224	NA
1977	10	26.336	NA	-1.462	0.616	NA
1977	11	26.393	NA	0.169	0.49	NA
1977	12	26.523	NA	2.619	-0.619	NA
1978	1	26.945	NA	2.129	-0.124	NA
1978	2	26.95	NA	1.221	0.567	NA
1978	3	27.196	NA	2.127	1.748	NA
1978	4	27.027	NA	-0.347	2.131	NA
1978	5	27.433	NA	-1.202	3.081	NA
1978	6	26.647	NA	-4.824	2.083	NA
1978	7	26.455	NA	-4.772	1.738	NA
1978	8	26.012	NA	-5.087	0.15	NA
1978	9	26.05	NA	-4.355	1.005	NA
1978	10	26.337	NA	-3.421	-1.177	NA
1978	11	26.288	NA	-2.169	0.431	NA
1978	12	26.497	NA	0.414	-0.785	NA
1979	1	26.734	NA	1.137	0.511	NA
1979	2	26.962	NA	0.893	0.333	NA
1979	3	27.006	NA	2.174	1.105	NA
1979	4	27.269	NA	1.919	1.762	NA
1979	5	27.175	NA	-0.96	1.714	NA
1979	6	26.915	NA	-3.847	2.012	NA
1979	7	26.408	NA	-4.327	1.568	NA
1979	8	26.078	NA	-5.079	0.999	NA
1979	9	26.136	NA	-2.245	0.325	NA
1979	10	26.055	NA	-1.674	-0.028	NA
1979	11	26.605	NA	1.387	0.154	NA
1979	12	26.339	NA	1.853	-0.352	NA
1980	1	26.857	NA	1.947	0.032	0
1980	2	26.803	NA	1.52	0.787	14.3108443708609
1980	3	26.675	NA	0.982	1.383	37.0702012383901
1980	4	27.216	NA	1.932	1.822	51.35352
1980	5	27.444	NA	-0.952	3.298	195.200316455696
1980	6	27.211	NA	-4.04	1.402	257.598000000001
1980	7	26.639	NA	-4.232	0.582	160.340518638574
1980	8	26.183	NA	-4.765	1.538	174.042076069731
1980	9	26.186	NA	-3.395	0.117	332.866584766585
1980	10	26.313	NA	0.362	-0.385	145.967260940033
1980	11	26.275	NA	2.092	-1.059	17.8802643171806
1980	12	26.138	NA	2.105	-0.425	0.000248756218905473
1981	1	26.11	NA	1.51	-0.077	0
1981	2	26.347	NA	1.305	0.506	25.5620068610635
1981	3	26.99	NA	0.329	1.707	28.611919504644
1981	4	27.094	NA	1.594	2.193	91.0026186579378
1981	5	27.495	NA	-0.016	3.693	148.095510835914
1981	6	26.939	NA	-3.334	1.856	163.413654946852
1981	7	26.418	NA	-3.611	1.559	227.824425059477
1981	8	26.189	NA	-4.737	0.326	197.465265082267
1981	9	26.231	NA	-2.096	1.497	132.370819672131
1981	10	26.276	NA	0.394	-0.808	87.5735923869945
1981	11	26.156	NA	2.166	-1.43	49.5953608247423
1981	12	25.994	NA	2.17	-0.932	0.0831535269709544
1982	1	26.332	NA	0.984	0.76	0.0370656370656371
1982	2	26.458	NA	0.435	0.507	13.7247448979592
1982	3	26.674	NA	1.682	2.015	43.6504538577912
1982	4	26.979	NA	2.227	2.52	83.6031274433151
1982	5	27.055	NA	-1.581	2.655	120.809682299546
1982	6	26.854	NA	-4.429	2.223	145.424237685692
1982	7	26.183	NA	-4.899	1.595	142.91278366112
1982	8	25.936	NA	-5.087	0.762	214.555597579425
1982	9	25.73	NA	-2.352	0.656	394.899687255669
1982	10	25.907	NA	-1.757	0.259	108.336081694402
1982	11	26.49	NA	-0.336	0.109	38.6966426858513
1982	12	26.723	NA	4.682	-0.087	1.3357034795764
1983	1	27.063	NA	2.724	1.055	3.80247678018576
1983	2	27.413	NA	2.023	0.5	4.35283018867924
1983	3	27.816	NA	2.275	1.108	4.76818885448916
1983	4	27.888	NA	2.593	1.898	27.94008
1983	5	27.417	NA	0.07	4.522	134.494387351779
1983	6	27.185	NA	-4.068	2.401	225.8904
1983	7	26.689	NA	-5.088	1.705	154.096439628483
1983	8	26.54	NA	-5.262	1.038	299.556733746131
1983	9	26.331	NA	-4.656	1.772	224.18592
1983	10	26.578	NA	1.822	-0.623	229.300773993808
1983	11	26.373	NA	2.587	-2.221	26.74104
1983	12	26.307	NA	4.594	-0.34	0.585759493670886
1984	1	26.534	NA	2.734	0.72	1.19319213313162
1984	2	26.634	NA	4.285	0.392	16.7351941747573
1984	3	26.684	NA	2.952	0.634	40.2835098335855
1984	4	26.915	NA	3.324	1.969	102.860828772479
1984	5	27.158	NA	0.118	2.571	157.081770045386
1984	6	26.746	NA	-3.723	0.594	154.722126661455
1984	7	26.544	NA	-4.116	1.391	152.949394856279
1984	8	25.914	NA	-4.337	0.715	270.065824782952
1984	9	26.097	NA	-2.669	0.724	214.109929632526
1984	10	26.253	NA	-0.74	-0.25	142.633204633205
1984	11	26.459	NA	2.034	-1.244	26.5897763578275
1984	12	26.391	NA	3.415	-0.666	0.000926640926640927
1985	1	26.647	NA	1.646	0.597	17.4578668683812
1985	2	27.156	NA	3.95	0.046	32.978313253012
1985	3	27.01	NA	-0.026	0.467	21.9882753403933
1985	4	27.283	NA	1.073	1.028	114.7456606724
1985	5	27.311	NA	0.85	2.866	190.691301059002
1985	6	26.864	NA	-2.252	1.075	155.158874120407
1985	7	26.348	NA	-3.825	1.547	170.360968229955
1985	8	26.11	NA	-4.595	0.332	205.669515885023
1985	9	26.089	NA	-2.637	0.405	262.154261141517
1985	10	26.228	NA	0.237	-0.624	143.395915279879
1985	11	26.101	NA	2.511	-1.386	28.0941594317285
1985	12	26.202	NA	2.663	-0.303	0.00927357032457496
1986	1	26.639	NA	3.705	-0.086	0
1986	2	26.594	NA	1.98	0.624	0.591701592623638
1986	3	26.932	NA	2.502	1.24	18.50741301059
1986	4	27.14	NA	0.477	2.264	88.2114933541831
1986	5	27.266	NA	-1.435	3.172	199.463691376702
1986	6	26.998	NA	-3.166	1.605	121.42799061767
1986	7	26.396	NA	-3.062	1.32	167.151059001513
1986	8	26.07	NA	-4.546	0.049	234.12776096823
1986	9	26.008	NA	-3.751	0.42	170.789201877935
1986	10	26.249	NA	0.049	-0.115	146.573373676248
1986	11	26.031	NA	1.126	-0.762	8.52103205629397
1986	12	26.555	NA	1.397	0.063	2.42723146747353
1987	1	26.791	NA	3.067	-0.221	0
1987	2	26.819	NA	-0.138	0.806	10.8450125733445
1987	3	27.465	NA	0.777	1.119	23.4651285930408
1987	4	27.464	NA	3.381	1.983	53.7295543393276
1987	5	27.603	NA	0.705	2.445	101.763540090772
1987	6	27.555	NA	-2.31	2.065	195.153166536357
1987	7	26.892	NA	-3.665	1.044	143.711573373676
1987	8	26.478	NA	-4.881	1.616	182.65915279879
1987	9	26.119	NA	-2.975	1.405	346.490148553558
1987	10	26.522	NA	1.479	0.334	98.2538577912256
1987	11	26.445	NA	3.957	-1.335	60.986082877248
1987	12	26.534	NA	5.59	-0.91	1.40491679273828
1988	1	26.964	NA	0.684	0.26	0.493116490166415
1988	2	27.1	NA	1.258	1.537	21.0575242718447
1988	3	27.603	NA	2.574	1.802	20.2502269288956
1988	4	27.401	NA	-0.279	2.757	89.1961688819391
1988	5	27.576	NA	3.072	3.165	187.480484114978
1988	6	27.179	NA	-4.625	1.409	225.018764659891
1988	7	26.663	NA	-5.626	1.876	144.658547655068
1988	8	26.341	NA	-5.418	1.707	125.206510219531
1988	9	26.269	NA	-3.553	0.748	173.188193901486
1988	10	26.142	NA	0.236	-0.432	179.257942511347
1988	11	26.227	NA	4.354	-2.333	1.03932759968726
1988	12	26.146	NA	0.927	-0.587	0.000226928895612708
1989	1	26.857	NA	2.711	0.233	3.05151285930409
1989	2	26.465	NA	1.347	-0.163	0.983738474434199
1989	3	26.675	NA	0.64	0.613	52.7845688350984
1989	4	26.989	NA	2.6	0.599	48.512744331509
1989	5	27.135	NA	-1.538	1.907	200.095688350984
1989	6	26.546	NA	-6.054	2.047	133.982251759187
1989	7	26.523	NA	-6.144	1.341	191.892889561271
1989	8	26.397	NA	-6.423	0.621	231.564599092285
1989	9	26.245	NA	-4.504	1.185	157.303909304144
1989	10	26.172	NA	-0.762	-1.18	118.716036308623
1989	11	26.411	NA	0.634	-0.158	7.54691164972635
1989	12	26.654	NA	0.324	-0.505	0
1990	1	26.913	NA	3.252	-0.731	9.6161119515885
1990	2	26.962	NA	-0.091	1.297	33.041743503772
1990	3	27.031	NA	2.304	1.706	81.1434190620272
1990	4	27.521	NA	2.322	1.801	49.3104769351056
1990	5	27.478	NA	-2.31	3.308	183.963993948563
1990	6	27.117	NA	-5.102	2.239	174.045269741986
1990	7	26.336	NA	-4.421	1.537	212.854084720121
1990	8	26.477	NA	-5.623	0.923	204.107791225416
1990	9	26.424	NA	-3.594	1.127	251.612275215012
1990	10	26.616	NA	1.594	-0.779	169.284190620273
1990	11	26.345	NA	2.194	-1.856	32.6136825645035
1990	12	26.606	NA	3.675	-0.288	0
1991	1	26.85	NA	3.192	-0.31	0.885022692889561
1991	2	26.811	NA	0.729	1.149	3.48309012875536
1991	3	27.199	NA	0.941	1.463	21.3723903177004
1991	4	27.211	NA	2.832	1.274	31.6172770700637
1991	5	27.405	NA	0.157	2.955	146.447428139183
1991	6	27.198	NA	-0.938	2.895	158.085222830337
1991	7	26.431	NA	-4.854	1.855	137.454462934947
1991	8	25.946	NA	-4.472	0.686	275.220953101362
1991	9	25.884	NA	-3.168	0.324	306.475215011728
1991	10	26.158	NA	1.362	-1.345	131.153101361574
1991	11	25.604	NA	3.598	-0.927	0.000938232994526974
1991	12	26.178	NA	2.747	-0.017	4.25060514372163
1992	1	26.342	NA	0.543	0.063	17.3031013615734
1992	2	26.867	NA	0.758	0.283	13.2924757281553
1992	3	26.949	NA	0.087	-0.051	2.75559757942511
1992	4	27.143	NA	2.546	1.012	21.0168881939015
1992	5	27.327	NA	1.525	2.638	122.298789712557
1992	6	27.283	NA	-4.65	2.78	222.091946833464
1992	7	26.868	NA	-5.177	1.822	187.995612708019
1992	8	26.188	NA	-4.767	1.065	256.418759455371
1992	9	26.179	NA	-4.09	0.53	191.159343236904
1992	10	25.94	NA	-1.123	-0.855	100.007564296521
1992	11	25.288	NA	1.09	-0.951	0.212040656763096
1992	12	25.486	NA	0.418	-0.559	12.7633888048412
1993	1	25.818	NA	0.918	-0.331	1.51838124054463
1993	2	25.729	NA	0.001	0.938	4.74970662196144
1993	3	26.534	NA	1.121	1.162	42.8596066565809
1993	4	26.488	NA	1.717	2.024	92.1785770132917
1993	5	26.873	NA	-1.634	3.385	158.0276096823
1993	6	26.958	NA	-5.681	2.142	177.55027365129
1993	7	26.472	NA	-6.298	1.124	182.367104247105
1993	8	26.184	NA	-5.74	0.95	145.157374517375
1993	9	26.153	NA	-5.233	1.488	216.328381548084
1993	10	26.077	NA	-2.433	-0.062	71.8627080181544
1993	11	26.35	NA	1.16	-0.267	0.685613760750587
1993	12	26.251	NA	3.141	-0.566	5.49706563706564
1994	1	26.332	NA	0.348	-0.143	0.0408472012102874
1994	2	26.686	NA	1.08	1.172	36.3995808885163
1994	3	26.624	NA	0.731	1.104	71.5064296520424
1994	4	26.73	NA	-0.173	2.149	49.0517591868648
1994	5	26.586	NA	-3.045	2.961	202.490468986385
1994	6	26.298	NA	-5.989	2.14	213.945738858484
1994	7	25.356	NA	-6.489	1.004	86.2663388804843
1994	8	24.679	NA	-6.889	0.765	245.282450832073
1994	9	24.618	NA	-4.621	0.065	211.081548084441
1994	10	24.731	NA	-2.686	0.108	63.4268532526476
1994	11	25.913	NA	0.854	-1.096	0.92556684910086
1994	12	25.995	NA	1.643	-0.883	1.91096822995461
1995	1	26.659	NA	2.171	-0.612	1.38086232980333
1995	2	26.833	NA	1.227	0.682	12.4232187761945
1995	3	26.542	NA	0.693	0.848	32.8096066565809
1995	4	26.736	NA	1.779	1.108	54.5458170445661
1995	5	26.95	NA	-1.954	0.848	168.765204236006
1995	6	27.139	NA	-4.317	2.938	149.0570758405
1995	7	26.695	NA	-5.39	1.82	257.619667170953
1995	8	26.328	NA	-6.065	1.138	186.588880484115
1995	9	26.237	NA	-5.104	0.698	229.307896794371
1995	10	26.169	NA	-2.215	-0.916	100.915506807867
1995	11	26.428	NA	2.944	-2.424	16.7927286942924
1995	12	26.075	NA	-0.149	-0.283	0.230105900151286
1996	1	26.19	NA	0.514	0.265	1.87488653555219
1996	2	26.369	NA	0.228	1.476	10.2932038834951
1996	3	26.902	NA	1.306	1.067	31.0454614220878
1996	4	26.929	NA	2.688	2.293	115.768334636435
1996	5	27.126	NA	0.268	2.436	147.619288956127
1996	6	27.03	NA	-4.218	2.49	162.048318999218
1996	7	26.684	NA	-5.043	1.731	115.929803328291
1996	8	26.285	NA	-5.417	1.845	176.78124054463
1996	9	26.269	NA	-2.813	0.794	356.599609069586
1996	10	26.398	NA	-0.694	-0.874	135.935239567234
1996	11	26.066	NA	0.746	-1.496	90.2973621103118
1996	12	26.228	NA	2.227	-1.766	0.0004739336492891
1997	1	26.431	NA	0.747	0.286	0.826970633693972
1997	2	26.538	NA	2.849	0.214	14.0665549036044
1997	3	26.407	NA	-1.841	0.496	46.9656580937973
1997	4	26.848	NA	0.255	1.492	87.37200938233
1997	5	27.211	NA	1.787	1.579	155.017170953102
1997	6	27.196	NA	-5.157	1.548	143.268647380766
1997	7	26.146	NA	-4.964	0.909	232.227912254161
1997	8	25.662	NA	-5.997	0.582	199.364750378215
1997	9	25.588	NA	-5.477	0.698	152.514229867084
1997	10	25.001	NA	-3.625	0.002	98.8524962178518
1997	11	25.378	NA	-3.473	-0.208	3.12619233776388
1997	12	26.027	NA	-1.865	0.018	0.000226928895612708
1998	1	26.778	NA	-2.216	-0.04	0.901815431164902
1998	2	27.337	NA	-0.748	0.584	23.5626990779547
1998	3	27.746	NA	-0.075	1.116	20.717019667171
1998	4	28.18	NA	1.447	2.373	57.4334636434715
1998	5	28.166	NA	2.235	2.427	145.219288956127
1998	6	27.746	NA	-5.295	2.102	146.626817826427
1998	7	27.474	NA	-4.923	1.642	140.495990922844
1998	8	27.074	NA	-5.538	1.784	214.333661119516
1998	9	26.991	NA	-4.543	1.357	194.867625899281
1998	10	26.845	NA	-2.41	-0.19	85.7357791225416
1998	11	26.521	NA	1.39	-1.288	60.4232613908873
1998	12	26.513	NA	1.903	-0.97	1.66452344931921
1999	1	26.384	NA	1.123	-0.176	2.40499243570348
1999	2	26.396	NA	0.264	0.273	2.16085498742666
1999	3	26.668	NA	3.531	-0.127	70.2982602118003
1999	4	26.691	NA	0.623	1.993	159.291321344801
1999	5	26.605	NA	-3.408	2.338	211.840166414524
1999	6	26.634	NA	-4.483	1.932	165.62744331509
1999	7	26.342	NA	-4.928	1.475	180.618381240545
1999	8	26.143	NA	-6.136	0.871	111.524432677761
1999	9	26.176	NA	-4.576	1.381	227.134949179046
1999	10	26.144	NA	0.017	-1.117	126.152723146748
1999	11	26.063	NA	3.125	-1.496	40.6449569976544
1999	12	26.321	NA	3.127	-1.041	0.317473524962178
2000	1	26.768	NA	1.919	-0.353	5.71738794435858
2000	2	26.885	NA	4.768	0.847	33.7349514563107
2000	3	26.681	NA	2.716	1.312	12.3063540090772
2000	4	27.201	NA	2.641	2.715	159.628381548085
2000	5	27.408	NA	-3.41	2.509	251.139031770046
2000	6	27.528	NA	-4.029	1.741	238.10242376857
2000	7	26.716	NA	-4.777	1.077	207.094856278367
2000	8	26.169	NA	-3.514	0.216	286.732148260212
2000	9	26.366	NA	-4.576	0.87	175.351993745113
2000	10	26.139	NA	-0.752	-1.299	96.9721633888049
2000	11	26.346	NA	2.931	-0.212	1.52086330935252
2000	12	26.515	NA	5.457	-1.079	0.000231839258114374
2001	1	26.935	NA	3.164	-0.145	10.8984871406959
2001	2	26.858	NA	2.497	0.382	4.49522212908634
2001	3	26.974	NA	2.085	1.672	74.0659606656581
2001	4	27.1	NA	0.676	1.919	38.9111024237686
2001	5	27.123	NA	-2.608	2.288	134.193494704993
2001	6	26.945	NA	-2.274	1.078	243.829632525411
2001	7	26.563	NA	-4.029	0.445	160.944099848714
2001	8	26.492	NA	-4.6	-0.255	294.412102874433
2001	9	26.464	NA	-2.843	0.351	255.631196247068
2001	10	26.368	NA	-1.772	-0.403	162.459613899614
2001	11	26.555	NA	2.175	-0.774	38.0046325878594
2001	12	26.31	NA	0.821	-0.544	0.829676400947119
2002	1	27.128	NA	2.08	0.732	1.52577399380805
2002	2	27.06	NA	1.737	0.918	12.1147512864494
2002	3	27.501	NA	2.323	1.794	29.6637770897833
2002	4	27.595	NA	2.499	3.115	76.21008
2002	5	27.655	NA	2.524	1.981	113.4076625387
2002	6	27.12	NA	-2.497	2.374	170.32824
2002	7	26.87	NA	-3.592	0.783	179.683513931889
2002	8	26.259	NA	-5.165	0.893	296.535139318886
2002	9	26.019	NA	-5.296	0.099	365.80464
2002	10	26.07	NA	-2.282	-0.493	75.2978190630048
2002	11	26.1	NA	0.957	-2.051	20.6244983277592
2002	12	26.843	NA	3.355	-0.422	17.0658319870759
2003	1	26.854	NA	2.273	-0.309	0.192724458204334
2003	2	27.066	NA	0.059	0.933	24.8127416520211
2003	3	26.941	NA	1.95	1.611	59.0482198142415
2003	4	27.433	NA	3.813	2.363	63.50544
2003	5	27.338	NA	-0.28	2.376	146.72786377709
2003	6	27.046	NA	-4.839	2.411	154.384124386252
2003	7	26.388	NA	-6.142	1.153	136.57592879257
2003	8	25.875	NA	-4.083	0.58	218.226547987616
2003	9	26.041	NA	-5.067	1.375	277.5996
2003	10	26.214	NA	1.179	-0.388	54.7376582278481
2003	11	26.135	NA	2.307	-0.683	0.159328968903437
2003	12	26.419	NA	2.697	-1.398	0.000237341772151899
2004	1	26.749	NA	0.102	0.577	16.1118795768918
2004	2	26.996	NA	1.39	0.112	33.3440577249575
2004	3	27.193	NA	2.154	0.863	20.489512195122
2004	4	27.4	NA	2.506	2.637	60.966773418735
2004	5	27.201	NA	2.192	2.573	133.948024786987
2004	6	26.811	NA	-4.682	2.069	223.932605042017
2004	7	26.525	NA	-4.386	1.258	261.343379366369
2004	8	26.239	NA	-5.277	0.762	193.764213787762
2004	9	26.261	NA	-4.585	0.272	148.734836065574
2004	10	26.266	NA	-2.01	-0.747	6.95195121951219
2004	11	26.313	NA	1.98	-1.032	5.09546218487395
2004	12	26.499	NA	0.952	-0.156	1.6163469557965
2005	1	26.902	NA	3.184	0.337	0.0577981651376147
2005	2	27.397	NA	-0.332	0.363	1.73198594024605
2005	3	27.706	NA	-0.674	1.931	23.7320681642138
2005	4	27.496	NA	2.636	2.121	71.9065652522017
2005	5	27.487	NA	1.332	2.614	145.503018575852
2005	6	27.33	NA	-4.031	1.553	136.579918032787
2005	7	26.727	NA	-5.001	1.652	183.692182662539
2005	8	26.445	NA	-5.697	0.906	186.589107413011
2005	9	26.635	NA	-3.938	0.432	246.84384
2005	10	26.72	NA	0.086	-0.919	67.6802380952382
2005	11	26.476	NA	0.788	-1.509	66.3622641509434
2005	12	26.646	NA	2.844	-1.503	2.1420604182804
2006	1	26.383	NA	1.941	-0.395	0
2006	2	26.604	NA	-0.366	0.641	7.76253298153034
2006	3	26.984	NA	-0.195	1.004	50.8344995931652
2006	4	26.795	NA	1.226	2.603	95.4159967186219
2006	5	27.141	NA	-3.156	2.92	134.306904761905
2006	6	27.049	NA	-5.714	1.82	106.839151321057
2006	7	26.662	NA	-5.354	1.413	198.526103795507
2006	8	26.115	NA	-5.663	0.996	247.820476190476
2006	9	25.165	NA	-4.526	0.547	203.025430680886
2006	10	25.364	NA	-3.422	-0.551	200.078763222132
2006	11	25.946	NA	-2.102	-0.699	13.4756896551724
2006	12	26.509	NA	0.741	-0.566	0.208173477898249
2007	1	26.84	NA	1.339	-0.172	2.24377542717657
2007	2	27.281	NA	-1.281	1.238	12.5375112714157
2007	3	27.127	NA	1.568	1.077	33.5453213995118
2007	4	27.232	NA	2.857	2.274	66.9804643714972
2007	5	27.363	NA	-3.296	2.184	242.057214345288
2007	6	27.101	NA	-5.448	1.854	111.42781512605
2007	7	26.769	NA	-4.513	1.642	125.64670558799
2007	8	26.426	NA	-5.756	0.876	269.919432860718
2007	9	25.757	NA	-5.136	0.361	253.579915966387
2007	10	25.799	NA	0.122	-0.897	207.920547945206
2007	11	26.247	NA	2.663	-1.782	7.82362831858407
2007	12	26.873	NA	4.252	-1.395	0.0105540897097625
2008	1	26.845	NA	0.73	-1.111	NA
2008	2	26.926	NA	3.348	0.18	NA
2008	3	26.905	NA	3.554	0.808	NA
2008	4	26.953	NA	-0.096	2.146	NA
2008	5	26.55	NA	-3.644	2.071	NA
2008	6	26.517	NA	-5.488	1.214	NA
2008	7	25.989	NA	-4.706	1.382	NA
2008	8	26.079	NA	-3.995	0.998	NA
2008	9	26.239	NA	-1.485	0.203	NA
2008	10	26.423	NA	2.799	-0.812	NA
2008	11	26.762	NA	3.709	-0.947	NA
2008	12	26.244	NA	2.699	0.028	NA
2009	1	26.501	NA	1.761	0.102	NA
2009	2	26.677	NA	1.215	-0.046	NA
2009	3	26.934	NA	0.977	0.177	NA
2009	4	27.442	NA	2.468	0.88	NA
2009	5	27.386	NA	-1.622	2.221	NA
2009	6	27.004	NA	-3.697	1.523	NA
2009	7	26.605	NA	-5.803	1.001	NA
2009	8	26.254	NA	-4.105	0.814	NA
2009	9	26.504	NA	-3.114	0.027	NA
2009	10	26.541	NA	-0.821	-0.941	NA
2009	11	26.562	NA	2.918	-0.929	NA
2009	12	26.725	NA	4.022	-0.542	NA
2010	1	26.969	NA	1.549	-0.565	NA
2010	2	27.564	NA	0.44	0.03	NA
2010	3	27.758	NA	2.199	0.186	NA
2010	4	27.504	NA	0.847	2.613	NA
2010	5	27.888	NA	-2.249	3.238	NA
2010	6	27.264	NA	-4.502	2.217	NA
2010	7	26.926	NA	-4.22	1.544	NA
2010	8	26.982	NA	-4.203	1.194	NA
2010	9	26.82	NA	-3.555	0.324	NA
2010	10	26.73	NA	-0.232	-1.046	NA
2010	11	26.68	NA	2.618	-0.316	NA
2010	12	26.29	NA	4.298	-1.298	NA
2011	1	26.433	NA	2.399	-0.225	NA
2011	2	26.961	NA	1.589	0.466	NA
2011	3	26.9	NA	1.942	1.19	NA
2011	4	27.178	NA	-0.102	2.257	NA
2011	5	27.304	NA	-2.377	2.88	NA
2011	6	27.221	NA	-4.244	1.851	NA
2011	7	26.715	NA	-4.392	1.658	NA
2011	8	26.42	NA	-5.681	1.565	NA
2011	9	25.777	NA	-4.129	0.288	NA
2011	10	26.4	NA	-0.185	-1.002	NA
2011	11	26.351	NA	1.359	-0.816	NA
2011	12	27.083	NA	4.81	-0.483	NA
2012	1	26.672	NA	2.165	0.203	NA
2012	2	26.461	NA	2.601	0.081	NA
2012	3	26.696	NA	3.151	0.25	NA
2012	4	26.871	NA	1.725	2.615	NA
2012	5	27.297	NA	-1.753	2.182	NA
2012	6	26.923	NA	-3.414	2.224	NA
2012	7	26.566	NA	-3.131	1.406	NA
2012	8	26.142	NA	-3.815	0.994	NA
2012	9	25.805	NA	-1.687	0.521	NA
2012	10	26.248	NA	0.792	-0.193	NA
2012	11	26.455	NA	4.233	-0.842	NA
2012	12	26.806	NA	4.602	-0.378	NA
2013	1	26.935	NA	1.636	-0.065	NA
2013	2	27.087	NA	1.861	-0.075	NA
2013	3	27.136	NA	2.119	1.037	NA
2013	4	27.405	NA	3.967	2.751	NA
2013	5	27.286	NA	1.219	3.193	NA
2013	6	27.261	NA	-2.475	1.324	NA
2013	7	26.68	NA	-3.895	0.341	NA
2013	8	26.824	NA	-3.999	0.492	NA
2013	9	26.49	NA	-2.601	0.539	NA
2013	10	26.474	NA	-1.278	0.709	NA
2013	11	26.675	NA	0.522	-0.942	NA
2013	12	26.843	NA	4.625	-0.097	NA
2014	1	26.595	NA	1.725	0.201	NA
2014	2	27.119	NA	-0.041	1.007	NA
2014	3	27.508	NA	0.231	1.262	NA
2014	4	27.794	NA	3.398	1.721	NA
2014	5	27.741	NA	-0.015	3.134	NA
2014	6	27.69	NA	-2.728	2.138	NA
2014	7	NA	NA	NA	NA	NA
2014	8	NA	NA	NA	NA	NA
2014	9	NA	NA	NA	NA	NA
2014	10	NA	NA	NA	NA	NA
2014	11	NA	NA	NA	NA	NA
2014	12	NA	NA	NA	NA	NA
