1948	1	20.34	1011.594	-4.519	-5.583	0
1948	2	21.952	1013.401	-7.113	-1.599	0
1948	3	22.388	1012.89	-5.639	-2.312	0
1948	4	24.371	1012.042	-2.955	0.795	0
1948	5	25.643	1011.561	-2.621	2.44	0
1948	6	26.916	1011.356	-1.931	5.076	0
1948	7	26.96	1011.175	-1.249	4.378	0
1948	8	26.953	1009.016	2.228	2.812	0
1948	9	26.365	1009.782	-0.182	2.939	0
1948	10	25.002	1009.123	2.733	-3.122	0
1948	11	23.53	1009.474	0.788	-5.404	0
1948	12	22.922	1012.205	-3.929	-2.488	0
1949	1	21.046	1013.047	-5.655	-5.485	0
1949	2	21.981	1012.802	-7.521	-2.382	0
1949	3	22.724	1012.576	-7.377	-1.172	0
1949	4	24.461	1013.231	-5.851	-0.351	0
1949	5	26.167	1012.706	-6.538	2.481	0
1949	6	27.198	1012.227	-3.436	5.334	0
1949	7	27.341	1011.219	-1.469	2.794	0
1949	8	27.319	1011.111	-1.053	2.45	0
1949	9	26.769	1010.49	0.294	0.04	0
1949	10	25.752	1011.187	-1.853	-0.361	0
1949	11	24.244	1010.428	-3.356	-4.989	0
1949	12	23.417	1011.274	-7.767	-2.775	0
1950	1	22.322	1012.041	-7.41	-2.943	0
1950	2	22.001	1012	-6.811	-3.162	0
1950	3	23.307	1012.429	-7.086	-1.877	0
1950	4	24.817	1011.114	-6.362	0.154	0
1950	5	26.299	1010.737	-3.953	1.58	0
1950	6	26.999	1011.357	-3.189	3.909	0
1950	7	27.109	1010.286	1.207	3.357	0
1950	8	27.268	1010.325	0.584	2.205	0
1950	9	26.771	1010.5	0.67	-0.25	0
1950	10	25.689	1010.633	-1.207	-1.637	0
1950	11	24.178	1009.453	-4.329	-3.165	0
1950	12	21.848	1009.641	-5.474	-6.107	0
1951	1	22.001	1012.568	-6.613	-3.866	0
1951	2	21.959	1010.831	-4.939	-3.317	0
1951	3	22.824	1011.767	-5.417	-2.739	0
1951	4	25.038	1012.833	-4.971	0.256	0
1951	5	26.057	1012.608	-3.076	1.728	0
1951	6	27.004	1011.734	-1.978	3.63	0
1951	7	27.347	1011.477	-2.168	1.847	0
1951	8	27.215	1010.301	2.037	2.258	0
1951	9	27.065	1010.637	-0.54	1.117	0
1951	10	26.285	1010.248	0.817	-1.167	0
1951	11	24.777	1011.134	-4.566	-4.17	0
1951	12	23.233	1012.045	-4.906	-4.864	0
1952	1	22.259	1013.467	-7.59	-3.562	0
1952	2	22.699	1012.842	-7.761	-3.055	0
1952	3	23.818	1012.582	-6.833	-1.52	0
1952	4	25.17	1013.17	-5.538	0.258	0
1952	5	27.061	1011.655	-3.712	1.92	0
1952	6	27.833	1011.805	-2.743	4.23	0
1952	7	27.86	1011.119	-0.215	4.015	0
1952	8	27.314	1010.444	1.123	1.634	0
1952	9	27.058	1010.198	0.58	0.541	0
1952	10	26.23	1009.456	0.47	-3.639	0
1952	11	25.179	1010.147	-2.327	-2.791	0
1952	12	23.085	1011.712	-4.256	-5.11	0
1953	1	21.565	1012.588	-6.136	-5.139	0
1953	2	22.25	1014.181	-7.12	-4.004	0
1953	3	23.568	1012.573	-6.483	-1.925	0
1953	4	24.408	1011.829	-4.22	-1.7	0
1953	5	26.314	1012.217	-2.798	1.749	0
1953	6	27.569	1011.803	-3.038	3.638	0
1953	7	27.652	1010.879	-0.591	2.513	0
1953	8	27.409	1008.668	3.242	2.008	0
1953	9	27.018	1010.824	0.263	0.803	0
1953	10	26.295	1010.012	-1.082	-1.675	0
1953	11	25.279	1010.818	-2.881	-2.703	0
1953	12	23.373	1010.273	-4.077	-5.288	0
1954	1	22.857	1011.266	-6.753	-2.637	0
1954	2	21.965	1012.27	-5.275	-3.394	0
1954	3	22.698	1012.079	-5.613	-3.468	0
1954	4	25.344	1011.609	-5.537	0.69	0
1954	5	26.878	1011.18	-5.092	1.781	0
1954	6	27.733	1011.014	-3.054	3.865	0
1954	7	27.714	1009.958	-1.644	2.718	0
1954	8	27.435	1009.219	0.928	2.296	0
1954	9	26.696	1009.021	1.758	0.217	0
1954	10	25.445	1010.211	-1.002	-1.941	0
1954	11	24.202	1010.496	-1.628	-3.489	0
1954	12	21.925	1010.523	-6.472	-6.139	0
1955	1	20.529	1013.946	-7.191	-5.627	0
1955	2	21.667	1010.915	-6.796	-3.009	0
1955	3	23.051	1011.606	-5.504	-1.982	0
1955	4	24.282	1011.741	-5.236	-1.242	0
1955	5	26.081	1011.581	-4.902	2.71	0
1955	6	26.83	1011.676	-4.317	3.488	0
1955	7	27.089	1010.83	-1.138	3.192	0
1955	8	27.185	1010.553	-1.443	2.805	0
1955	9	26.993	1009.787	-0.311	-0.371	0
1955	10	25.269	1010.307	-0.908	-2.931	0
1955	11	23.765	1009.703	-4.051	-4.192	0
1955	12	21.787	1009.86	-3.202	-5.739	0
1956	1	20.91	1010.763	-6.834	-3.956	0
1956	2	21.354	1011.161	-5.872	-3.581	0
1956	3	22.645	1012.381	-6.59	-1.626	0
1956	4	24.642	1011.664	-5.646	0.61	0
1956	5	26.209	1011.727	-4.865	1.924	0
1956	6	27.042	1011.192	-3.583	2.764	0
1956	7	27.401	1010.283	-0.128	2.081	0
1956	8	27.089	1010.157	-1.097	3.067	0
1956	9	26.213	1010.241	-0.368	3.231	0
1956	10	25.302	1010.392	-1.748	-2.645	0
1956	11	23.719	1010.262	-2.901	-4.871	0
1956	12	22.323	1011.618	-7.248	-4.698	0
1957	1	21.622	1011.865	-6.37	-4.397	0
1957	2	20.876	1012.003	-6.521	-3.107	0
1957	3	22.199	1012.826	-6.496	-1.641	0
1957	4	23.988	1012.518	-5.865	-0.066	0
1957	5	25.854	1011.17	-3.628	1.924	0
1957	6	26.732	1011.772	-2.811	4.615	0
1957	7	26.967	1010.838	-2.648	2.776	0
1957	8	26.849	1008.877	1.624	1.502	0
1957	9	26.26	1010.459	0.316	1.849	0
1957	10	24.896	1009.64	0.016	-3.371	0
1957	11	23.858	1010.702	-1.545	-3.659	0
1957	12	22.791	1012.583	-6.695	-3.093	0
1958	1	21.504	1014.583	-6.505	-4.139	0
1958	2	21.654	1013.085	-5.591	-2.346	0
1958	3	22.536	1013.746	-6.84	-1.016	0
1958	4	24.541	1013.141	-6.688	0.277	0
1958	5	26.06	1011.858	-4.597	2.016	0
1958	6	26.628	1011.116	-2.309	2.762	0
1958	7	27.047	1010.318	0.326	2.345	0
1958	8	27.067	1010.179	-1.149	0.951	0
1958	9	26.672	1009.801	0.726	0.496	0
1958	10	25.739	1009.101	-1.19	-2.216	0
1958	11	23.625	1010.339	-2.797	-6.132	0
1958	12	22.512	1010.857	-3.916	-4.557	0
1959	1	20.621	1013.122	-6.989	-4.868	0
1959	2	22.562	1014.391	-6.891	-0.528	0
1959	3	22.563	1013.016	-6.696	-2.439	0
1959	4	24.183	1012.078	-5.107	-0.12	0
1959	5	26.054	1011.62	-5.064	1.447	0
1959	6	27.476	1011.51	-2.781	3.816	0
1959	7	27.497	1010.343	-0.562	2.641	0
1959	8	27.348	1008.887	1.962	3.055	0
1959	9	26.87	1008.153	2.38	-0.217	0
1959	10	25.625	1010.622	-0.784	-1.099	0
1959	11	24.443	1009.367	-2.054	-4.064	0
1959	12	23.174	1010.574	-4.917	-4.539	0
1960	1	21.93	1012.383	-6.498	-4.008	0
1960	2	21.77	1012.585	-6.115	-4.152	0
1960	3	23.68	1011.737	-5.485	-0.222	0
1960	4	24.588	1011.564	-5.558	-0.101	0
1960	5	26.155	1010.692	-3.377	1.08	0
1960	6	26.793	1011.296	-2.27	3.184	0
1960	7	27.466	1010.413	-1.098	2.906	0
1960	8	27.289	1009.287	2.08	3.769	0
1960	9	26.606	1009.551	-0.018	1.338	0
1960	10	25.555	1008.962	1.649	-4.176	0
1960	11	24.436	1010.276	-3.329	-3.206	0
1960	12	22.064	1010.654	-2.588	-6.423	0
1961	1	20.386	1010.746	-5.111	-6.368	0
1961	2	21.203	1011.199	-6.74	-3.258	0
1961	3	22.638	1012.08	-4.296	-1.832	0
1961	4	24.179	1011.208	-5.569	-0.53	0
1961	5	26.082	1011.18	-3.506	2.494	0
1961	6	27.164	1009.716	0.222	2.211	0
1961	7	26.833	1009.5	1.271	3.844	0
1961	8	26.771	1008.74	2.539	2.726	0
1961	9	26.302	1007.745	3.746	-0.518	0
1961	10	25.019	1006.765	2.766	-3.855	0
1961	11	23.89	1010.745	-4.078	-2.917	0
1961	12	22.365	1010.708	-5.71	-4.142	0
1962	1	19.762	1010.567	-6.27	-6.134	0
1962	2	20.326	1012.566	-6.968	-3.708	0
1962	3	22.009	1012.417	-6.356	-1.788	0
1962	4	23.105	1009.865	-2.664	-1.529	0
1962	5	25.695	1011.292	-4.412	3.096	0
1962	6	26.555	1010.624	-1.452	3.807	0
1962	7	26.906	1008.626	1.046	4.117	0
1962	8	26.481	1010.031	1.066	3.119	0
1962	9	26.195	1008.998	0.705	0.608	0
1962	10	25.04	1008.463	0.812	-3.114	0
1962	11	23.758	1009.517	-2.362	-4.268	0
1962	12	21.678	1009.989	-4.347	-4.407	0
1963	1	18.484	1010.11	-5.454	-6.75	0
1963	2	19.061	1012.499	-5.608	-5.177	0
1963	3	20.785	1011.19	-5.339	-2.144	0
1963	4	23.077	1010.126	-3.03	-1.9	0
1963	5	25.592	1009.964	-2.528	1.506	0
1963	6	26.418	1009.991	1.021	3.594	0
1963	7	26.487	1009.204	2.23	1.763	0
1963	8	26.752	1008.6	2.265	1.698	0
1963	9	26.682	1009.143	2.307	1.759	0
1963	10	24.588	1007.301	3.98	-5.341	0
1963	11	23.942	1011.361	-3.829	-2.563	0
1963	12	22.489	1011.041	-3.245	-3.454	0
1964	1	22.292	1012.622	-6.477	-2.793	0
1964	2	21.42	1012.815	-7.596	-4.4	0
1964	3	22.315	1012.347	-5.956	-1.948	0
1964	4	24.861	1011.112	-4.838	0.089	0
1964	5	26.129	1009.265	-1.535	0.69	0
1964	6	26.898	1010.256	-1.935	3.533	0
1964	7	27.31	1009.634	-0.749	2.386	0
1964	8	27.222	1008.746	1.542	2.254	0
1964	9	27.048	1009.181	-0.49	0.901	0
1964	10	26.14	1009.478	-0.936	-1.799	0
1964	11	23.977	1009.065	-2.88	-3.946	0
1964	12	22.316	1010.533	-3.947	-4.926	0
1965	1	21.042	1010.804	-4.366	-5.77	0
1965	2	21.744	1011.029	-6.943	-3.049	0
1965	3	22.002	1011.838	-5.599	-2.65	0
1965	4	24.238	1012.095	-4.919	0.277	0
1965	5	26.024	1011.586	-4.204	2.459	0
1965	6	26.976	1012.112	-1.917	4.876	0
1965	7	27.26	1009.544	1.455	2.036	0
1965	8	27.296	1009.943	0.246	1.935	0
1965	9	26.53	1008.79	3.064	-1.795	0
1965	10	25.192	1009.257	-0.115	-3.242	0
1965	11	25.044	1012.52	-4.639	-2.172	0
1965	12	23.118	1011.944	-6.896	-3.934	0
1966	1	22.339	1014.457	-7.54	-1.913	0
1966	2	22.629	1013.149	-6.686	-1.295	0
1966	3	23.871	1012.377	-5.458	0.386	0
1966	4	25.317	1011.983	-5.411	1.519	0
1966	5	26.149	1011.853	-3.2	2.657	0
1966	6	27.301	1011.937	-1.771	3.109	0
1966	7	27.812	1009.759	-0.889	2.796	0
1966	8	28.063	1009.131	1.579	1.799	0
1966	9	26.878	1008.69	3.013	0.061	0
1966	10	25.867	1009.405	-0.41	-3.768	0
1966	11	25.201	1010.504	-3.643	-2.38	0
1966	12	23.568	1010.867	-5.41	-3.28	0
1967	1	21.064	1011.156	-6.541	-6.175	0
1967	2	21.084	1012.074	-6.399	-4.926	0
1967	3	22.393	1010.975	-5.094	-2.258	0
1967	4	24.852	1012.159	-4.197	0.094	0
1967	5	26.978	1010.218	-2.025	1.483	0
1967	6	27.588	1009.742	-0.281	3.988	0
1967	7	28.024	1007.739	3.507	1.174	0
1967	8	27.802	1008.531	3.22	1.466	0
1967	9	26.999	1007.158	4.877	-2.738	0
1967	10	25.784	1009.52	1.13	-2.871	0
1967	11	24.786	1010.462	-3.364	-3.485	0
1967	12	21.366	1011.822	-4.478	-6.439	0
1968	1	21.012	1010.872	-5.823	-4.451	0
1968	2	20.114	1012.553	-5.847	-4.517	0
1968	3	22.406	1012.438	-5.715	-1.431	0
1968	4	23.762	1011.103	-4.09	-1.567	0
1968	5	26.272	1010.663	-2.927	1.699	0
1968	6	27.444	1011.175	-1.857	2.326	0
1968	7	28.059	1009.317	1.085	3.263	0
1968	8	27.63	1009.101	2.442	2.846	0
1968	9	26.928	1008.159	3.321	-0.931	0
1968	10	25.425	1009.406	0.755	-5.575	0
1968	11	23.734	1009.84	-0.117	-5.968	0
1968	12	22.945	1011.042	-5.796	-3.136	0
1969	1	22.532	1012.188	-6.816	-1.452	0
1969	2	21.974	1012.396	-5.583	-2.337	0
1969	3	22.973	1013.203	-5.917	-0.905	0
1969	4	24.594	1012.722	-4.833	-0.449	0
1969	5	26.94	1011.659	-4.032	2.812	0
1969	6	27.399	1011.577	-2.375	3.834	0
1969	7	28	1010.201	0.775	2.643	0
1969	8	27.569	1010.742	-0.283	2.274	0
1969	9	27.59	1008.591	2.795	1.026	0
1969	10	25.881	1009.469	0.33	-2.746	0
1969	11	24.145	1010.512	-1.1	-6.535	0
1969	12	22.377	1011.114	-3.777	-6.2	0
1970	1	21.292	1012.386	-5.123	-4.112	0
1970	2	21.701	1012.532	-5.106	-3.487	0
1970	3	22.937	1012.2	-6.287	-1.601	0
1970	4	24.226	1012.718	-5.627	-0.804	0
1970	5	26.624	1011.174	-4.574	2.126	0
1970	6	27.568	1011.253	-2.853	2.637	0
1970	7	27.802	1010.067	0.257	3.253	0
1970	8	27.432	1009.323	1.671	1.188	0
1970	9	27.174	1009.509	-0.65	1.991	0
1970	10	26.478	1009.437	-2.075	-1.554	0
1970	11	24.742	1010.509	-4.248	-3.886	0
1970	12	23.454	1010.498	-6.365	-3.296	0
1971	1	20.191	1009.417	-4.432	-6.086	0
1971	2	20.975	1010.704	-6.061	-4.425	0
1971	3	21.656	1010.099	-3.491	-5.235	0
1971	4	23.828	1008.871	-1.456	-2.879	0
1971	5	25.586	1010.103	-1.753	-0.065	0
1971	6	27.241	1011.095	-2.081	3.382	0
1971	7	27.35	1009.439	0.805	1.5	0
1971	8	27.093	1009.874	-0.305	0.948	0
1971	9	27.003	1009.073	0.411	1.491	0
1971	10	25.821	1010.909	-2.661	-1.302	0
1971	11	24.162	1010.365	-2.473	-5.06	0
1971	12	22.805	1011.177	-6.797	-4.524	0
1972	1	21.729	1010.825	-4.739	-4.823	0
1972	2	21.799	1010.691	-5.513	-3.131	0
1972	3	21.428	1011.689	-5.174	-3.369	0
1972	4	23.707	1012.078	-4.718	-0.658	0
1972	5	25.988	1010.461	-2.04	1.758	0
1972	6	27.175	1009.777	-0.695	3.103	0
1972	7	27.396	1007.323	4.49	2.72	0
1972	8	26.95	1009.976	1.504	3.041	0
1972	9	26.682	1008.576	2.228	-1.81	0
1972	10	25.928	1008.886	0.374	-3.815	0
1972	11	24.788	1012.025	-5.399	-2.925	0
1972	12	23.112	1012.925	-5.55	-3	0
1973	1	22.134	1013.149	-5.676	-2.731	0
1973	2	22.957	1014.514	-6.922	-0.822	0
1973	3	23.203	1013.162	-6.909	-1.774	0
1973	4	25.484	1012.88	-6.888	1.88	0
1973	5	26.853	1011.806	-4.75	2.061	0
1973	6	27.764	1011.191	-3.465	4.46	0
1973	7	27.909	1010.54	-1.676	3.61	0
1973	8	27.595	1010.501	-1.142	2.198	0
1973	9	27.374	1011.823	-2.871	1.086	0
1973	10	26.393	1009.973	-2.253	-2.4	0
1973	11	24.434	1010.413	-5.048	-4.683	0
1973	12	21.825	1010.672	-4.967	-6.743	0
1974	1	21.057	1009.531	-4.523	-5.165	0
1974	2	21.199	1010.776	-6.486	-4.509	0
1974	3	22.208	1010.703	-4.997	-2.866	0
1974	4	24.502	1010.222	-3.843	-0.193	0
1974	5	26.215	1010.147	-2.617	0.868	0
1974	6	27.217	1009.531	-0.247	2.775	0
1974	7	27.673	1009.617	0.691	2.053	0
1974	8	27.688	1007.332	2.844	2.275	0
1974	9	27.097	1009.412	-0.416	1.004	0
1974	10	26.692	1009.599	-0.536	0.285	0
1974	11	24.917	1009.292	-1.962	-3.911	0
1974	12	23.645	1011.385	-6.224	-3.656	0
1975	1	21.662	1012.075	-6.336	-4.662	0
1975	2	21.772	1012.358	-6.07	-2.935	0
1975	3	22.786	1011.978	-5.682	-1.399	0
1975	4	24.708	1011.945	-6.837	0.812	0
1975	5	26.518	1011.16	-4.092	1.794	0
1975	6	27.53	1011.615	-3.607	4.638	0
1975	7	27.667	1010.222	-0.565	2.392	0
1975	8	27.299	1010.24	-0.027	4.036	0
1975	9	27.233	1010.168	-1.609	0.677	0
1975	10	26.707	1010.244	-1.772	-0.185	0
1975	11	24.182	1008.239	-1.304	-5.631	0
1975	12	21.989	1010.838	-5.857	-5.627	0
1976	1	20.692	1010.749	-5.759	-5.964	0
1976	2	21.718	1011.072	-5.174	-2.335	0
1976	3	22.605	1011.042	-5.898	-2.614	0
1976	4	24.363	1011.143	-3.384	-1.361	0
1976	5	26.087	1009.688	-0.317	2.789	0
1976	6	26.98	1010.658	-1.245	3.367	0
1976	7	27.11	1009.575	2.168	1.197	0
1976	8	27.215	1010.033	1.1	1.13	0
1976	9	26.815	1007.581	4.15	-0.974	0
1976	10	26.179	1011.243	-3.68	-1.529	0
1976	11	23.965	1010.559	-3.107	-5.699	0
1976	12	22.767	1010.961	-4.884	-5.193	0
1977	1	21.893	1011.593	-6.01	-3.537	0
1977	2	20.755	1012.662	-6.902	-5.38	0
1977	3	22.668	1013.314	-6.506	-2.648	0
1977	4	24.891	1012.222	-5.756	-0.086	0
1977	5	26.788	1011.376	-3.191	1.179	0
1977	6	28.106	1011.018	-2.562	4.089	0
1977	7	28.125	1009.37	0.245	2.924	0
1977	8	28.043	1008.977	2.335	2.056	0
1977	9	27.33	1009.02	2.394	0.774	0
1977	10	26.116	1008.5	1.145	-4.742	0
1977	11	24.297	1010.746	-1.914	-5.166	0
1977	12	23.015	1012.302	-5.027	-4.238	0
1978	1	21.441	1012.86	-6.193	-4.26	0
1978	2	21.04	1013.966	-6.193	-3.774	0
1978	3	23.015	1013.159	-6.547	-0.495	0
1978	4	24.787	1012.407	-5.178	0.551	0
1978	5	26.492	1010.586	-4.214	1.504	0
1978	6	27.607	1010.806	-1.684	2.775	0
1978	7	28.126	1008.262	1.572	0.524	0
1978	8	27.675	1009.642	0.727	4.219	0
1978	9	27.239	1009.37	0.175	1.003	0
1978	10	26.263	1008.843	0.23	-2.902	0
1978	11	24.178	1008.862	-0.643	-6.045	0
1978	12	22.75	1012.304	-6.573	-4.814	0
1979	1	21.833	1012.315	-5.343	-3.535	0
1979	2	22.286	1012.274	-5.348	-2.22	0
1979	3	23.129	1012.475	-5.193	-0.943	0
1979	4	24.975	1012.535	-5.535	-0.024	0
1979	5	26.236	1011.691	-3.486	1.411	0
1979	6	27.465	1011.597	-2.977	2.559	0
1979	7	28.064	1011.338	0.82	3.308	0
1979	8	27.476	1009.43	2.378	2.92	0
1979	9	27.329	1009.616	0.326	-1.238	0
1979	10	25.489	1009.147	1.99	-5.167	0
1979	11	24.275	1010.256	-3.587	-5.339	0
1979	12	22.501	1011.083	-3.847	-5.914	0
1980	1	21.471	1012.206	-6.665	-3.522	0
1980	2	21.424	1013.036	-6.911	-2.843	0
1980	3	23.206	1012.971	-6.205	-1.42	0
1980	4	24.639	1012.117	-5.696	0.063	0
1980	5	26.424	1011.033	-2.34	2.186	0
1980	6	27.877	1011.777	-3.415	2.077	0
1980	7	28.179	1010.479	0.054	3.112	0
1980	8	28.172	1009.82	1.774	1.426	0
1980	9	27.366	1008.004	3.399	-1.847	0
1980	10	26.295	1009.925	-0.715	-2.171	0
1980	11	24.87	1010.607	-3.621	-3.166	0
1980	12	21.954	1010.418	-4.438	-6.413	0
1981	1	20.622	1011.419	-5.517	-6.234	0
1981	2	21.496	1012.371	-6.259	-3.108	0
1981	3	23.264	1013.845	-6.301	-0.584	0
1981	4	25.099	1011.906	-4.992	0.416	0
1981	5	26.444	1011.118	-4.225	1.083	0
1981	6	27.514	1011.182	-1.276	3.654	0
1981	7	27.901	1009.732	-0.725	2.572	0
1981	8	27.979	1007.352	4.29	0.426	0
1981	9	27.363	1009.903	-0.711	-0.329	0
1981	10	26.028	1009.508	-0.795	-3.604	0
1981	11	24.397	1009.979	-3.382	-4.387	0
1981	12	21.915	1010.297	-3.947	-7.36	0
1982	1	20.836	1011.52	-5.048	-6.457	0
1982	2	21.66	1012.24	-6.061	-2.856	0
1982	3	23.452	1011.903	-5.97	-1.162	0
1982	4	23.929	1012.112	-4.956	-0.95	0
1982	5	26.439	1011.686	-3.477	1.59	0
1982	6	27.534	1010.446	0.007	3.053	0
1982	7	27.908	1008.137	3.482	2.53	0
1982	8	27.483	1009.166	3.027	1.762	0
1982	9	27.01	1009.309	3.333	-0.878	0
1982	10	25.777	1009.06	1.785	-4.129	0
1982	11	25.158	1011.997	-4.696	-2.372	0
1982	12	23.144	1013.632	-5.83	-3.708	0
1983	1	22.007	1015.308	-6.844	-3.369	0
1983	2	22.204	1015.858	-6.114	-1.243	0
1983	3	23.179	1015.567	-6.073	0.478	0
1983	4	25.447	1013.845	-6.272	1.963	0
1983	5	26.674	1013.215	-5.422	3.17	0
1983	6	28	1011.984	-3.74	3.833	0
1983	7	28.604	1010.961	-1.421	2.804	0
1983	8	28.227	1010.851	0.75	1.042	0
1983	9	28.151	1010.417	-0.777	0.99	0
1983	10	27.07	1010.21	-1.723	-2.127	0
1983	11	24.318	1010.637	-0.998	-6.628	0
1983	12	21.782	1011.378	-4.669	-6.657	0
1984	1	21.333	1011.592	-5.795	-3.705	0
1984	2	21.167	1010.996	-6.666	-4.095	0
1984	3	22.873	1012.697	-6.495	-1.092	0
1984	4	24.619	1011.607	-5.069	-0.125	0
1984	5	26.378	1010.827	-3.815	1.54	0
1984	6	27.671	1010.615	-1.524	3.536	0
1984	7	28.113	1008.625	-0.259	1.729	0
1984	8	27.774	1009.189	1.895	2.997	0
1984	9	27.444	1009.62	0.18	-0.612	0
1984	10	26.219	1007.779	2.459	-4.246	0
1984	11	25.009	1010.204	-2.769	-3.692	0
1984	12	22.692	1009.367	-5.02	-6.152	0
1985	1	21.446	1010.563	-3.365	-5.922	0
1985	2	22.73	1010.756	-7.347	-1.028	0
1985	3	23.521	1012.023	-6.709	-2.665	0
1985	4	24.45	1009.432	-2.985	-1.911	0
1985	5	26.428	1009.316	-2.92	0.062	0
1985	6	27.313	1009.951	0.547	2.781	0
1985	7	27.62	1009.746	0.592	1.554	0
1985	8	27.618	1008.889	2.923	1.541	0
1985	9	27.223	1010.054	0.158	-0.21	0
1985	10	26.505	1010.825	-1.887	-1.638	0
1985	11	24.68	1010.461	-4.262	-4.43	0
1985	12	22.591	1010.675	-3.467	-6.299	0
1986	1	20.749	1011.085	-7.146	-6.468	0
1986	2	20.644	1011.162	-3.845	-5.443	0
1986	3	22.339	1012.197	-6.588	-1.907	0
1986	4	24.794	1011.541	-5.871	-0.664	0
1986	5	26.582	1009.901	-0.491	0.74	0
1986	6	27.675	1009.725	-0.747	2.147	0
1986	7	27.988	1009.688	1.436	1.126	0
1986	8	27.946	1005.221	5.07	0.354	0
1986	9	27.238	1008.847	2.147	-0.384	0
1986	10	26.094	1011.371	-1.898	-2.551	0
1986	11	25.172	1011.496	-4.386	-2.367	0
1986	12	22.644	1010.459	-2.267	-6.802	0
1987	1	21.444	1013.044	-6.608	-5.297	0
1987	2	21.47	1013.788	-6.099	-3.889	0
1987	3	23.429	1014.417	-6.671	0.43	0
1987	4	25.067	1012.975	-4.842	0.055	0
1987	5	27.097	1012.419	-4.033	1.489	0
1987	6	27.982	1011.303	-0.911	2.488	0
1987	7	28.23	1010.917	0.504	2.816	0
1987	8	28.121	1010.509	0.745	1.079	0
1987	9	27.249	1008.66	3.202	-2.135	0
1987	10	26.866	1010.692	-0.744	-2.329	0
1987	11	25.912	1010.96	-3.284	-3.094	0
1987	12	23.199	1012.311	-5.766	-5.633	0
1988	1	23.387	1012.253	-6.633	-3.064	0
1988	2	22.941	1012.682	-7.12	-2.727	0
1988	3	24.179	1012.244	-6.761	-0.466	0
1988	4	24.776	1012.357	-5.51	-0.957	0
1988	5	27.307	1011.298	-3.764	1.893	0
1988	6	28.246	1011.433	-2.558	3.953	0
1988	7	28.525	1009.96	0.113	1.382	0
1988	8	28.191	1011.355	-2.072	2.454	0
1988	9	28.103	1009.023	-0.421	0.102	0
1988	10	26.531	1009.086	-0.582	-2.588	0
1988	11	23.865	1010.581	-4.207	-6.48	0
1988	12	21.948	1010.84	-4.091	-8.501	0
1989	1	22.289	1010.859	-6.886	-5.4	0
1989	2	21.778	1011.496	-5.364	-4.976	0
1989	3	22.252	1010.885	-4.827	-3.741	0
1989	4	24.932	1009.486	-4.32	-0.4	0
1989	5	26.729	1011.381	-5.084	1.496	0
1989	6	27.782	1011.078	-1.249	1.853	0
1989	7	28.301	1010.008	-0.336	1.885	0
1989	8	27.95	1008.529	1.988	1.714	0
1989	9	27.503	1009.55	0.327	1.902	0
1989	10	26.065	1008.791	0.493	-4.568	0
1989	11	24.188	1009.534	-2.412	-6.087	0
1989	12	22.041	1010.857	-2.997	-6.151	0
1990	1	21.728	1011.43	-6.329	-3.746	0
1990	2	22.585	1014.507	-6.846	-1.729	0
1990	3	22.651	1012.87	-5.463	-2.297	0
1990	4	24.594	1011.596	-4.978	0.031	0
1990	5	26.591	1010.813	-3.655	1.298	0
1990	6	27.817	1010.371	-1.314	3.673	0
1990	7	28.062	1008.482	2.684	1.388	0
1990	8	28.081	1008.357	3.139	2.905	0
1990	9	26.938	1009.725	1.703	-0.204	0
1990	10	25.911	1010.05	-0.82	-3.823	0
1990	11	25.098	1009.314	-1.097	-4.97	0
1990	12	22.796	1011.188	-4.642	-5.776	0
1991	1	21.984	1012.776	-6.729	-3.67	0
1991	2	21.593	1013.388	-6.977	-3.492	0
1991	3	23.735	1012.534	-5.571	-0.978	0
1991	4	24.97	1011.888	-5.374	-0.264	0
1991	5	26.313	1011.27	-3.449	0.255	0
1991	6	28.085	1010.697	-1.351	3.371	0
1991	7	28.3	1010.529	0.483	2.857	0
1991	8	27.915	1006.925	4.488	0	0
1991	9	27.504	1009.179	2.561	0.987	0
1991	10	25.608	1008.848	1.237	-4.274	0
1991	11	23.973	1010.128	-1.168	-6.107	0
1991	12	22.602	1012.387	-5.952	-5.085	0
1992	1	21.441	1013.915	-5.514	-3.666	0
1992	2	21.465	1014.254	-6.421	-2.217	0
1992	3	23.579	1015.428	-7.139	1.263	0
1992	4	24.847	1012.65	-4.766	1.099	0
1992	5	26.177	1011.43	-3.689	1.243	0
1992	6	27.568	1010.877	-2.938	3.673	0
1992	7	27.894	1011.253	-0.59	1.771	0
1992	8	28.115	1008.696	3.325	1.713	0
1992	9	27.268	1007.744	1.975	0.14	0
1992	10	25.813	1008.469	1.659	-5.527	0
1992	11	23.323	1009.58	-0.297	-7.22	0
1992	12	22.631	1013.387	-6.308	-3.793	0
1993	1	21.267	1013.058	-5.384	-4.487	0
1993	2	21.102	1013.547	-5.511	-3.519	0
1993	3	22.446	1012.851	-5.077	-2.036	0
1993	4	24.376	1012.608	-4.999	-0.015	0
1993	5	26.594	1011.874	-4.174	1.52	0
1993	6	28.084	1011.468	-2.552	3.795	0
1993	7	28.484	1010.185	0.201	2.667	0
1993	8	27.947	1009.603	2.797	0.411	0
1993	9	27.274	1010.106	1.368	-0.017	0
1993	10	26.02	1009.924	0.19	-3.793	0
1993	11	25.276	1010.627	-3.33	-3.654	0
1993	12	23.116	1011.102	-5.156	-6.409	0
1994	1	22.157	1011.412	-5.521	-3.843	0
1994	2	22.1	1011.59	-5.633	-2.254	0
1994	3	22.156	1012.817	-5.965	-3.276	0
1994	4	25.251	1011.405	-4.118	0.124	0
1994	5	26.775	1010.876	-1.641	1.218	0
1994	6	28.027	1010.58	-2.181	3.206	0
1994	7	28.152	1008.037	3.492	1.417	0
1994	8	27.598	1008.94	2.896	1.713	0
1994	9	26.866	1007.841	4.353	-3.627	0
1994	10	25.668	1009.342	1.632	-4.099	0
1994	11	24.462	1011.29	-4.23	-4.577	0
1994	12	23.689	1012.294	-5.104	-3.985	0
1995	1	21.704	1013.267	-6.263	-4.402	0
1995	2	21.058	1013.246	-5.755	-3.764	0
1995	3	22.4	1012.959	-6.173	-1.346	0
1995	4	24.818	1012.449	-5.839	0.533	0
1995	5	26.174	1011.567	-3.205	1.141	0
1995	6	27.889	1011.768	-3.541	5.076	0
1995	7	28.352	1010.733	-1.678	3.307	0
1995	8	28.06	1010.365	-0.74	1.652	0
1995	9	27.728	1010.084	0.375	-0.048	0
1995	10	27.015	1009.145	-0.395	-3.389	0
1995	11	24.946	1010.675	-3.882	-4.558	0
1995	12	22.616	1011.819	-5.006	-7.099	0
1996	1	21.978	1011.439	-5.85	-4.392	0
1996	2	21.181	1011.656	-6.04	-5.37	0
1996	3	23.132	1012.23	-6.234	-0.801	0
1996	4	23.633	1011.162	-3.777	-2.402	0
1996	5	25.599	1011.531	-2.087	0.378	0
1996	6	27.906	1011.638	-3.457	2.899	0
1996	7	28.669	1009.248	0.202	2.236	0
1996	8	27.579	1010.033	-0.112	1.599	0
1996	9	27.651	1007.986	1.289	-0.35	0
1996	10	26.639	1010.134	-1.94	-1.72	0
1996	11	25.603	1008.958	-1.758	-4.399	0
1996	12	22.522	1008.16	-3.428	-6.214	0
1997	1	21.497	1011.268	-4.211	-4.395	0
1997	2	21.741	1011.417	-6.409	-3.637	0
1997	3	22.999	1012.461	-4.223	-1.716	0
1997	4	24.729	1011.439	-2.268	-1.068	0
1997	5	26.655	1010.652	-1.924	2.383	0
1997	6	27.218	1010.798	0.646	1.752	0
1997	7	27.851	1009.12	1.554	0.534	0
1997	8	27.844	1007.931	4.688	0.902	0
1997	9	27.155	1009.616	1.985	-1.962	0
1997	10	26.665	1011.831	-0.943	-2.975	0
1997	11	25.254	1012.763	-2.792	-3.193	0
1997	12	23.788	1012.688	-4.787	-4.396	0
1998	1	23.021	1014.667	-6.812	-1.26	0
1998	2	23.32	1015.786	-5.763	-0.257	0
1998	3	24.023	1014.933	-5.779	0.519	0
1998	4	25.674	1014.707	-6.134	2.18	0
1998	5	27.239	1012.969	-5.284	3.045	0
1998	6	28.222	1012.142	-4.329	4.512	0
1998	7	28.779	1010.889	-1.864	3.925	0
1998	8	28.874	1011.004	-1.119	1.769	0
1998	9	28.197	1009.982	0.043	1.17	0
1998	10	27.476	1011.061	-2.649	1.158	0
1998	11	26.427	1010.899	-3.951	-2.003	0
1998	12	24.689	1011.097	-5.306	-4.774	0
1999	1	23.194	1010.793	-6.457	-4.198	0
1999	2	22.146	1011.39	-4.457	-5.907	0
1999	3	24.492	1010.349	-5.006	-0.301	0
1999	4	25.107	1010.979	-3.226	-1.976	0
1999	5	26.242	1011.412	-2.949	1.236	0
1999	6	27.648	1011.649	-2.395	3.866	0
1999	7	28.011	1009.852	0.961	3.171	0
1999	8	27.691	1011.021	-0.163	2.911	0
1999	9	27.596	1010.881	-0.253	1.911	0
1999	10	27.124	1011.009	-3.021	-1.574	0
1999	11	25.383	1009.036	-1.784	-5.277	0
1999	12	23.407	1011.419	-6.298	-5.552	0
2000	1	22.524	1010.834	-6.208	-4.767	0
2000	2	22.103	1011.304	-5.714	-3.119	0
2000	3	23.526	1011.811	-5.193	-1.585	0
2000	4	25.243	1011.398	-4.766	0.233	0
2000	5	26.138	1010.279	-1.052	-0.283	0
2000	6	28.046	1010.958	-2.749	3.528	0
2000	7	27.881	1009.812	0.224	3.643	0
2000	8	27.91	1009.143	1.601	1.578	0
2000	9	27.086	1009.421	0.873	-0.41	0
2000	10	27.203	1009.951	-2.311	-0.388	0
2000	11	26.158	1010.158	-4.949	-2.743	0
2000	12	24.543	1010.477	-5.481	-4.686	0
2001	1	22.939	1011.614	-5.545	-3.921	0
2001	2	23.021	1010.742	-6.762	-3.742	0
2001	3	23.513	1011.828	-5.789	-2.01	0
2001	4	25.31	1011.727	-4.971	-0.498	0
2001	5	27.151	1011.182	-2.627	2.287	0
2001	6	28.29	1009.512	-1.055	2.836	0
2001	7	28.146	1009.094	1.82	1.443	0
2001	8	28.301	1006.611	4.481	-0.392	0
2001	9	27.817	1009.376	1.164	3.052	0
2001	10	26.513	1009.4	-0.599	-3.323	0
2001	11	24.732	1009.843	-1.79	-6.797	0
2001	12	22.991	1011.94	-5.522	-5.33	0
2002	1	21.787	1012.804	-6.204	-4.077	0
2002	2	21.658	1012.709	-4.934	-3.754	0
2002	3	23.345	1012.261	-4.898	-1.872	0
2002	4	25.218	1011.272	-4.587	0.005	0
2002	5	26.777	1010.379	-1.535	0.676	0
2002	6	27.97	1010.674	-1.614	3.11	0
2002	7	27.866	1008.517	4.428	2.13	0
2002	8	27.762	1007.454	3.65	0.522	0
2002	9	27.423	1008.495	3.622	-1.722	0
2002	10	26.775	1008.914	-0.516	-2.013	0
2002	11	24.82	1010.565	-2.976	-5.087	0
2002	12	23.606	1012.093	-5.033	-2.898	0
2003	1	21.222	1012.769	-5.474	-5.349	0
2003	2	21.865	1012.825	-5.738	-2.772	0
2003	3	22.534	1012.743	-5.148	-2.373	0
2003	4	25.016	1011.463	-3.961	-0.421	0
2003	5	26.515	1009.61	-0.644	0.325	0
2003	6	27.325	1011.197	-1.583	3.33	0
2003	7	28.426	1010.309	-0.506	1.457	0
2003	8	28.104	1010.03	1.732	1.548	0
2003	9	27.474	1009.291	2.956	-0.596	0
2003	10	26.013	1008.808	1.47	-5.396	0
2003	11	25.486	1010.028	-1.525	-4.131	0
2003	12	22.371	1011.016	-4.763	-6.656	0
2004	1	21.479	1012.78	-6.424	-3.686	0
2004	2	21.816	1011.766	-4.918	-3.952	0
2004	3	22.87	1011.352	-4.391	-2.788	0
2004	4	24.586	1010.365	-1.957	-1.793	0
2004	5	26.724	1011.52	-4.043	2.099	0
2004	6	27.185	1007.916	3.196	1.035	0
2004	7	27.641	1010.066	-0.43	2.208	0
2004	8	27.836	1006.971	5.796	0.775	0
2004	9	27.011	1010.112	0.411	0.58	0
2004	10	25.427	1008.623	2.339	-5.515	0
2004	11	24.691	1009.578	-2.227	-5.083	0
2004	12	23.244	1010.284	-3.911	-4.694	0
2005	1	21.478	1010.702	-5.286	-4.316	0
2005	2	22.298	1013.69	-5.924	-1.548	0
2005	3	22.124	1013.008	-5.255	-3.553	0
2005	4	24.467	1011.808	-3.565	-0.975	0
2005	5	26.862	1010.79	-2.663	2.368	0
2005	6	27.719	1011.048	-2.318	3.978	0
2005	7	28.124	1009.836	0.84	1.69	0
2005	8	27.816	1009.472	2.134	1.715	0
2005	9	27.393	1009.292	1.896	-1.364	0
2005	10	26.466	1010.742	-0.998	-2.981	0
2005	11	25.349	1010.829	-3.365	-3.237	0
2005	12	22.221	1011.561	-6.316	-5.591	0
2006	1	22.26	1011.58	-7.29	-2.402	0
2006	2	21.949	1012.734	-7.726	-3.383	0
2006	3	22.781	1011.472	-6.069	-1.576	0
2006	4	25.063	1011.6	-5.684	0.817	0
2006	5	26.707	1011.638	-3.854	1.987	0
2006	6	27.962	1011.211	-3.157	3.779	0
2006	7	27.944	1010.458	1.951	2.632	0
2006	8	27.741	1007.899	3.985	0.737	0
2006	9	27.49	1008.941	1.614	0.696	0
2006	10	26.301	1008.92	3.248	-4.985	0
2006	11	25.691	1011.583	-4.487	-1.715	0
2006	12	23.838	1011.901	-5.379	-5.466	0
2007	1	22.494	1013.216	-7.088	-5.133	0
2007	2	22.54	1012.161	-5.581	-2.921	0
2007	3	23.509	1011.761	-5.177	-0.885	0
2007	4	24.595	1011.74	-4.782	-0.666	0
2007	5	26.444	1011.43	-2.453	0.889	0
2007	6	28.108	1009.905	-3.65	2.978	0
2007	7	28.522	1009.559	-0.259	2.477	0
2007	8	28.037	1009.558	1.385	2.672	0
2007	9	27.482	1009.047	1.466	1.56	0
2007	10	26.511	1009.681	-0.383	-2.827	0
2007	11	24.941	1008.881	-0.786	-5.116	0
2007	12	23.688	1010.806	-5.942	-4.842	0
2008	1	22.806	1011.539	-6.46	-4.555	0
2008	2	21.481	1011.727	-6.387	-5.598	0
2008	3	22.894	1011.853	-5.501	-2.544	0
2008	4	25.161	1011.01	-5.098	-0.504	0
2008	5	26.279	1011.081	-1.134	0.607	0
2008	6	27.572	1011.274	-3.126	3.11	0
2008	7	27.882	1010.069	-0.24	2.216	0
2008	8	27.665	1010.406	0.004	1.989	0
2008	9	27.746	1010.542	-0.493	2.708	0
2008	10	27.032	1011.394	-3.051	-2.03	0
2008	11	25.662	1011.644	-5.653	-3.599	0
2008	12	23.113	1010.688	-4.69	-7.126	0
2009	1	21.275	1011.99	-5.506	-6.778	0
2009	2	22.972	1012.035	-6.723	-2.051	0
2009	3	23.645	1011.994	-5.386	-1.589	0
2009	4	24.485	1011.486	-4.484	-1.245	0
2009	5	25.686	1010.319	-2.215	-1.287	0
2009	6	27.216	1010.927	-0.859	3.934	0
2009	7	28.01	1008.701	1.783	2.059	0
2009	8	28.068	1008.177	3.092	0.99	0
2009	9	27.758	1007.754	3.839	-1.609	0
2009	10	26.48	1009.809	0.739	-0.996	0
2009	11	24.722	1009.579	-3.444	-4.891	0
2009	12	22.324	1010.51	-3.447	-6.14	0
2010	1	21.75	1013.051	-6.827	-4.47	0
2010	2	22.88	1014.097	-5.6	-1.186	0
2010	3	23.593	1013.536	-5.252	-2.456	0
2010	4	24.785	1013.715	-6.057	-0.01	0
2010	5	26.66	1011.144	-4.526	2.112	0
2010	6	27.564	1011.704	-3.39	3.197	0
2010	7	28.442	1011.79	-3.655	3.837	0
2010	8	28.189	1011.111	-1.259	2.46	0
2010	9	27.744	1011.127	-2.603	1.484	0
2010	10	26.917	1010.082	-2.253	-0.988	0
2010	11	24.816	1010.941	-4.803	-3.638	0
2010	12	23.253	1008.708	-4.112	-5.264	0
2011	1	20.906	1010.411	-5.855	-6.415	0
2011	2	21.873	1010.801	-4.586	-3.642	0
2011	3	21.702	1010.857	-5.35	-5.284	0
2011	4	23.593	1010.607	-3.277	-2.194	0
2011	5	26.421	1011.191	-3.424	2.569	0
2011	6	27.777	1010.953	-3.026	4.18	0
2011	7	27.581	1008.982	1.244	1.66	0
2011	8	27.72	1008.766	1.853	1.247	0
2011	9	27.256	1009.683	2.019	-1.239	0
2011	10	26.439	1010.902	-2.171	-1.874	0
2011	11	25.824	1010.726	-4.985	-1.845	0
2011	12	23.148	1010.886	-6.344	-5.761	0
2012	1	22.27	1011.735	-6.213	-3.722	0
2012	2	22.394	1011.648	-5.99	-3.096	0
2012	3	23.672	1011.58	-6.194	-1.953	0
2012	4	25.045	1012.025	-4.552	0.901	0
2012	5	26.939	1009.762	-1.027	0.472	0
2012	6	27.739	1010.489	-0.708	4.748	0
2012	7	27.867	1009.033	0.099	2.945	0
2012	8	27.533	1009.278	2.192	3.974	0
2012	9	27.06	1009.424	1.173	-0.114	0
2012	10	25.473	1009.308	-0.067	-4.99	0
2012	11	24.67	1011.062	-5.188	-2.38	0
2012	12	23.079	1011.435	-6.117	-3.8	0
2013	1	21.98	1012.41	-6.423	-4.344	0
2013	2	22.773	1012.778	-6.748	-2.876	0
2013	3	23.678	1012.242	-5.129	-1.184	0
2013	4	24.807	1011.574	-4.014	-0.339	0
2013	5	26.771	1011.215	-3.425	1.14	0
2013	6	28.247	1010.521	-2.954	3.498	0
2013	7	27.946	1009.869	-1.663	1.912	0
2013	8	28.086	1010.296	-0.105	3.124	0
2013	9	27.354	1007.372	2.928	-1.004	0
2013	10	26.007	1007.971	3.571	-4.914	0
2013	11	24.573	1011.289	-5.727	-3.506	0
2013	12	22.69	1010.942	-5.605	-4.282	0
2014	1	21.235	1010.657	-4.334	-6.348	0
2014	2	21.578	1010.791	-4.126	-3.449	0
2014	3	22.436	1011.857	-4.253	-2.698	0
2014	4	24.466	1010.559	-2.839	-1.879	0
2014	5	26.888	1011.622	-3.617	1.137	0
2014	6	28.348	1009.411	-1.148	4.168	0
2014	7	NA	NA	NA	NA	0
2014	8	NA	NA	NA	NA	0
2014	9	NA	NA	NA	NA	0
2014	10	NA	NA	NA	NA	0
2014	11	NA	NA	NA	NA	0
2014	12	NA	NA	NA	NA	0
2015	1	NA	NA	NA	NA	0
2015	2	NA	NA	NA	NA	0
2015	3	NA	NA	NA	NA	0
2015	4	NA	NA	NA	NA	0
2015	5	NA	NA	NA	NA	0
2015	6	NA	NA	NA	NA	0
2015	7	NA	NA	NA	NA	0
2015	8	NA	NA	NA	NA	0
2015	9	NA	NA	NA	NA	0
2015	10	NA	NA	NA	NA	0
2015	11	NA	NA	NA	NA	0
2015	12	NA	NA	NA	NA	0
