1948	1	25.414	1012.963	-7.489	-0.144
1948	2	25.923	1014.005	-8.206	0.697
1948	3	25.894	1013.547	-7.023	0.497
1948	4	26.081	1013.328	-5.369	3.048
1948	5	25.982	1013.475	-4.774	2.388
1948	6	25.562	1013.159	-4.601	3.262
1948	7	25.129	1012.985	-3.486	3.175
1948	8	25.032	1012.143	-0.023	3.395
1948	9	25.096	1011.981	-1.933	2.833
1948	10	25.458	1012.7	-2.137	2.33
1948	11	25.186	1011.979	-7.505	0.079
1948	12	25.635	1012.472	-8.325	0.701
1949	1	25.621	1012.174	-7.133	-0.948
1949	2	26.242	1013.265	-4.826	-1.803
1949	3	26.044	1013.945	-5.817	0.805
1949	4	25.887	1015.876	-5.492	0.736
1949	5	26.116	1014.113	-4.458	1.035
1949	6	25.131	1013.725	-3.272	2.653
1949	7	24.638	1013.802	-2.479	2.701
1949	8	24.365	1013.258	-1.606	3.06
1949	9	24.962	1013.303	-0.942	3.956
1949	10	25.708	1013.45	-6.077	2.565
1949	11	25.588	1013.97	-7.411	0.865
1949	12	25.989	1011.228	-7.783	-0.689
1950	1	26.14	1011.165	-6.631	-1.715
1950	2	26.424	1012.54	-6.677	-1.091
1950	3	26.76	1014.712	-6.213	0.75
1950	4	26.347	1013.053	-4.76	1.162
1950	5	25.734	1014.131	-7.012	1.13
1950	6	25.648	1013.952	-3.484	1.464
1950	7	24.855	1013.923	-1.044	3.108
1950	8	24.826	1013.661	0.497	3.182
1950	9	25.208	1013.234	-3.706	2.46
1950	10	25.409	1013.049	-3.398	0.687
1950	11	25.523	1010.921	-5.156	-0.851
1950	12	25.62	1011.545	-7.001	-0.909
1951	1	25.477	1013.7	-7.123	-1.212
1951	2	26.218	1012.771	-4.751	-1.772
1951	3	26.497	1012.157	-6.138	0.727
1951	4	26.477	1014.149	-7.611	0.524
1951	5	25.778	1013.969	-4.217	0.561
1951	6	25.78	1012.951	-3.294	1.405
1951	7	25.274	1012.771	-3.815	1.148
1951	8	25.302	1012.788	-3.887	3.416
1951	9	25.546	1012.113	-2.889	2.357
1951	10	25.93	1012.092	-5.597	1.378
1951	11	26.328	1012.972	-6.495	1.193
1951	12	26.109	1012.244	-7.389	0.725
1952	1	26.179	1011.79	-6.464	-0.106
1952	2	26.509	1013.373	-5.402	0.425
1952	3	26.585	1013.745	-4.135	0.622
1952	4	27.12	1014.588	-5.073	1.112
1952	5	26.367	1014.181	-4.189	0.347
1952	6	25.814	1013.759	-4.989	2.274
1952	7	25.351	1013.591	-1.28	1.887
1952	8	25.214	1013.165	-2.611	2.647
1952	9	25.551	1012.456	-3.202	1.853
1952	10	26.236	1012.151	-3.311	0.11
1952	11	26.013	1012.181	-6.825	-0.706
1952	12	25.896	1013.725	-7.627	-1.282
1953	1	25.84	1013.568	-4.541	-0.273
1953	2	26.041	1014.608	-8.31	-0.212
1953	3	26.556	1013.682	-6.37	0.177
1953	4	26.487	1014.94	-4.603	-0.845
1953	5	26.156	1014.523	-3.604	0.802
1953	6	25.887	1014.256	-6.52	2.237
1953	7	25.411	1014.13	-0.935	1.717
1953	8	24.746	1013.321	-3.993	3.196
1953	9	25.384	1013.112	-3.641	2.24
1953	10	26.102	1013.078	-4.119	1.113
1953	11	26.387	1014.071	-7.375	0.31
1953	12	26.101	1013.959	-6.711	-0.386
1954	1	26.7	1012.137	-5.313	0.06
1954	2	26.709	1013.591	-5.881	0.363
1954	3	26.973	1013.446	-6.722	0.985
1954	4	26.929	1012.803	-5.998	1.198
1954	5	26.621	1012.796	-7.337	1.866
1954	6	26.049	1013.329	-4.651	2.673
1954	7	25.388	1012.502	-3.047	1.65
1954	8	25.301	1012.44	-1.02	1.774
1954	9	25.259	1011.982	-0.968	1.745
1954	10	25.896	1012.955	-3.192	0.059
1954	11	26.117	1013.527	-5.134	-0.288
1954	12	26.143	1012.274	-6.625	-0.27
1955	1	26.034	1013.762	-7.911	0.143
1955	2	26.609	1012.71	-5.796	-0.622
1955	3	26.483	1013.586	-6.561	0.475
1955	4	26.424	1013.382	-7.197	0.69
1955	5	26.91	1014.255	-6.684	0.767
1955	6	26.296	1013.972	-6.361	0.637
1955	7	25.488	1013.744	-3.282	0.875
1955	8	25.55	1013.452	-1.623	1.638
1955	9	26.134	1013.081	-2.735	1.273
1955	10	26.297	1013.2	-3.449	0.12
1955	11	26.019	1011.743	-7.114	-0.932
1955	12	26.168	1011.553	-4.321	0.474
1956	1	26.396	1009.929	-5.353	-0.208
1956	2	26.344	1010.75	-4.428	0.051
1956	3	26.643	1012.706	-7.343	0.449
1956	4	26.784	1012.993	-7.288	0.011
1956	5	26.443	1013.41	-6.332	0.608
1956	6	26.087	1013.51	-3.002	0.932
1956	7	25.459	1013.642	-2.033	1.865
1956	8	25.398	1012.905	-3.226	0.752
1956	9	25.76	1011.766	-3.487	0.945
1956	10	26.273	1012	-4.028	-0.079
1956	11	26.563	1011.507	-7.547	0.282
1956	12	26.303	1011.907	-7.807	0.045
1957	1	26.478	1011.584	-6.583	-0.297
1957	2	26.488	1011.219	-6.002	-0.361
1957	3	26.815	1014.157	-4.034	0.192
1957	4	27.227	1013.568	-5.436	1.787
1957	5	26.843	1013.34	-2.489	1.133
1957	6	26.251	1012.983	-4.532	2.204
1957	7	25.858	1012.936	-2.026	-0.86
1957	8	25.281	1011.343	-1.249	0.884
1957	9	25.677	1011.555	-2.977	0.539
1957	10	26.473	1012.068	-3.536	0.618
1957	11	27.092	1010.392	-6.046	1.452
1957	12	27.308	1011.361	-6.463	0.512
1958	1	27.128	1014.405	-6.429	1.449
1958	2	26.656	1013.423	-5.882	0.175
1958	3	27.408	1013.339	-4.188	0.788
1958	4	27.263	1014.608	-7.179	1.079
1958	5	27.165	1013.456	-6.474	0.893
1958	6	26.898	1013.144	-4.858	0.332
1958	7	26.205	1012.716	-4.903	1.932
1958	8	26.318	1011.554	-4.356	0.451
1958	9	26.363	1011.096	-3.927	1.101
1958	10	27.155	1011.157	-4.639	0.576
1958	11	27.448	1011.117	-5.725	0.561
1958	12	27.215	1013.176	-4.577	0.244
1959	1	26.872	1011.064	-4.959	0.521
1959	2	27.095	1012.883	-7.411	0.79
1959	3	27.305	1014.625	-6.65	1.386
1959	4	27.059	1013.07	-7.235	1.355
1959	5	27.136	1012.793	-4.783	0.827
1959	6	26.614	1013.087	-1.963	1.08
1959	7	25.74	1012.65	-1.7	1.247
1959	8	25.126	1010.984	-2.501	1.261
1959	9	25.913	1010.728	-3.112	1.271
1959	10	26.88	1011.721	-5.28	0.955
1959	11	27.576	1011.989	-6.643	0.179
1959	12	27.009	1012.159	-7.338	0.589
1960	1	26.949	1013.129	-5.771	-0.128
1960	2	27.098	1013.925	-5.396	0.282
1960	3	26.995	1013.199	-4.341	0.362
1960	4	27.12	1013.933	-5.992	0.559
1960	5	27.199	1013.296	-5.176	0.192
1960	6	26.271	1013.01	-5.181	1.482
1960	7	26.14	1013.04	-3.233	0.123
1960	8	25.702	1012.46	0.375	0.646
1960	9	26.213	1011.519	-4.173	0.723
1960	10	26.844	1012.149	-3.209	0.8
1960	11	26.928	1012.467	-7.106	0.289
1960	12	26.841	1012.772	-6.644	0.343
1961	1	26.531	1012.029	-6.789	0.293
1961	2	27.298	1013.413	-6.764	0.556
1961	3	26.827	1013.325	-7.037	1.045
1961	4	27.149	1012.602	-7.138	0.7
1961	5	26.575	1013.754	-7.882	0.724
1961	6	25.706	1012.966	-4.5	0.942
1961	7	24.492	1013.061	-3.252	1.953
1961	8	23.887	1012.72	-3.829	3.008
1961	9	24.772	1011.415	-3.574	2.476
1961	10	25.797	1010.754	-3.102	1.422
1961	11	26.648	1012.314	-6.114	0.614
1961	12	26.675	1012.029	-6.852	0.449
1962	1	26.639	1012.121	-3.725	0.267
1962	2	26.043	1013.613	-7.796	0.435
1962	3	26.458	1013.243	-6.892	0.601
1962	4	26.198	1012.639	-6.227	0.198
1962	5	26.39	1012.56	-7.803	0.41
1962	6	25.828	1012.493	-4.304	0.229
1962	7	24.986	1012.302	-4.913	1.1
1962	8	24.568	1013.738	-4.707	0.687
1962	9	25.344	1012.337	-4.647	0.442
1962	10	26.373	1012.644	-2.862	-0.584
1962	11	26.399	1012.859	-8.962	-0.277
1962	12	25.965	1013.519	-6.473	0.528
1963	1	26.394	1011.821	-3.707	0.47
1963	2	26.214	1013.821	-5.781	0.798
1963	3	26.329	1012.477	-6.727	1.331
1963	4	26.53	1012.496	-9.063	1.098
1963	5	26.586	1012.61	-8.552	0.674
1963	6	25.542	1013.316	-6.229	0.933
1963	7	24.556	1012.713	-6.755	2.089
1963	8	24.025	1011.797	-5.209	2.848
1963	9	24.49	1012.039	-5.8	2.099
1963	10	25.53	1011.969	-3.287	0.652
1963	11	26.326	1012.499	-6.249	0.933
1963	12	26.344	1012.905	-7.155	-0.195
1964	1	27.238	1013.475	-6.881	0.451
1964	2	27.399	1013.566	-8.479	0.584
1964	3	27.315	1013.368	-6.359	0.093
1964	4	27.332	1013.158	-9.216	0.74
1964	5	26.65	1012.417	-5.336	-0.054
1964	6	26.018	1013.058	-4.971	1.028
1964	7	25.595	1013.25	-3.744	0.182
1964	8	24.963	1012.763	-1.738	2.016
1964	9	25.76	1011.862	-5.373	0.543
1964	10	25.952	1012.482	-5.161	-0.485
1964	11	26.105	1011.61	-5.565	0.05
1964	12	26.317	1011.014	-6.649	0.319
1965	1	26.621	1011.407	-6.398	-0.055
1965	2	26.847	1012.747	-6.713	0.566
1965	3	26.525	1013.853	-5.665	0.442
1965	4	26.792	1013.59	-5.293	1.235
1965	5	26.705	1012.351	-7.285	0.266
1965	6	25.946	1014.243	-6.413	2.953
1965	7	24.819	1012.575	-7.238	2.713
1965	8	24.912	1012.273	-2.172	0.858
1965	9	25.169	1011.709	-3.689	1.928
1965	10	26.038	1011.548	-1.847	1.25
1965	11	26.658	1011.297	-9.006	1.177
1965	12	26.786	1011.992	-7.968	0.024
1966	1	26.3	1012.797	-7.048	0.09
1966	2	26.552	1012.374	-6.907	0.855
1966	3	26.906	1013.124	-5.666	0.538
1966	4	27.402	1013.692	-7.138	1.443
1966	5	26.806	1013.553	-3.696	1.976
1966	6	26.005	1013.766	-5.048	2.111
1966	7	25.385	1011.978	-5.065	2.925
1966	8	25.095	1012.262	-0.711	2.008
1966	9	25.394	1012.161	0.425	1.794
1966	10	26.12	1011.579	-3.309	1.277
1966	11	26.575	1010.303	-7.512	0.822
1966	12	26.806	1012.247	-7.325	0.298
1967	1	26.335	1012.853	-7.262	0.186
1967	2	26.71	1012.94	-7.647	0.586
1967	3	26.612	1012.157	-7.442	0.67
1967	4	26.79	1012.692	-8.2	0.896
1967	5	26.494	1012.508	-3.416	1.602
1967	6	25.541	1012.57	-3.894	1.982
1967	7	24.625	1011.758	-0.57	2.35
1967	8	24.303	1012.157	-2.312	4.02
1967	9	24.831	1011.975	2.367	2.637
1967	10	25.891	1012.042	-5.542	1.793
1967	11	26.701	1011.442	-8.895	1.181
1967	12	26.552	1011.566	-6.307	-0.143
1968	1	26.504	1010.037	-6.934	-0.16
1968	2	26.121	1011.619	-6.72	-0.067
1968	3	26.733	1013.174	-7.38	1.032
1968	4	26.789	1012.677	-4.941	1.12
1968	5	26.442	1012.523	-3.093	0.713
1968	6	26.345	1013.69	-4.242	1.544
1968	7	25.815	1012.932	-2.894	1.96
1968	8	25.671	1012.112	-1.825	2.118
1968	9	25.97	1011.334	0.335	2.052
1968	10	26.374	1010.955	-4.627	1.581
1968	11	26.76	1012.405	-5.575	0.283
1968	12	27.021	1010.116	-6.659	-0.499
1969	1	26.906	1010.657	-7.493	0.14
1969	2	27.067	1010.873	-5.342	-0.491
1969	3	27.191	1014.18	-5.713	0.935
1969	4	27.164	1014.614	-6.333	0.912
1969	5	27.021	1013.689	-6.067	0.363
1969	6	26.528	1013.51	-5.445	0.7
1969	7	25.456	1013.113	-5.419	2.539
1969	8	25.033	1012.577	-3.394	1.448
1969	9	25.41	1011.635	-3.494	2.343
1969	10	26.316	1012.252	-3.003	1.248
1969	11	26.663	1011.951	-7.508	0.189
1969	12	26.647	1013.449	-7.826	0.117
1970	1	27.015	1012.383	-5.352	0.184
1970	2	27.025	1013.278	-7.411	0.071
1970	3	27.315	1014.02	-5.536	-0.35
1970	4	27.311	1014.398	-6.458	0.883
1970	5	27.065	1013.69	-4.334	0.609
1970	6	26.28	1013.982	-5.125	0.712
1970	7	25.398	1014.045	-0.559	1.345
1970	8	25.057	1012.969	-2.217	1.529
1970	9	25.628	1012.414	-4.299	1.567
1970	10	26.481	1011.857	-6.185	-0.364
1970	11	26.651	1012.14	-6.201	0.818
1970	12	26.591	1011.65	-8.497	-0.651
1971	1	26.464	1010.867	-5.041	-0.454
1971	2	26.349	1012.589	-7.025	0.286
1971	3	26.161	1013.251	-6.467	1.198
1971	4	26.409	1013.49	-6.231	1.018
1971	5	26.206	1014.039	-5.854	-0.102
1971	6	25.616	1014.07	-5.098	2.56
1971	7	25.331	1012.882	-4.089	1.806
1971	8	25.267	1013.278	-1.138	0.951
1971	9	25.931	1012.925	-3.087	0.375
1971	10	26.265	1012.742	-6.9	0.548
1971	11	26.074	1012.054	-7.855	-0.288
1971	12	26.319	1010.029	-9.401	-0.236
1972	1	26.033	1010.494	-8.136	0.541
1972	2	26.916	1011.448	-6.077	0.305
1972	3	26.418	1012.176	-6.195	0.23
1972	4	26.791	1012.483	-7.091	2.138
1972	5	26.459	1012.204	-6.954	0.732
1972	6	25.904	1012.545	-5.374	1.8
1972	7	24.691	1011.959	-0.259	3.96
1972	8	24.999	1011.96	-4.127	2.101
1972	9	25.45	1010.885	-3.981	2.166
1972	10	26.25	1011.72	-3.303	1.688
1972	11	27.151	1012.654	-8.509	0.953
1972	12	26.854	1013.363	-7.509	1.057
1973	1	27.316	1013.47	-5.328	0.376
1973	2	27.47	1014.833	-7.078	0.852
1973	3	27.722	1014.716	-5.363	0.446
1973	4	27.465	1014.041	-8.656	1.186
1973	5	27.03	1014.405	-4.537	0.247
1973	6	26.867	1014.118	-4.599	0.127
1973	7	26.063	1013.659	-3.519	1.803
1973	8	26.204	1013.434	-4.686	0.977
1973	9	26.563	1013.709	-6.137	-0.012
1973	10	26.838	1012.591	-6.395	0.573
1973	11	26.809	1011.325	-5.982	-1.376
1973	12	26.707	1012.989	-6.329	-1.322
1974	1	26.168	1011.139	-4.682	0.055
1974	2	26.204	1012.218	-7.425	-0.27
1974	3	26.381	1012.863	-8.111	0.692
1974	4	26.589	1012.872	-7.987	0.91
1974	5	26.689	1013.505	-5.616	1.023
1974	6	25.899	1012.992	-3.612	1.953
1974	7	25.642	1013.16	-2.968	1.177
1974	8	25.726	1012.37	0.391	2.09
1974	9	26.242	1012.071	-1.855	-0.43
1974	10	26.678	1012.301	-7.635	-0.736
1974	11	26.824	1011.679	-8.244	-0.552
1974	12	26.632	1012.204	-9.282	-0.488
1975	1	26.7	1011.981	-6.811	0.225
1975	2	26.781	1013.834	-5.707	-0.023
1975	3	26.663	1014.14	-5.638	-0.141
1975	4	26.964	1013.623	-6.752	0.277
1975	5	26.513	1013.622	-4.079	0.57
1975	6	25.773	1013.909	-5.299	0.793
1975	7	25.519	1013.799	-3.502	0.841
1975	8	25.111	1013.713	-4.135	1.247
1975	9	26.09	1013.485	-3.747	-0.201
1975	10	26.241	1013.323	-4.418	-0.595
1975	11	26.298	1012.725	-6.344	-0.929
1975	12	26.316	1012.847	-6.685	-1.271
1976	1	25.786	1011.316	-8.01	0.455
1976	2	25.861	1012.222	-6.913	0.513
1976	3	26.274	1012.354	-7.303	0.326
1976	4	26.352	1014.009	-7.268	0.915
1976	5	25.316	1014.539	-6.229	1.254
1976	6	24.814	1013.011	-5.584	0.779
1976	7	24.131	1013.45	-5.005	2.326
1976	8	24.047	1013.113	-5.151	1.295
1976	9	24.224	1011.622	-2.61	2.24
1976	10	25.464	1012.219	-5.436	0.7
1976	11	26.054	1012.562	-7.614	0.147
1976	12	26.069	1011.823	-6.704	0.214
1977	1	26.2	1011.637	-5.912	0.741
1977	2	26.228	1013.609	-6.406	0.557
1977	3	26.105	1013.249	-8.418	1.16
1977	4	26.642	1013.525	-7.942	1.863
1977	5	26.233	1013.734	-2.526	0.958
1977	6	25.741	1013.748	-5.308	0.694
1977	7	24.521	1012.265	-4.516	0.916
1977	8	23.944	1012.122	0.066	2.408
1977	9	24.399	1011.993	-2.789	2.167
1977	10	25.29	1012.148	-3.69	1.544
1977	11	25.997	1011.63	-7.554	0.847
1977	12	26.405	1011.9	-6.854	0.675
1978	1	26.74	1013.103	-5.541	0.766
1978	2	26.506	1013.919	-5.504	1.218
1978	3	26.964	1014.097	-4.59	0.272
1978	4	26.594	1014.014	-5.53	0.952
1978	5	26.837	1013.471	-5.105	-0.352
1978	6	26.06	1013.135	-5.199	0.131
1978	7	25.433	1012.25	0.606	-0.436
1978	8	25.055	1012.154	-4.549	1.026
1978	9	25.495	1011.867	-3.774	0.783
1978	10	26.009	1011.637	-6.236	-0.14
1978	11	26.639	1011.543	-6.386	-0.344
1978	12	26.625	1012.543	-7.834	0.71
1979	1	26.198	1013.047	-7.549	1.438
1979	2	26.486	1012.611	-5.161	1.025
1979	3	26.812	1014.013	-6.318	0.929
1979	4	26.844	1014.057	-8.399	0.1
1979	5	26.54	1014.07	-5.345	0.038
1979	6	25.922	1013.552	-6.851	0.915
1979	7	24.99	1014.127	-4.172	0.1
1979	8	24.841	1012.986	-2.597	0.598
1979	9	25.496	1012.597	-3.773	-0.089
1979	10	26.027	1012.276	-7.458	1.423
1979	11	26.991	1011.868	-9.772	-0.089
1979	12	26.199	1012.684	-8.365	1.475
1980	1	26.418	1011.181	-5.985	0.135
1980	2	26.383	1012.542	-8.163	0.843
1980	3	26.421	1012.146	-7.931	0.261
1980	4	26.78	1013.306	-8.062	0.297
1980	5	26.674	1013.515	-7.731	1.422
1980	6	26.486	1013.349	-7.62	0.379
1980	7	25.704	1012.846	-5.53	-0.262
1980	8	25.221	1012.379	-2.725	1.032
1980	9	25.348	1011.711	-3.237	0.404
1980	10	26.282	1012.603	-5.367	-0.797
1980	11	26.432	1012.676	-7.377	-0.71
1980	12	26.495	1011.619	-5.462	-0.305
1981	1	26.191	1012.753	-6.783	0.002
1981	2	26.214	1011.748	-5.614	0.785
1981	3	26.641	1014.774	-7.374	1.308
1981	4	26.971	1013.756	-7.157	0.427
1981	5	26.913	1014.147	-6.187	0.365
1981	6	26.07	1013.855	-5.467	-0.086
1981	7	25.734	1013.327	-3.578	0.881
1981	8	25.192	1012.94	1.82	1.941
1981	9	25.798	1012.153	-5.538	0.35
1981	10	26.476	1012.159	-6.503	0.704
1981	11	26.334	1012.392	-8.212	-0.567
1981	12	26.143	1012.296	-8.251	-0.01
1982	1	26.148	1011.852	-6.497	-0.007
1982	2	26.271	1011.755	-6.802	0.57
1982	3	26.441	1012.19	-7.75	0.464
1982	4	26.682	1013.015	-6.159	0.973
1982	5	26.345	1012.876	-7.316	1.241
1982	6	25.484	1012.604	-5.174	0.211
1982	7	24.253	1011.861	-4.571	0.463
1982	8	23.833	1011.176	-4.189	2.497
1982	9	23.949	1011.188	-2.817	2.174
1982	10	25.139	1010.613	-3.931	2.39
1982	11	26.012	1009.906	-9.657	1.84
1982	12	26.776	1013.603	-8.57	0.139
1983	1	27.032	1014.051	-6.839	1.445
1983	2	27.007	1015.235	-3.86	0.718
1983	3	27.553	1015.847	-4.653	0.939
1983	4	27.869	1014.97	-5.739	0.157
1983	5	26.714	1014.468	-6.557	1.059
1983	6	25.98	1014.102	-4.72	2.114
1983	7	24.851	1013.473	-5.881	1.142
1983	8	24.414	1013.86	-3.466	1.884
1983	9	25.102	1012.758	-5.334	1.564
1983	10	26.34	1012.525	-7.036	0.8
1983	11	26.531	1013.546	-6.129	-1.099
1983	12	26.381	1012.886	-5.717	0.518
1984	1	26.642	1013.274	-5.46	-0.281
1984	2	26.385	1013.321	-5.401	0.861
1984	3	26.458	1014.482	-5.762	0.831
1984	4	26.907	1014.881	-4.151	-0.428
1984	5	26.836	1014.233	-4.147	0.284
1984	6	25.856	1013.551	-3.023	1.271
1984	7	25.429	1012.925	1.355	-0.045
1984	8	25.164	1012.324	-2.825	1.041
1984	9	25.954	1011.926	-1.996	0.098
1984	10	26.381	1012.096	-4.489	-0.647
1984	11	26.879	1012.638	-8.064	0.537
1984	12	26.725	1010.312	-8.378	-0.407
1985	1	26.839	1012.926	-7.457	1.718
1985	2	27.631	1011.358	-8.034	-0.22
1985	3	26.946	1012.204	-10.04	0.513
1985	4	27.307	1012.887	-4.568	0.448
1985	5	26.99	1013.213	-6.581	-0.39
1985	6	26.462	1013.682	-4.612	-0.026
1985	7	25.576	1013.24	-2.399	-0.604
1985	8	24.968	1012.705	-2.491	1.098
1985	9	25.213	1012.014	-7.576	0.453
1985	10	25.919	1011.549	-6.577	-0.697
1985	11	26.401	1011.307	-6.569	-0.057
1985	12	26.051	1012.597	-7.868	0.133
1986	1	26.565	1012.06	-6.975	-0.851
1986	2	26.059	1012.629	-5.277	0.237
1986	3	26.732	1013.504	-7.138	0.563
1986	4	27.055	1011.722	-8.017	0.69
1986	5	26.534	1012.513	-5.23	-0.139
1986	6	26.402	1012.916	-5.439	1.088
1986	7	25.53	1012.89	-5.051	1.111
1986	8	24.872	1011.771	3.768	1.485
1986	9	25.482	1011.505	-3.991	0.108
1986	10	26.018	1013.04	-6.718	0.219
1986	11	26.349	1010.929	-9.398	0.595
1986	12	26.31	1012.774	-7.91	1.081
1987	1	26.567	1014.192	-6.783	0.492
1987	2	26.287	1013.156	-7.15	1.562
1987	3	26.933	1015.09	-6.772	1.44
1987	4	26.649	1013.99	-6.889	1.33
1987	5	26.639	1013.325	-4.94	0.58
1987	6	26.231	1013.604	-5.542	0.539
1987	7	25.413	1012.959	-6.095	1.139
1987	8	24.69	1012.004	-5.59	1.349
1987	9	24.722	1012.354	0.456	2.632
1987	10	25.49	1012.241	-5.997	0.97
1987	11	26.479	1013.178	-8.887	0.848
1987	12	26.691	1011.459	-8.492	0.138
1988	1	26.823	1013.011	-8.658	0.651
1988	2	26.865	1012.834	-6.964	0.953
1988	3	27.753	1013.803	-7.33	0.325
1988	4	26.904	1014.179	-5.298	1.055
1988	5	26.847	1013.806	-3.28	-0.972
1988	6	26.087	1014.424	-4.686	0.95
1988	7	24.846	1013.752	-1.897	1.255
1988	8	25.004	1013.424	-3.174	0.999
1988	9	25.492	1012.168	-2.414	1.771
1988	10	26.004	1012.369	-6.15	1.766
1988	11	26.322	1012.831	-6.066	-0.194
1988	12	25.864	1012.755	-7.253	0.706
1989	1	26.886	1012.058	-8.455	1.333
1989	2	26.242	1012.312	-7.456	0.534
1989	3	26.265	1013.004	-4.743	0.156
1989	4	26.844	1012.391	-7.033	0.689
1989	5	26.549	1013.831	-7.141	-0.295
1989	6	26.126	1014.445	-4.94	0.591
1989	7	25.91	1013.951	-3.564	0.386
1989	8	25.721	1013.365	0.978	1.238
1989	9	25.493	1012.597	-3.122	1.29
1989	10	25.825	1011.905	-5.633	0.613
1989	11	26.326	1011.492	-8.306	0.532
1989	12	26.586	1012.859	-7.001	0.526
1990	1	27.136	1010.134	-8.981	1.018
1990	2	26.712	1013.121	-8.726	1.498
1990	3	26.723	1012.95	-7.469	1.243
1990	4	27.165	1012.72	-5.614	1.256
1990	5	26.974	1013.756	-6.714	0.741
1990	6	26.513	1013.703	-6.332	0.008
1990	7	25.707	1013.511	-1.885	0.746
1990	8	25.461	1013.16	-2.41	1.418
1990	9	25.474	1012.484	-4.585	1.247
1990	10	25.997	1012.595	-4.681	0.691
1990	11	26.595	1010.519	-8.868	0.177
1990	12	26.731	1011.774	-8.453	0.524
1991	1	26.753	1012.035	-7.658	0.817
1991	2	26.836	1011.931	-6.986	1.092
1991	3	26.875	1013.31	-8.516	0.432
1991	4	26.958	1013.256	-7.661	0.489
1991	5	26.801	1014.069	-6.256	1.421
1991	6	25.807	1013.425	-5.752	0.877
1991	7	24.861	1013.088	-5.547	2.098
1991	8	24.2	1012.19	2.079	2.543
1991	9	24.581	1012.005	-6.137	1.561
1991	10	25.407	1010.767	-4.357	0.798
1991	11	25.554	1011.234	-6.966	0.456
1991	12	26.312	1010.99	-6.215	0.696
1992	1	26.2	1013.489	-7.598	1.593
1992	2	26.662	1012.869	-4.396	-0.107
1992	3	26.624	1014.619	-7.984	1.23
1992	4	27	1013.231	-4.759	0.368
1992	5	26.89	1012.658	-4.375	0.819
1992	6	26.457	1012.766	-5.58	0.073
1992	7	25.503	1012.431	-4.566	-0.81
1992	8	24.878	1012.719	-2.65	0.869
1992	9	25.507	1010.925	1.371	-0.069
1992	10	25.855	1011.138	-4.358	-0.387
1992	11	25.215	1011.916	-6.78	0.909
1992	12	24.985	1011.026	-6.239	0.52
1993	1	25.586	1012.936	-6.024	0.946
1993	2	24.871	1013.316	-5.183	0.551
1993	3	26.203	1015.11	-4.339	1.166
1993	4	26.221	1014.44	-4.983	0.391
1993	5	26.081	1014.22	-4.523	-0.429
1993	6	25.998	1013.572	-2.945	-0.595
1993	7	25.044	1012.732	-4.562	-0.518
1993	8	24.756	1013.03	-2.117	0.242
1993	9	24.846	1012.833	-2.965	0.473
1993	10	25.484	1011.708	-4.375	0.063
1993	11	26.347	1012.776	-6.055	-0.245
1993	12	26.349	1012.716	-6.892	-1.142
1994	1	26.39	1012.503	-6.675	0.384
1994	2	26.831	1012.013	-5.304	-0.554
1994	3	26.66	1013.587	-7.603	0.178
1994	4	26.437	1014.036	-6.645	0.025
1994	5	25.662	1013.997	-5.759	0.069
1994	6	24.942	1013.492	-5.614	1.19
1994	7	24.098	1012.054	-2.122	2.773
1994	8	23.842	1012.044	-2.238	2.769
1994	9	24.315	1011.808	-0.855	2.943
1994	10	25.187	1011.319	-3.361	1.664
1994	11	26.546	1011.488	-8.016	1.252
1994	12	26.528	1013.113	-8.348	0.64
1995	1	26.766	1013.479	-6.009	0.493
1995	2	26.579	1013.138	-4.57	0.338
1995	3	26.615	1012.902	-6.233	0.652
1995	4	26.751	1012.869	-7.698	0.616
1995	5	26.441	1013.83	-5.403	-0.454
1995	6	26.208	1014.157	-4.748	-1.146
1995	7	25.448	1013.107	-6.358	-0.336
1995	8	24.842	1012.98	-5.018	0.078
1995	9	25.247	1013.203	-2.765	-0.458
1995	10	26.121	1012.517	-4.567	-0.156
1995	11	26.55	1012.21	-4.262	-1.384
1995	12	26.238	1013.367	-6.428	-0.168
1996	1	26.226	1011.485	-7.942	0.51
1996	2	26.27	1012.038	-7.932	0.268
1996	3	26.582	1012.851	-7.641	0.324
1996	4	26.662	1014.439	-5.615	-0.351
1996	5	26.214	1014.724	-3.942	-1.06
1996	6	26.143	1014.45	-4.293	-0.271
1996	7	25.69	1013.541	-3.181	-0.81
1996	8	25.601	1013.513	-0.888	-0.403
1996	9	25.828	1012.079	-1.835	-1.007
1996	10	26.581	1012.028	-5.863	-1.792
1996	11	26.458	1010.979	-8.59	-0.318
1996	12	26.44	1010.639	-8.237	-0.46
1997	1	26.22	1012.066	-6.245	-0.325
1997	2	26.456	1012.227	-7.471	0.57
1997	3	26.41	1012.108	-6.888	0.853
1997	4	26.501	1013.453	-6.118	0.526
1997	5	26.475	1013.062	-4.794	-0.1
1997	6	26.275	1013.97	-4.974	0.74
1997	7	24.834	1013.194	-4.939	2.298
1997	8	24.136	1013.699	-2.05	3.316
1997	9	24.653	1013.076	-1.263	2.94
1997	10	25.104	1012.606	-5.418	2.249
1997	11	26.085	1014.075	-6.251	1.985
1997	12	26.522	1013.696	-6.627	1.579
1998	1	26.917	1013.795	-6.266	1.35
1998	2	27.101	1016.361	-5.555	0.627
1998	3	27.216	1015.588	-4.49	0.43
1998	4	27.499	1016.577	-7.123	0.266
1998	5	27.285	1015.697	-7.179	-1.441
1998	6	27.246	1014.805	-6.192	-1.177
1998	7	26.775	1015.097	-3.29	-1.873
1998	8	26.686	1014.698	-4.117	-0.893
1998	9	26.443	1013.885	-1.637	-0.186
1998	10	26.863	1013.931	-6.08	-1.495
1998	11	26.559	1013.575	-6.328	-1.491
1998	12	26.392	1013.414	-6.761	-0.282
1999	1	27.114	1013.561	-6.173	-0.493
1999	2	27.218	1014.741	-6.345	0.688
1999	3	27.242	1013.342	-5.475	-0.584
1999	4	27.081	1014.68	-5.235	-1.635
1999	5	26.746	1014.074	-5.804	0.067
1999	6	26.274	1014.805	-5.014	0.188
1999	7	25.36	1014.347	-3.393	0.552
1999	8	25.167	1014.471	-3.432	1.261
1999	9	25.408	1013.776	-3.733	1.281
1999	10	26.288	1013.328	-6.449	-0.833
1999	11	26.571	1012.989	-4.618	-0.934
1999	12	27.216	1012.462	-7.495	-0.714
2000	1	27.186	1012.694	-6.345	-0.716
2000	2	27.441	1014.383	-5.381	-0.36
2000	3	26.845	1014.232	-6.488	-0.908
2000	4	27.062	1014.485	-4.818	-2.139
2000	5	26.929	1014.433	-3.087	-0.68
2000	6	26.203	1013.613	-5.404	-1.699
2000	7	25.812	1012.93	-4.124	-0.082
2000	8	25.501	1012.548	-4.152	1.613
2000	9	26.03	1012.075	-0.934	1.11
2000	10	26.777	1011.833	-6.881	-0.193
2000	11	26.827	1011.794	-8.655	-0.641
2000	12	27.091	1012.581	-8.13	-0.831
2001	1	27.542	1013.657	-6.468	-2.004
2001	2	27.176	1011.242	-8.266	-0.79
2001	3	27.39	1013.803	-5.164	-0.734
2001	4	27.099	1013.166	-5.648	0.055
2001	5	26.993	1013.948	-3.822	0.674
2001	6	26.624	1012.717	-5.079	0.507
2001	7	25.969	1012.902	-1.812	1.039
2001	8	25.529	1012.966	0.921	1.071
2001	9	26.214	1012.6	-0.94	0.238
2001	10	26.788	1012.276	-5.614	-1.087
2001	11	26.907	1012.069	-6.211	-1.221
2001	12	26.536	1011.81	-6.122	0.156
2002	1	27.033	1011.848	-5.164	0.839
2002	2	27.136	1013.929	-5.55	0.468
2002	3	27.34	1013.002	-5.357	-0.024
2002	4	27.413	1012.418	-3.98	-0.472
2002	5	27.105	1012.226	-2.845	-1.008
2002	6	26.347	1012.817	-4.405	0.197
2002	7	25.519	1013.017	-2.268	-1.121
2002	8	24.967	1012.192	-1.508	1.588
2002	9	25.098	1012.263	-1.66	1.433
2002	10	26.039	1011.092	-4.876	1.642
2002	11	27.255	1012.349	-8.069	0.831
2002	12	27.524	1013.746	-8.08	0.948
2003	1	27.272	1012.639	-6.75	0.33
2003	2	27.193	1012.631	-6.185	-0.115
2003	3	27.3	1013.277	-6.211	0.623
2003	4	27.635	1013.298	-7.689	-0.398
2003	5	26.564	1013.319	-5.065	-0.196
2003	6	26.392	1013.588	-4.561	1.33
2003	7	25.123	1013.163	-4.555	1.366
2003	8	24.734	1013.112	-4.076	1.191
2003	9	25.195	1012.568	-3.61	0.841
2003	10	26.323	1012.159	-2.752	-0.086
2003	11	26.735	1012.091	-8.273	0.573
2003	12	26.845	1012.169	-6.574	0.354
2004	1	26.796	1011.622	-5.92	1.705
2004	2	27.123	1012.308	-8.388	0.054
2004	3	27.28	1012.984	-6.996	-0.452
2004	4	27.465	1014.15	-6.405	0.336
2004	5	26.952	1013.135	-6.544	-0.285
2004	6	26.168	1013.301	-5.337	1.367
2004	7	25.689	1013.038	-2.708	-0.167
2004	8	24.663	1012.687	-2.52	1.141
2004	9	25.317	1012.444	-3.007	0.168
2004	10	25.918	1011.923	-4.343	1.448
2004	11	26.984	1011.922	-7.583	0.713
2004	12	26.908	1011.503	-6.46	1.006
2005	1	27.027	1011.628	-4.587	0.562
2005	2	27.537	1012.397	-5.233	0.577
2005	3	27.567	1014.584	-6.095	0.672
2005	4	27.433	1013.889	-5.587	0.546
2005	5	27.244	1013.817	-2.316	-0.588
2005	6	26.838	1013.758	-5.125	-0.265
2005	7	26.022	1013.598	-4.045	0.829
2005	8	25.653	1013.078	-2.552	1.574
2005	9	25.841	1012.411	-2.245	1.293
2005	10	26.703	1012.572	-3.069	-1.228
2005	11	27.108	1012.22	-6.338	-1.665
2005	12	27.25	1013.006	-5.633	-1.661
2006	1	26.378	1012.817	-6.488	-0.089
2006	2	26.769	1012.871	-8.709	1.547
2006	3	27.262	1011.572	-6.209	-0.233
2006	4	27.015	1014.074	-5.44	-0.321
2006	5	26.621	1014.231	-5.963	0.764
2006	6	25.965	1013.547	-6.479	0.801
2006	7	24.94	1013.824	-7.283	1.39
2006	8	24.713	1012.112	-1.801	2.946
2006	9	24.581	1012.179	-3.911	3.263
2006	10	25.303	1010.995	-2.989	3.349
2006	11	26.523	1011.424	-7.93	1.551
2006	12	27.263	1013.501	-8.6	0.903
2007	1	26.945	1012.066	-8.367	-0.149
2007	2	26.702	1013.225	-5.936	0.134
2007	3	26.866	1012.418	-6.292	-0.592
2007	4	26.711	1015.072	-5.988	0.367
2007	5	26.795	1014.193	-5.381	0.806
2007	6	26.273	1013.047	-4.452	1.086
2007	7	25.439	1013.419	-2.165	1.889
2007	8	24.935	1013.006	-3.408	2.248
2007	9	24.955	1012.45	-3.49	3.309
2007	10	25.8	1012.688	-5.313	1.607
2007	11	26.155	1011.479	-7.746	-0.373
2007	12	26.917	1012.309	-7.257	-0.77
2008	1	26.691	1012.661	-7.625	-0.256
2008	2	26.634	1013.571	-5.735	0.122
2008	3	26.603	1013.589	-4.915	0.349
2008	4	26.739	1013.118	-5.588	0.655
2008	5	26.46	1014.69	-5.63	2.601
2008	6	25.794	1014.016	-4.469	2.063
2008	7	24.92	1013.871	-0.755	1.965
2008	8	24.913	1013.549	-1.675	1.514
2008	9	25.551	1012.679	-4.562	1.159
2008	10	26.303	1013.094	-6.108	0.601
2008	11	26.613	1012.675	-7.607	-1.36
2008	12	26.286	1011.23	-7.222	-0.536
2009	1	26.34	1012.882	-6.893	-0.06
2009	2	26.511	1013.174	-8.254	-0.312
2009	3	27.06	1012.716	-6.448	1.714
2009	4	27.518	1013.804	-5.489	0.562
2009	5	27.115	1012.894	-3.864	0.004
2009	6	26.407	1013.694	-3.442	1.096
2009	7	25.699	1012.506	-5.17	1.905
2009	8	25.125	1012.206	-0.644	1.979
2009	9	25.617	1011.99	-3.013	0.809
2009	10	26.379	1011.053	-7.815	1.499
2009	11	26.912	1011.552	-7.765	0.056
2009	12	27.102	1011.681	-5.779	-0.006
2010	1	26.663	1011.489	-7.254	0.801
2010	2	27.039	1013.788	-6.178	0.887
2010	3	27.374	1014.183	-8.299	0.862
2010	4	27.325	1014.807	-7.376	0.767
2010	5	27.363	1014.086	-4.133	-0.052
2010	6	26.846	1015.412	-5.307	-0.922
2010	7	26.194	1014.69	-6.055	-0.422
2010	8	26.026	1014.427	-5.147	-0.579
2010	9	26.196	1013.704	-4.901	-1.064
2010	10	26.767	1013.795	-5.671	-0.16
2010	11	27.076	1012.568	-6.543	-0.698
2010	12	26.674	1010.562	-4.667	-0.713
2011	1	26.487	1011.745	-6.946	0.097
2011	2	26.431	1012.57	-6.267	-0.529
2011	3	26.332	1013.483	-7.011	0.309
2011	4	26.667	1013.689	-5.978	-1.128
2011	5	26.632	1014.414	-6.965	-0.314
2011	6	25.954	1014.091	-7.385	-0.208
2011	7	25.103	1013.443	-3.312	1.542
2011	8	24.717	1013.706	-2.259	2.296
2011	9	24.772	1013.952	-1.516	2.895
2011	10	26.032	1012.875	-6.535	1.727
2011	11	26.372	1013.206	-7.996	0.74
2011	12	27.013	1013.048	-8.108	-1.191
2012	1	26.67	1013.103	-5.824	-0.196
2012	2	26.425	1014.177	-6.882	0.395
2012	3	26.947	1012.67	-7.188	-0.382
2012	4	26.835	1014.012	-5.572	-0.303
2012	5	26.768	1014.063	-4.403	-0.751
2012	6	25.631	1014.06	-5.345	0.533
2012	7	25.134	1013.008	-3.241	0.865
2012	8	24.501	1013.713	-1.706	1.968
2012	9	25.054	1013.291	-4.228	2.158
2012	10	26.076	1012.37	-4.571	1.172
2012	11	27.103	1012.243	-6.212	0.496
2012	12	26.919	1011.084	-6.714	-0.313
2013	1	26.57	1012.254	-7.042	1.032
2013	2	27.046	1014.32	-8.318	-0.073
2013	3	26.907	1013.932	-7.091	0.8
2013	4	27.584	1013.528	-4.676	0.609
2013	5	27.113	1014.209	-3.356	-0.717
2013	6	26.614	1013.521	-5.655	-1.045
2013	7	26.025	1013.448	-3.397	0.186
2013	8	25.534	1013.302	-3.067	-0.116
2013	9	25.568	1013.023	-1.511	0.24
2013	10	26.222	1012.465	-6.111	0.116
2013	11	26.86	1012.398	-7.579	0.757
2013	12	26.689	1011.769	-6.352	-0.183
2014	1	26.103	1011.849	-7.415	0.551
2014	2	26.325	1011.104	-5.969	-0.301
2014	3	26.845	1013.588	-6.668	0.563
2014	4	27.306	1014.208	-5.193	0.078
2014	5	27.562	1013.649	-4.886	0.257
2014	6	26.95	1013.619	-3.816	-0.12
2014	7	25.748	1013.583	-6.295	-0.011
2014	8	25.79	1012.898	-3.859	0.019
2014	9	25.254	1012.602	-3.501	0.721
2014	10	25.957	1012.272	-6.398	1.045
2014	11	NA	NA	NA	NA
2014	12	NA	NA	NA	NA
2015	1	NA	NA	NA	NA
2015	2	NA	NA	NA	NA
2015	3	NA	NA	NA	NA
2015	4	NA	NA	NA	NA
2015	5	NA	NA	NA	NA
2015	6	NA	NA	NA	NA
2015	7	NA	NA	NA	NA
2015	8	NA	NA	NA	NA
2015	9	NA	NA	NA	NA
2015	10	NA	NA	NA	NA
2015	11	NA	NA	NA	NA
2015	12	NA	NA	NA	NA
