1948	1	NA	NA	NA	NA	NA
1948	2	NA	NA	NA	NA	NA
1948	3	NA	NA	NA	NA	NA
1948	4	NA	NA	NA	NA	NA
1948	5	NA	NA	NA	NA	NA
1948	6	NA	NA	NA	NA	NA
1948	7	NA	NA	NA	NA	NA
1948	8	NA	NA	NA	NA	NA
1948	9	NA	NA	NA	NA	NA
1948	10	NA	NA	NA	NA	NA
1948	11	NA	NA	NA	NA	NA
1948	12	NA	NA	NA	NA	NA
1949	1	NA	NA	NA	NA	NA
1949	2	NA	NA	NA	NA	NA
1949	3	NA	NA	NA	NA	NA
1949	4	NA	NA	NA	NA	NA
1949	5	NA	NA	NA	NA	NA
1949	6	NA	NA	NA	NA	NA
1949	7	NA	NA	NA	NA	NA
1949	8	NA	NA	NA	NA	NA
1949	9	NA	NA	NA	NA	NA
1949	10	NA	NA	NA	NA	NA
1949	11	NA	NA	NA	NA	NA
1949	12	NA	NA	NA	NA	NA
1950	1	NA	NA	NA	NA	NA
1950	2	NA	NA	NA	NA	NA
1950	3	NA	NA	NA	NA	NA
1950	4	NA	NA	NA	NA	NA
1950	5	NA	NA	NA	NA	NA
1950	6	NA	NA	NA	NA	NA
1950	7	NA	NA	NA	NA	NA
1950	8	NA	NA	NA	NA	NA
1950	9	NA	NA	NA	NA	NA
1950	10	NA	NA	NA	NA	NA
1950	11	NA	NA	NA	NA	NA
1950	12	NA	NA	NA	NA	NA
1951	1	NA	NA	NA	NA	NA
1951	2	NA	NA	NA	NA	NA
1951	3	NA	NA	NA	NA	NA
1951	4	NA	NA	NA	NA	NA
1951	5	NA	NA	NA	NA	NA
1951	6	NA	NA	NA	NA	NA
1951	7	NA	NA	NA	NA	NA
1951	8	NA	NA	NA	NA	NA
1951	9	NA	NA	NA	NA	NA
1951	10	NA	NA	NA	NA	NA
1951	11	NA	NA	NA	NA	NA
1951	12	NA	NA	NA	NA	NA
1952	1	NA	NA	NA	NA	NA
1952	2	NA	NA	NA	NA	NA
1952	3	NA	NA	NA	NA	NA
1952	4	NA	NA	NA	NA	NA
1952	5	NA	NA	NA	NA	NA
1952	6	NA	NA	NA	NA	NA
1952	7	NA	NA	NA	NA	NA
1952	8	NA	NA	NA	NA	NA
1952	9	NA	NA	NA	NA	NA
1952	10	NA	NA	NA	NA	NA
1952	11	NA	NA	NA	NA	NA
1952	12	NA	NA	NA	NA	NA
1953	1	NA	NA	NA	NA	NA
1953	2	NA	NA	NA	NA	NA
1953	3	NA	NA	NA	NA	NA
1953	4	NA	NA	NA	NA	NA
1953	5	NA	NA	NA	NA	NA
1953	6	NA	NA	NA	NA	NA
1953	7	NA	NA	NA	NA	NA
1953	8	NA	NA	NA	NA	NA
1953	9	NA	NA	NA	NA	NA
1953	10	NA	NA	NA	NA	NA
1953	11	NA	NA	NA	NA	NA
1953	12	NA	NA	NA	NA	NA
1954	1	NA	NA	NA	NA	NA
1954	2	NA	NA	NA	NA	NA
1954	3	NA	NA	NA	NA	NA
1954	4	NA	NA	NA	NA	NA
1954	5	NA	NA	NA	NA	NA
1954	6	NA	NA	NA	NA	NA
1954	7	NA	NA	NA	NA	NA
1954	8	NA	NA	NA	NA	NA
1954	9	NA	NA	NA	NA	NA
1954	10	NA	NA	NA	NA	NA
1954	11	NA	NA	NA	NA	NA
1954	12	NA	NA	NA	NA	NA
1955	1	NA	NA	NA	NA	NA
1955	2	NA	NA	NA	NA	NA
1955	3	NA	NA	NA	NA	NA
1955	4	NA	NA	NA	NA	NA
1955	5	NA	NA	NA	NA	NA
1955	6	NA	NA	NA	NA	NA
1955	7	NA	NA	NA	NA	NA
1955	8	NA	NA	NA	NA	NA
1955	9	NA	NA	NA	NA	NA
1955	10	NA	NA	NA	NA	NA
1955	11	NA	NA	NA	NA	NA
1955	12	NA	NA	NA	NA	NA
1956	1	NA	NA	NA	NA	NA
1956	2	NA	NA	NA	NA	NA
1956	3	NA	NA	NA	NA	NA
1956	4	NA	NA	NA	NA	NA
1956	5	NA	NA	NA	NA	NA
1956	6	NA	NA	NA	NA	NA
1956	7	NA	NA	NA	NA	NA
1956	8	NA	NA	NA	NA	NA
1956	9	NA	NA	NA	NA	NA
1956	10	NA	NA	NA	NA	NA
1956	11	NA	NA	NA	NA	NA
1956	12	NA	NA	NA	NA	NA
1957	1	NA	NA	NA	NA	NA
1957	2	NA	NA	NA	NA	NA
1957	3	NA	NA	NA	NA	NA
1957	4	NA	NA	NA	NA	NA
1957	5	NA	NA	NA	NA	NA
1957	6	NA	NA	NA	NA	NA
1957	7	NA	NA	NA	NA	NA
1957	8	NA	NA	NA	NA	NA
1957	9	NA	NA	NA	NA	NA
1957	10	NA	NA	NA	NA	NA
1957	11	NA	NA	NA	NA	NA
1957	12	NA	NA	NA	NA	NA
1958	1	NA	NA	NA	NA	NA
1958	2	NA	NA	NA	NA	NA
1958	3	NA	NA	NA	NA	NA
1958	4	NA	NA	NA	NA	NA
1958	5	NA	NA	NA	NA	NA
1958	6	NA	NA	NA	NA	NA
1958	7	NA	NA	NA	NA	NA
1958	8	NA	NA	NA	NA	NA
1958	9	NA	NA	NA	NA	NA
1958	10	NA	NA	NA	NA	NA
1958	11	NA	NA	NA	NA	NA
1958	12	NA	NA	NA	NA	NA
1959	1	NA	NA	NA	NA	NA
1959	2	NA	NA	NA	NA	NA
1959	3	NA	NA	NA	NA	NA
1959	4	NA	NA	NA	NA	NA
1959	5	NA	NA	NA	NA	NA
1959	6	NA	NA	NA	NA	NA
1959	7	NA	NA	NA	NA	NA
1959	8	NA	NA	NA	NA	NA
1959	9	NA	NA	NA	NA	NA
1959	10	NA	NA	NA	NA	NA
1959	11	NA	NA	NA	NA	NA
1959	12	NA	NA	NA	NA	NA
1960	1	NA	NA	NA	NA	NA
1960	2	NA	NA	NA	NA	NA
1960	3	NA	NA	NA	NA	NA
1960	4	NA	NA	NA	NA	NA
1960	5	NA	NA	NA	NA	NA
1960	6	NA	NA	NA	NA	NA
1960	7	NA	NA	NA	NA	NA
1960	8	NA	NA	NA	NA	NA
1960	9	NA	NA	NA	NA	NA
1960	10	NA	NA	NA	NA	NA
1960	11	NA	NA	NA	NA	NA
1960	12	NA	NA	NA	NA	NA
1961	1	29.579	1006.747	-2.258	-3.986	9.5
1961	2	29.917	1003.645	0.457	-2.995	48.8
1961	3	32.860	1004.897	1.848	-2.807	88.5
1961	4	35.834	1003.050	2.060	0.008	111.7
1961	5	36.940	1003.295	2.135	-0.686	175.1
1961	6	24.346	1004.603	0.345	-0.919	972.9
1961	7	23.882	1005.063	0.417	0.424	654.9
1961	8	24.562	1003.758	1.174	-0.474	632.2
1961	9	24.581	1004.067	-0.558	0.232	761.1
1961	10	21.833	1005.502	0.257	0.636	195.0
1961	11	18.445	1008.418	-1.068	-1.900	26.4
1961	12	26.454	1005.437	1.932	-3.605	16.6
1962	1	26.695	1007.608	-1.805	-4.902	11.4
1962	2	26.072	1006.650	-2.361	-2.380	37.2
1962	3	35.031	1004.152	-1.434	-3.174	62.3
1962	4	38.757	1003.213	-1.294	0.728	19.8
1962	5	30.138	1004.167	0.141	-0.022	491.1
1962	6	25.451	1004.947	-0.454	1.090	506.4
1962	7	24.619	1004.135	-0.958	1.001	779.8
1962	8	24.463	1003.532	-0.987	1.830	793.8
1962	9	25.163	1003.833	-0.441	1.084	683.5
1962	10	21.284	1005.603	1.288	-0.070	119.0
1962	11	18.067	1007.212	-0.698	-1.502	12.9
1962	12	20.383	1007.047	-0.558	-2.392	13.4
1963	1	27.811	1008.712	-1.172	-4.331	5.8
1963	2	31.215	1005.905	-1.606	-3.349	29.4
1963	3	30.353	1006.148	2.475	-2.586	79.5
1963	4	37.192	1004.278	-1.823	-2.165	82.4
1963	5	32.328	1002.658	2.345	1.297	442.0
1963	6	26.381	1003.647	2.210	0.665	480.8
1963	7	24.624	1003.123	-0.032	1.152	1163.7
1963	8	24.826	1004.010	-1.733	0.368	721.0
1963	9	25.455	1003.130	0.458	1.013	912.0
1963	10	21.526	1004.793	0.080	-0.018	335.2
1963	11	19.099	1005.963	1.065	-0.408	88.9
1963	12	19.378	1006.513	-0.721	-4.111	8.1
1964	1	25.838	1007.428	-2.873	-3.290	2.8
1964	2	34.030	1005.457	-0.729	-2.040	8.6
1964	3	34.360	1005.318	0.544	-2.891	63.9
1964	4	34.768	1003.282	0.719	-1.345	131.6
1964	5	31.235	1002.473	2.590	-1.051	1125.2
1964	6	24.334	1005.848	-1.032	0.482	835.7
1964	7	23.643	1004.670	-2.022	1.630	729.0
1964	8	24.867	1004.767	-1.686	0.570	679.5
1964	9	24.896	1004.440	-1.431	-1.474	730.2
1964	10	23.314	1005.427	0.997	1.182	383.3
1964	11	18.016	1007.022	0.882	-1.176	42.1
1964	12	21.365	1007.893	-1.834	-4.187	3.4
1965	1	25.723	1006.240	1.009	-4.840	33.5
1965	2	27.749	1007.630	-2.476	-4.738	38.6
1965	3	32.036	1004.492	0.554	-4.045	60.5
1965	4	35.742	1003.120	0.031	-1.042	66.3
1965	5	31.084	1005.468	0.165	-0.030	490.8
1965	6	24.712	1005.273	-2.924	0.936	242.1
1965	7	25.074	1002.968	-0.907	0.539	625.2
1965	8	24.645	1005.523	-2.110	-0.268	493.5
1965	9	25.316	1004.353	-1.452	-0.521	420.5
1965	10	22.293	1005.998	0.754	0.638	115.5
1965	11	20.900	1006.625	-1.497	-0.165	61.7
1965	12	19.329	1008.732	-1.875	-2.948	39.0
1966	1	22.230	1008.213	-2.901	-1.754	2.7
1966	2	29.385	1008.167	-1.989	-3.901	6.3
1966	3	36.631	1006.197	-1.788	-2.863	21.3
1966	4	37.193	1005.335	-0.019	-0.373	76.9
1966	5	37.306	1004.330	0.142	-0.345	318.4
1966	6	27.160	1005.672	-0.821	2.098	756.5
1966	7	24.720	1004.755	-1.880	-0.513	631.9
1966	8	24.746	1004.343	-1.614	0.916	1052.3
1966	9	25.463	1004.790	-1.324	0.331	424.2
1966	10	25.268	1006.157	-2.056	0.237	161.6
1966	11	22.440	1004.808	-1.238	-0.219	36.1
1966	12	17.603	1008.778	-1.758	-3.268	21.4
1967	1	25.008	1007.193	-0.829	-4.318	21.8
1967	2	26.965	1007.318	-1.043	-4.470	37.3
1967	3	37.150	1004.558	4.015	-3.026	18.0
1967	4	36.485	1004.712	2.134	-0.435	67.9
1967	5	32.035	1003.755	-1.036	0.883	551.9
1967	6	25.665	1003.583	-1.095	0.497	686.1
1967	7	24.029	1005.115	-2.165	-0.471	984.8
1967	8	24.573	1004.555	-1.540	-0.170	622.2
1967	9	26.037	1003.378	-1.905	0.230	454.2
1967	10	21.366	1006.332	-1.953	-0.293	162.8
1967	11	19.388	1006.788	-0.004	-1.025	3.0
1967	12	21.085	1009.198	-3.495	-3.171	4.0
1968	1	20.554	1011.090	-2.834	-4.686	2.1
1968	2	32.418	1006.435	-0.630	-4.214	3.2
1968	3	34.959	1005.813	-1.186	-3.874	38.4
1968	4	39.364	1004.212	0.738	-0.218	68.8
1968	5	35.055	1004.292	-1.189	-0.404	316.4
1968	6	25.201	1004.737	-2.794	0.911	905.7
1968	7	23.773	1005.242	-1.514	0.950	697.6
1968	8	23.850	1004.603	-1.569	0.952	599.6
1968	9	24.778	1004.607	-1.803	0.318	1083.6
1968	10	19.992	1006.157	-0.280	-0.433	103.1
1968	11	24.143	1006.160	-0.936	-1.437	6.7
1968	12	27.656	1006.593	-0.413	-1.174	22.3
1969	1	25.676	1006.065	-0.717	-2.708	13.9
1969	2	26.696	1008.040	1.571	-3.811	15.5
1969	3	36.447	1002.898	3.425	-2.243	27.3
1969	4	37.162	1004.258	0.933	-1.649	83.0
1969	5	34.153	1003.270	1.092	0.427	157.7
1969	6	25.041	1004.415	1.047	0.380	534.1
1969	7	23.724	1004.392	-2.235	-0.762	538.9
1969	8	25.837	1002.903	-1.305	0.639	708.7
1969	9	24.562	1005.055	-1.906	-1.118	876.4
1969	10	22.615	1005.470	-1.447	-0.028	77.7
1969	11	20.916	1005.922	-1.236	-2.993	54.5
1969	12	20.582	1007.095	0.790	-4.599	95.5
1970	1	24.845	1006.695	1.440	-3.885	31.8
1970	2	24.679	1006.082	-2.119	-3.500	14.4
1970	3	33.332	1004.578	-0.393	-2.933	102.9
1970	4	30.666	1003.538	2.529	-0.690	292.9
1970	5	30.479	1002.863	-0.761	-1.218	303.4
1970	6	26.160	1005.593	-1.815	-0.869	537.2
1970	7	25.301	1005.592	-2.005	-0.614	688.6
1970	8	24.785	1003.473	-2.438	0.464	1016.1
1970	9	24.940	1003.552	-1.249	0.703	587.6
1970	10	22.000	1005.360	0.185	0.041	46.5
1970	11	19.618	1007.115	-1.431	-1.036	13.4
1970	12	24.744	1007.643	-1.328	-3.747	24.0
1971	1	29.574	1007.685	-2.984	-3.715	13.4
1971	2	30.803	1006.317	0.515	-4.258	67.4
1971	3	28.823	1005.418	-0.099	-2.231	71.3
1971	4	33.858	1004.082	0.423	-0.579	172.9
1971	5	31.447	1003.503	2.679	-1.850	350.1
1971	6	24.818	1005.633	0.451	0.511	691.1
1971	7	24.504	1004.255	-1.474	-0.892	429.6
1971	8	24.679	1004.287	-0.881	1.049	743.7
1971	9	24.337	1004.347	-0.654	0.413	591.6
1971	10	22.113	1006.320	-1.517	0.352	295.5
1971	11	19.908	1008.143	-0.427	-1.779	36.8
1971	12	23.035	1008.775	-2.312	-4.521	27.8
1972	1	26.145	1007.145	-1.512	-4.655	30.6
1972	2	27.719	1007.523	-0.500	-3.903	61.3
1972	3	36.329	1005.752	-0.925	-2.802	37.1
1972	4	36.875	1004.473	2.463	-0.242	122.5
1972	5	26.524	1003.697	0.622	0.213	943.5
1972	6	25.575	1004.717	-0.950	-0.168	864.8
1972	7	24.496	1004.032	0.191	0.265	916.6
1972	8	25.198	1003.795	-1.492	0.265	486.3
1972	9	25.593	1003.537	-1.821	-0.241	512.3
1972	10	22.097	1004.783	-1.315	-1.291	180.8
1972	11	18.296	1005.515	0.656	-1.067	65.9
1972	12	15.691	1006.872	-2.584	-1.398	2.4
1973	1	23.124	1007.320	-1.907	-3.894	6.0
1973	2	31.334	1005.042	0.343	-3.367	24.6
1973	3	36.202	1003.445	2.767	-2.564	30.9
1973	4	31.199	1003.073	2.830	-2.257	164.7
1973	5	33.193	1005.395	1.191	-0.479	150.4
1973	6	25.050	1003.857	-1.910	-0.181	631.3
1973	7	24.593	1005.303	-1.862	0.888	346.0
1973	8	26.716	1002.777	-1.236	-0.050	729.3
1973	9	24.497	1003.503	-0.457	0.463	699.0
1973	10	21.281	1003.832	1.126	-0.354	105.6
1973	11	21.679	1006.977	-1.702	-1.900	55.8
1973	12	18.840	1007.625	-0.450	-2.502	5.5
1974	1	23.770	1007.012	-0.752	-3.429	21.9
1974	2	24.376	1007.520	-1.816	-4.057	18.5
1974	3	36.028	1003.908	-0.842	-2.132	76.0
1974	4	37.559	1005.283	-1.038	-0.768	62.4
1974	5	28.378	1003.522	-0.104	-0.145	686.7
1974	6	24.175	1005.022	-0.688	-1.328	639.0
1974	7	24.715	1004.707	-2.256	0.417	986.4
1974	8	25.227	1004.825	-1.352	1.363	501.4
1974	9	25.652	1004.817	-0.775	0.019	639.7
1974	10	23.882	1005.795	-1.804	-0.482	90.6
1974	11	24.813	1005.927	-1.335	-0.478	73.7
1974	12	25.643	1007.233	0.157	-0.601	12.8
1975	1	27.278	1007.032	-0.473	-4.075	6.0
1975	2	28.492	1006.640	1.564	-3.665	45.3
1975	3	31.894	1005.067	0.357	-2.239	74.2
1975	4	37.103	1003.737	1.283	-1.403	51.1
1975	5	30.395	1003.487	-0.156	-0.507	531.6
1975	6	24.672	1004.805	0.510	1.812	743.4
1975	7	24.992	1005.725	-1.749	0.175	811.3
1975	8	25.471	1005.175	-1.757	1.250	526.3
1975	9	26.006	1004.422	-0.791	0.959	918.9
1975	10	21.952	1005.557	-0.811	0.414	264.2
1975	11	18.604	1007.533	-2.274	-1.034	7.1
1975	12	25.794	1005.858	-0.538	-1.317	19.3
1976	1	19.468	1010.268	-2.622	-1.886	4.1
1976	2	30.262	1007.305	-2.606	-2.727	4.2
1976	3	34.703	1006.152	-0.221	-0.807	42.8
1976	4	36.873	1005.933	-1.081	-1.262	84.1
1976	5	37.892	1003.962	1.127	-0.333	234.7
1976	6	26.601	1005.240	0.141	-0.939	913.3
1976	7	24.305	1006.317	-2.341	0.590	800.8
1976	8	25.069	1004.610	-1.773	0.410	849.7
1976	9	25.707	1004.988	-0.256	0.738	436.2
1976	10	17.947	1006.503	-0.202	-0.500	358.5
1976	11	24.100	1007.427	-0.790	-0.962	4.8
1976	12	24.085	1008.370	-3.084	-2.161	7.7
1977	1	28.178	1007.465	-1.868	-4.654	17.4
1977	2	32.438	1007.947	-1.897	-4.185	10.6
1977	3	36.315	1004.685	2.216	-0.763	11.8
1977	4	36.547	1005.143	-2.056	-0.446	114.2
1977	5	33.399	1004.720	-0.605	1.487	320.8
1977	6	25.618	1005.163	-0.553	0.136	604.2
1977	7	24.211	1003.812	-1.387	-0.545	1340.5
1977	8	25.278	1004.592	-0.018	0.543	625.8
1977	9	27.433	1004.093	-0.017	-0.155	481.7
1977	10	22.826	1006.260	-1.508	0.560	437.1
1977	11	19.489	1006.933	-1.229	-2.133	18.9
1977	12	24.610	1008.415	-2.131	-3.687	4.7
1978	1	27.841	1008.380	-2.600	-3.088	23.2
1978	2	29.374	1007.180	-0.238	-5.022	14.7
1978	3	35.201	1005.422	3.243	-0.569	18.2
1978	4	35.347	1004.278	0.131	-2.923	77.8
1978	5	34.507	1003.673	-0.156	-0.305	296.6
1978	6	25.036	1004.987	-1.548	1.678	690.4
1978	7	23.952	1005.438	-1.392	1.731	583.5
1978	8	26.210	1004.948	-2.123	1.859	352.3
1978	9	24.887	1004.918	0.100	1.537	1118.9
1978	10	23.975	1006.237	-1.591	0.446	175.9
1978	11	26.827	1006.175	-1.363	-0.857	66.2
1978	12	18.889	1009.925	-2.698	-2.725	10.7
1979	1	23.995	1007.157	-1.461	-1.952	36.7
1979	2	19.934	1009.133	-3.653	-2.147	2.7
1979	3	36.104	1004.717	-1.699	-1.433	15.6
1979	4	37.372	1005.558	-1.101	-0.740	48.9
1979	5	30.521	1005.557	-0.864	1.297	602.0
1979	6	26.727	1005.518	-3.214	1.797	418.2
1979	7	25.174	1004.942	-0.119	1.325	646.0
1979	8	24.966	1005.258	-1.554	0.889	630.4
1979	9	26.636	1003.907	-0.929	0.601	748.3
1979	10	21.938	1004.975	-0.314	0.334	394.1
1979	11	15.864	1006.757	-2.611	-1.638	31.4
1979	12	17.875	1008.177	-2.092	-2.571	3.5
1980	1	26.823	1007.640	-1.960	-2.471	14.7
1980	2	33.572	1005.958	0.175	-3.279	3.1
1980	3	35.483	1004.983	2.084	-2.089	34.2
1980	4	37.864	1004.178	2.333	-1.565	26.7
1980	5	32.774	1004.842	1.581	0.994	385.4
1980	6	25.744	1003.643	-1.521	0.258	1147.9
1980	7	24.823	1003.930	-0.852	2.230	985.8
1980	8	25.157	1004.273	-0.720	0.356	786.0
1980	9	24.911	1004.400	-1.144	0.656	425.0
1980	10	22.473	1006.182	-1.314	-0.181	242.9
1980	11	20.785	1005.042	-0.485	-1.358	15.9
1980	12	22.512	1007.125	0.821	-2.051	3.1
1981	1	24.514	1009.713	-4.358	-2.299	5.7
1981	2	28.705	1006.595	-0.985	-1.775	25.1
1981	3	34.891	1005.733	-0.013	-2.548	44.7
1981	4	35.372	1005.550	-0.235	0.768	79.8
1981	5	31.728	1005.478	0.269	0.578	983.0
1981	6	25.764	1005.900	-1.909	-0.210	597.8
1981	7	24.792	1005.315	-2.749	3.421	742.8
1981	8	24.586	1005.205	-2.318	1.690	652.5
1981	9	27.953	1004.278	-1.924	-0.014	331.3
1981	10	22.530	1005.592	0.275	-0.066	328.4
1981	11	22.084	1005.740	0.153	-0.992	85.5
1981	12	27.080	1006.332	-0.980	-2.035	4.1
1982	1	19.175	1009.085	-2.367	-1.575	81.3
1982	2	29.828	1006.718	-0.724	-3.305	18.0
1982	3	33.986	1005.358	0.392	-3.144	24.4
1982	4	38.690	1003.165	-0.680	-1.206	150.2
1982	5	32.389	1004.413	0.356	0.707	344.8
1982	6	25.422	1004.353	-0.265	0.667	715.7
1982	7	25.274	1004.755	0.118	-0.580	940.6
1982	8	25.405	1004.495	-1.894	1.705	457.6
1982	9	26.326	1005.067	-2.849	0.963	283.0
1982	10	23.950	1004.440	-1.905	0.978	212.7
1982	11	20.418	1005.623	-0.346	0.210	14.3
1982	12	18.351	1008.770	-1.888	-2.003	0.4
1983	1	29.840	1007.150	-1.243	-4.202	17.1
1983	2	32.001	1006.060	-0.677	-2.800	10.7
1983	3	35.305	1004.605	1.346	-2.163	36.6
1983	4	38.280	1005.203	-0.341	-1.303	37.8
1983	5	36.347	1002.990	-0.920	0.165	239.6
1983	6	26.223	1003.922	0.191	0.443	876.0
1983	7	25.479	1003.545	1.120	0.827	774.7
1983	8	25.236	1003.898	-1.196	0.860	512.4
1983	9	24.663	1003.603	-0.948	0.379	883.0
1983	10	22.942	1003.378	1.442	-0.026	297.8
1983	11	19.745	1004.760	4.429	-1.577	125.6
1983	12	13.087	1007.442	-2.503	-2.053	7.5
1984	1	18.892	1009.232	-2.605	-4.329	8.0
1984	2	33.584	1006.915	-1.825	-4.257	16.0
1984	3	33.239	1003.943	1.874	-2.977	87.7
1984	4	33.256	1003.607	1.591	-2.920	89.8
1984	5	32.991	1003.355	1.119	-3.089	406.7
1984	6	24.777	1004.887	1.936	-2.456	254.9
1984	7	23.830	1004.707	-2.018	-1.485	1086.0
1984	8	25.502	1004.713	-1.041	-0.454	476.4
1984	9	26.207	1004.507	1.942	-0.682	235.3
1984	10	20.892	1003.617	0.856	0.033	253.9
1984	11	16.232	1006.428	-1.289	-1.157	95.1
1984	12	24.600	1006.225	-1.030	-4.286	12.0
1985	1	26.590	1007.532	-1.095	-3.294	0.8
1985	2	30.619	1007.593	-1.242	-4.517	12.0
1985	3	36.327	1003.890	0.416	-1.363	66.7
1985	4	38.237	1004.267	0.325	-1.163	29.7
1985	5	37.370	1004.752	-1.669	-0.462	253.6
1985	6	27.002	1003.855	0.809	0.057	681.0
1985	7	24.397	1004.608	-2.311	1.583	890.4
1985	8	25.092	1003.805	-1.734	-0.121	442.0
1985	9	25.269	1003.325	-0.996	1.158	891.5
1985	10	23.142	1005.195	-1.897	0.714	273.0
1985	11	21.567	1005.752	0.264	-0.906	132.3
1985	12	17.862	1009.547	-1.135	-0.591	10.5
1986	1	15.849	1009.727	-2.313	-2.213	1.0
1986	2	24.447	1006.848	-2.408	-3.016	3.5
1986	3	35.167	1006.293	0.824	-2.542	34.2
1986	4	35.421	1005.950	0.807	-1.361	62.9
1986	5	33.302	1004.402	-1.076	1.660	200.6
1986	6	25.327	1005.175	-1.462	1.099	356.8
1986	7	24.621	1004.062	-1.416	1.342	820.5
1986	8	26.423	1004.915	-2.383	-0.146	291.4
1986	9	25.188	1005.345	-2.083	-0.096	1043.0
1986	10	21.322	1004.780	0.354	-0.051	485.1
1986	11	21.171	1006.432	0.321	-2.418	81.0
1986	12	18.497	1006.957	-0.532	-4.792	28.3
1987	1	23.349	1008.960	-1.984	-4.803	8.9
1987	2	30.194	1007.442	0.505	-5.060	7.0
1987	3	35.810	1005.138	-1.347	-3.252	32.6
1987	4	38.447	1004.702	0.162	-3.015	48.4
1987	5	35.981	1003.220	0.937	-0.653	595.5
1987	6	25.308	1004.810	0.202	-0.768	1072.8
1987	7	25.209	1004.288	-1.260	-0.058	973.5
1987	8	25.958	1004.552	-1.290	0.093	360.9
1987	9	26.064	1002.967	-1.827	0.495	812.6
1987	10	21.600	1004.635	0.886	-0.739	89.5
1987	11	19.688	1004.937	1.411	-0.883	64.2
1987	12	22.228	1004.995	1.824	-2.083	100.2
1988	1	22.760	1007.597	-0.389	-2.355	0.9
1988	2	28.492	1006.320	0.824	-2.158	51.2
1988	3	33.159	1005.072	2.317	-2.328	42.0
1988	4	32.828	1003.065	2.429	-1.219	244.2
1988	5	27.007	1004.612	0.334	-0.110	655.7
1988	6	25.141	1005.115	-0.762	0.466	617.3
1988	7	24.790	1005.070	-1.628	0.628	965.9
1988	8	24.924	1005.075	-1.973	0.536	757.1
1988	9	24.892	1004.990	-1.354	-0.216	815.1
1988	10	19.381	1006.360	-1.668	0.174	247.1
1988	11	21.643	1006.348	-1.004	-3.096	10.7
1988	12	24.706	1008.007	-1.258	-3.905	12.4
1989	1	25.429	1008.278	-3.714	-5.376	22.4
1989	2	27.558	1008.560	-2.093	-2.219	9.2
1989	3	32.551	1007.620	-1.687	-3.569	42.4
1989	4	33.934	1004.515	0.854	0.728	221.6
1989	5	27.503	1005.222	1.995	1.641	682.9
1989	6	24.806	1004.102	0.485	3.282	682.7
1989	7	26.518	1004.205	-0.780	1.378	591.2
1989	8	24.769	1005.083	-2.383	0.685	444.0
1989	9	26.265	1004.095	-1.259	0.653	745.0
1989	10	21.531	1006.183	0.717	0.358	310.5
1989	11	17.762	1007.572	-0.841	-0.818	8.7
1989	12	24.077	1009.297	-2.288	-2.105	3.6
1990	1	30.169	1006.648	-0.579	-2.692	2.1
1990	2	31.223	1006.750	1.892	-5.818	26.2
1990	3	36.089	1004.437	-2.273	-3.541	19.9
1990	4	38.641	1005.723	-0.756	-1.107	93.0
1990	5	35.454	1005.900	-0.306	-1.090	379.8
1990	6	27.616	1004.493	-2.197	-0.323	509.3
1990	7	25.589	1003.287	-1.485	0.266	860.6
1990	8	25.045	1004.283	-2.438	1.005	810.1
1990	9	26.801	1003.850	-0.603	1.384	312.9
1990	10	22.744	1004.690	-0.727	0.851	152.0
1990	11	21.505	1005.998	-0.339	-1.015	4.0
1990	12	25.777	1006.437	-0.195	-0.313	79.3
1991	1	22.487	1007.482	-0.927	-3.037	10.1
1991	2	30.968	1006.758	-1.986	-1.361	7.8
1991	3	35.708	1004.618	0.492	-0.565	38.9
1991	4	36.178	1004.400	2.638	-1.731	48.9
1991	5	34.460	1005.732	-0.811	1.631	267.6
1991	6	25.974	1003.987	-1.075	0.588	983.7
1991	7	26.042	1004.252	-0.908	0.354	495.6
1991	8	25.641	1003.818	-1.226	0.769	863.0
1991	9	25.030	1004.458	-1.706	1.077	764.5
1991	10	23.109	1002.952	-0.984	0.796	102.7
1991	11	21.823	1006.318	-0.909	-1.068	39.1
1991	12	19.047	1008.422	0.177	-3.365	59.3
1992	1	20.606	1008.685	-3.096	-4.144	27.7
1992	2	25.535	1007.718	-3.688	-2.750	19.6
1992	3	33.630	1005.433	0.396	-1.904	21.7
1992	4	34.299	1004.928	-0.289	0.462	95.3
1992	5	34.394	1005.340	-0.203	1.927	233.8
1992	6	24.750	1006.013	-2.460	1.479	908.8
1992	7	24.772	1005.575	-2.683	1.636	794.3
1992	8	26.247	1005.578	-2.050	2.098	521.2
1992	9	26.084	1004.568	-0.580	1.014	622.4
1992	10	25.244	1006.050	-1.592	-0.013	219.0
1992	11	23.522	1006.903	-0.087	-1.299	162.7
1992	12	16.925	1008.790	-1.121	-0.300	38.7
1993	1	26.009	1007.835	-2.174	-1.538	1.6
1993	2	31.715	1007.347	-1.268	-2.348	1.5
1993	3	36.572	1005.592	0.051	-3.671	19.8
1993	4	37.515	1003.277	0.000	-3.569	159.5
1993	5	39.916	1004.253	-1.370	-0.372	104.6
1993	6	25.184	1003.662	-1.179	1.124	1662.5
1993	7	24.770	1003.885	-0.619	0.410	1097.6
1993	8	25.501	1004.000	-1.577	1.333	593.5
1993	9	26.504	1003.697	-2.296	-0.198	259.2
1993	10	21.119	1004.817	-0.219	0.426	440.4
1993	11	18.997	1005.247	-1.133	-1.615	10.5
1993	12	22.325	1006.255	-1.628	-2.458	6.5
1994	1	27.907	1006.157	-0.115	-2.141	13.6
1994	2	31.611	1006.332	-2.141	-3.499	7.0
1994	3	35.241	1003.682	2.350	-2.361	51.0
1994	4	28.994	1002.452	3.552	-1.164	215.0
1994	5	25.983	1004.205	-0.285	-1.615	532.7
1994	6	24.823	1004.417	-1.119	-1.661	430.6
1994	7	24.570	1004.988	-0.841	-1.306	738.4
1994	8	25.244	1004.187	-2.330	-0.651	1102.3
1994	9	24.998	1004.035	-0.046	-0.381	670.1
1994	10	18.935	1004.288	0.644	-0.767	213.8
1994	11	18.509	1006.207	-2.120	-1.195	52.8
1994	12	25.695	1005.530	-0.002	-3.315	33.7
1995	1	21.581	1007.060	-1.189	-1.359	13.3
1995	2	29.952	1004.562	-0.018	-3.536	10.9
1995	3	33.606	1004.767	1.251	-2.667	63.4
1995	4	36.103	1004.055	3.513	-2.299	252.8
1995	5	29.037	1003.472	2.361	-1.544	889.0
1995	6	24.552	1004.990	0.320	-1.623	884.4
1995	7	25.801	1004.608	1.359	-0.966	277.4
1995	8	25.681	1003.763	2.408	-0.184	671.6
1995	9	24.637	1003.648	1.608	-0.270	763.6
1995	10	23.633	1002.978	4.090	0.024	465.8
1995	11	20.301	1004.332	-0.037	-1.225	91.9
1995	12	13.148	1006.247	0.249	-1.611	24.0
1996	1	19.442	1007.315	-1.171	-2.471	59.0
1996	2	21.232	1006.893	0.596	-0.521	26.4
1996	3	34.177	1004.828	0.983	-1.991	45.8
1996	4	34.682	1003.132	0.547	-0.023	63.4
1996	5	34.435	1005.167	-0.385	1.249	132.6
1996	6	31.539	1004.315	-0.192	1.855	165.7
1996	7	24.563	1004.618	-1.204	1.144	790.4
1996	8	24.783	1004.825	-1.319	1.112	659.9
1996	9	25.928	1003.382	-0.962	0.935	530.6
1996	10	19.937	1003.700	-0.115	0.285	164.5
1996	11	14.687	1007.558	0.074	-0.739	84.0
1996	12	17.245	1007.473	-0.189	-2.651	2.0
1997	1	26.059	1007.778	-2.677	-2.150	13.6
1997	2	29.038	1007.460	-1.017	-2.980	10.6
1997	3	36.856	1006.118	-1.702	-2.115	25.8
1997	4	38.486	1004.860	-1.410	-0.657	62.3
1997	5	34.828	1004.273	-0.877	0.422	548.5
1997	6	26.818	1004.353	-0.491	1.281	702.6
1997	7	24.390	1005.265	-1.752	0.787	997.7
1997	8	25.776	1004.592	-0.584	0.369	460.4
1997	9	25.300	1003.560	-0.628	1.367	489.3
1997	10	20.541	1005.075	-0.498	0.293	405.8
1997	11	15.884	1008.047	-1.651	-1.269	5.3
1997	12	16.282	1008.477	-1.163	-1.127	9.2
1998	1	20.643	1009.543	-2.237	-4.347	0.1
1998	2	30.927	1008.292	-2.189	-3.873	10.2
1998	3	35.251	1005.968	-1.471	-2.423	51.2
1998	4	33.834	1004.723	-1.383	-1.450	108.9
1998	5	33.792	1004.918	1.196	-0.134	605.0
1998	6	25.106	1005.358	-1.624	1.249	958.2
1998	7	24.461	1005.658	-1.619	1.011	1042.5
1998	8	24.934	1004.518	-1.503	-0.331	781.7
1998	9	25.755	1003.713	-0.046	0.866	586.0
1998	10	24.622	1006.035	-1.489	-0.859	178.6
1998	11	25.253	1006.830	0.163	-1.996	24.2
1998	12	23.765	1006.905	-0.766	-2.925	40.7
1999	1	25.910	1005.463	-0.464	-3.571	2.6
1999	2	33.555	1007.522	-1.369	-3.556	10.6
1999	3	31.494	1005.208	0.474	-3.156	135.9
1999	4	29.683	1004.703	3.071	-0.156	167.2
1999	5	27.326	1005.123	1.627	1.378	727.7
1999	6	25.219	1005.438	-2.284	0.324	923.5
1999	7	24.907	1004.712	0.214	0.650	675.6
1999	8	23.943	1005.515	-1.792	-0.205	786.6
1999	9	25.331	1005.033	-1.530	0.292	489.6
1999	10	24.260	1004.977	-1.028	-0.305	331.7
1999	11	21.982	1005.592	-0.082	-1.323	29.8
1999	12	20.697	1007.898	-0.559	-3.460	48.6
2000	1	28.251	1005.818	0.510	-3.122	9.3
2000	2	31.377	1007.140	-1.012	-3.421	27.7
2000	3	36.490	1006.063	-1.006	-4.599	3.8
2000	4	36.511	1003.862	0.540	-1.300	196.0
2000	5	31.109	1003.822	0.182	-0.426	212.9
2000	6	26.375	1005.778	-0.128	-0.783	449.7
2000	7	24.860	1004.320	-0.999	1.442	1386.9
2000	8	24.987	1004.888	-1.280	0.097	628.5
2000	9	25.327	1004.315	-0.639	0.741	468.7
2000	10	24.481	1004.057	-1.662	-0.127	282.6
2000	11	19.881	1006.587	-0.600	-0.204	34.1
2000	12	21.834	1007.237	1.740	-3.445	14.9
2001	1	26.662	1006.685	-1.697	-2.613	9.9
2001	2	29.182	1006.233	-2.888	-2.157	7.9
2001	3	37.741	1005.562	-1.454	-1.773	11.0
2001	4	35.888	1004.323	-0.076	-0.145	218.1
2001	5	37.145	1003.487	-0.113	-0.955	167.4
2001	6	30.577	1004.497	0.372	1.390	711.0
2001	7	25.396	1004.543	-0.548	1.506	1059.1
2001	8	24.810	1004.785	-2.144	0.534	728.8
2001	9	24.387	1004.227	-1.853	0.689	566.9
2001	10	22.476	1005.383	-1.985	0.820	108.0
2001	11	19.801	1005.560	-0.674	-0.191	46.3
2001	12	22.457	1007.923	-1.035	-0.999	1.5
2002	1	27.465	1007.347	-2.487	-1.724	1.8
2002	2	30.799	1005.447	-1.374	-2.715	47.5
2002	3	33.531	1007.147	-0.566	-3.611	41.9
2002	4	34.520	1004.308	1.474	0.214	77.0
2002	5	35.238	1004.322	-0.386	-0.377	414.9
2002	6	25.481	1005.517	-1.352	-0.935	218.8
2002	7	25.168	1004.793	-1.814	0.376	716.5
2002	8	24.712	1005.147	-2.270	0.379	1166.7
2002	9	25.636	1005.428	-1.080	0.484	959.8
2002	10	23.391	1006.863	-0.458	-1.231	19.8
2002	11	30.760	1007.662	-1.551	-0.934	13.9
2002	12	27.482	1007.443	0.983	-2.957	6.2
2003	1	24.141	1009.410	-3.014	-0.900	26.7
2003	2	32.236	1007.833	-1.975	-1.664	6.2
2003	3	36.803	1005.550	-0.816	-0.974	38.7
2003	4	37.825	1004.723	-0.819	-1.623	62.3
2003	5	39.530	1006.085	-1.350	-0.446	175.3
2003	6	29.480	1004.937	-2.306	-1.164	690.9
2003	7	25.323	1004.365	-1.355	-0.051	778.8
2003	8	25.379	1004.912	-2.022	-0.594	719.0
2003	9	25.784	1004.367	-2.311	0.500	680.9
2003	10	25.322	1003.562	-0.681	-1.759	409.3
2003	11	14.971	1006.530	0.393	-1.932	319.7
2003	12	14.478	1009.932	-2.415	-4.856	9.2
2004	1	24.416	1006.972	-0.787	-3.543	47.6
2004	2	30.448	1007.562	0.160	-4.683	22.2
2004	3	33.484	1005.745	1.331	-3.557	57.4
2004	4	38.675	1004.532	2.364	-1.888	44.7
2004	5	34.867	1002.620	1.337	-2.499	806.0
2004	6	24.827	1005.527	1.320	-1.232	402.8
2004	7	25.831	1003.353	-0.359	-0.040	759.1
2004	8	25.289	1004.172	-0.871	-0.797	579.6
2004	9	26.436	1004.215	0.589	-0.122	570.6
2004	10	24.576	1003.472	0.826	0.034	208.6
2004	11	16.411	1006.592	3.291	-2.130	205.2
2004	12	19.567	1008.772	-3.587	-3.371	2.3
2005	1	24.315	1007.350	-1.130	-2.631	18.7
2005	2	30.324	1006.240	0.177	-3.351	3.9
2005	3	35.754	1005.443	0.383	-3.323	9.4
2005	4	39.034	1003.313	1.960	-2.212	67.2
2005	5	35.921	1004.632	-0.710	-0.455	433.5
2005	6	26.816	1004.808	-0.561	-1.318	577.9
2005	7	26.104	1004.233	-1.041	-1.096	676.6
2005	8	25.642	1004.923	-2.519	-0.755	628.7
2005	9	26.635	1003.990	1.333	0.106	691.0
2005	10	17.404	1005.328	1.938	-0.760	374.6
2005	11	23.588	1006.427	-1.333	-1.669	4.9
2005	12	21.819	1007.537	-1.562	0.069	2.8
2006	1	22.188	1008.762	-3.050	-2.418	0.1
2006	2	28.997	1006.228	-1.470	-1.834	2.1
2006	3	32.700	1006.723	0.539	-1.042	51.2
2006	4	32.663	1004.168	0.827	-1.661	236.2
2006	5	30.085	1003.888	-2.428	-0.409	331.7
2006	6	24.537	1004.157	-1.146	-0.200	819.4
2006	7	24.480	1004.190	-2.632	0.099	528.1
2006	8	24.602	1004.057	-2.437	0.857	841.6
2006	9	26.118	1004.157	-1.518	0.449	749.0
2006	10	23.370	1003.790	-0.772	-0.249	133.5
2006	11	26.143	1005.603	-0.269	-1.810	19.4
2006	12	22.252	1006.955	0.808	-3.019	17.0
2007	1	25.346	1007.688	-1.454	-2.375	3.2
2007	2	30.425	1007.607	-2.956	-3.633	12.0
2007	3	36.321	1004.920	-1.663	-1.935	22.9
2007	4	39.641	1004.107	0.175	-1.310	19.4
2007	5	36.477	1004.532	-2.638	-0.229	215.9
2007	6	25.291	1004.605	-1.344	0.282	681.3
2007	7	24.332	1004.000	-1.913	0.119	982.1
2007	8	25.337	1004.007	-2.347	1.025	664.0
2007	9	26.012	1003.835	-1.358	0.615	421.7
2007	10	21.729	1005.170	-1.535	-0.054	105.1
2007	11	21.920	1005.358	-0.476	-2.033	10.9
2007	12	26.914	1006.048	2.102	-3.275	46.3
2008	1	26.285	1008.745	0.173	-4.521	41.0
2008	2	31.216	1006.662	1.356	-3.383	4.8
2008	3	38.578	1005.468	0.671	-4.264	53.2
2008	4	39.796	1005.405	-0.664	-1.818	117.5
2008	5	34.729	1004.397	-0.156	0.188	442.5
2008	6	27.612	1004.285	-0.058	0.706	929.2
2008	7	25.611	1003.985	-1.619	0.720	1135.4
2008	8	24.990	1005.915	-3.193	0.490	724.3
2008	9	24.180	1003.872	-0.308	0.202	857.6
2008	10	20.009	1006.625	-1.873	-0.625	261.5
2008	11	22.489	1007.198	-2.241	-1.102	20.3
2008	12	24.547	1008.063	-1.783	-2.822	13.3
2009	1	27.127	1010.075	-2.610	-3.253	16.6
2009	2	33.935	1007.445	-0.286	-1.584	17.9
2009	3	32.259	1005.355	-0.386	-2.537	129.8
2009	4	38.983	1004.180	0.345	-1.386	69.2
2009	5	34.545	1004.082	1.031	0.026	436.2
2009	6	25.910	1005.697	-0.153	1.850	526.9
2009	7	26.050	1004.957	-1.673	0.383	610.1
2009	8	25.389	1004.242	-1.910	-0.343	551.6
2009	9	24.720	1004.148	-1.003	-0.617	860.5
2009	10	23.851	1006.235	-1.701	-0.557	541.8
2009	11	18.301	1007.512	-0.671	-2.138	20.1
2009	12	28.791	1006.198	-1.217	-2.535	13.8
2010	1	24.509	1008.727	-1.184	-4.128	2.1
2010	2	33.212	1005.888	-1.481	-3.664	24.6
2010	3	34.544	1005.317	1.427	-1.660	27.5
2010	4	37.730	1004.570	0.408	-1.399	101.8
2010	5	31.017	1002.838	-0.838	-0.886	764.8
2010	6	25.214	1002.923	-0.311	0.020	1000.8
2010	7	25.537	1005.243	0.323	-0.382	633.3
2010	8	25.769	1004.597	-0.586	0.475	554.5
2010	9	25.911	1004.115	-0.890	0.741	447.1
2010	10	23.097	1003.800	0.573	0.334	300.2
2010	11	22.586	1006.670	-0.359	-0.963	6.6
2010	12	23.559	1007.087	-2.551	-2.331	4.4
2011	1	29.002	1006.740	-2.478	-3.224	2.1
2011	2	27.793	1007.550	-2.531	-3.206	11.4
2011	3	33.556	1004.680	-0.299	-0.883	16.6
2011	4	39.614	1003.477	1.648	-1.652	109.7
2011	5	33.708	1004.615	-0.850	-0.483	531.1
2011	6	24.885	1005.685	-1.216	0.420	698.9
2011	7	24.724	1004.845	-1.479	1.259	917.7
2011	8	26.086	1004.030	-2.327	0.834	780.2
2011	9	25.895	1004.065	-0.087	1.279	353.0
2011	10	23.613	1004.247	-1.167	1.009	336.3
2011	11	18.576	1006.952	-0.562	-0.033	24.8
2011	12	21.383	1007.260	-1.306	-1.094	0.7
2012	1	25.133	1006.677	-0.841	-2.923	6.3
2012	2	30.949	1003.900	0.515	-2.315	9.3
2012	3	34.506	1005.077	0.884	-2.131	97.5
2012	4	36.849	1006.088	-0.726	-0.484	51.5
2012	5	33.245	1004.160	-0.609	-0.520	543.3
2012	6	25.410	1003.832	-0.572	-0.040	1221.7
2012	7	24.925	1005.157	-1.865	0.184	405.2
2012	8	25.696	1004.055	-2.427	-0.607	489.2
2012	9	25.764	1003.757	0.308	0.092	836.0
2012	10	23.778	1005.877	0.460	-0.147	174.3
2012	11	18.501	1007.220	-0.784	-0.724	25.2
2012	12	28.899	1007.387	-1.236	-3.740	8.9
2013	1	26.644	1008.365	-0.521	-4.699	14.4
2013	2	29.865	1005.232	-1.024	-3.761	1.1
2013	3	36.113	1004.917	-0.250	-3.606	46.8
2013	4	36.370	1004.495	-1.782	-1.017	45.5
2013	5	36.676	1003.727	-0.546	-0.042	618.6
2013	6	26.149	1005.387	-2.123	2.657	678.5
2013	7	25.095	1004.942	-0.547	0.828	848.4
2013	8	25.514	1004.213	-0.947	0.056	919.1
2013	9	26.614	1005.350	-1.944	0.422	486.2
2013	10	25.545	1004.680	-0.520	0.733	63.3
2013	11	22.080	1006.702	-0.862	-0.630	23.0
2013	12	20.934	1007.162	-1.135	-3.008	67.2
2014	1	25.448	1007.713	0.808	-4.305	47.2
2014	2	31.188	1006.057	-2.538	-4.694	16.9
2014	3	36.440	1005.005	-1.032	-3.194	23.4
2014	4	38.823	1003.772	1.264	-0.708	26.2
2014	5	37.198	1004.163	1.251	-0.189	238.1
2014	6	29.179	1004.217	2.754	1.174	695.9
2014	7	25.085	1006.117	-1.223	1.253	1232.4
2014	8	25.653	1005.935	-0.744	1.250	570.6
2014	9	27.240	1005.207	-1.125	0.561	341.1
2014	10	25.159	1005.017	-0.301	0.228	83.7
2014	11	21.641	1007.118	-3.018	-0.094	148.1
2014	12	20.939	1007.403	-2.950	-2.504	2.2
2015	1	24.044	1008.317	-2.296	-4.019	8.5
2015	2	30.394	1008.802	-2.092	-4.661	3.5
2015	3	36.202	1006.695	-0.933	-4.217	25.4
2015	4	37.964	1004.970	0.512	-1.708	77.9
2015	5	36.411	1004.718	-2.387	-1.048	219.5
2015	6	26.606	1004.948	-0.290	-0.261	1325.8
2015	7	25.794	1005.805	-1.407	0.849	735.6
2015	8	25.505	1004.792	-2.355	0.100	1050.4
2015	9	25.755	1005.083	-1.578	-0.086	917.0
2015	10	24.819	1005.687	-2.433	0.887	284.9
2015	11	16.251	1006.697	-2.533	0.477	10.2
2015	12	21.544	1009.145	-3.280	-3.604	4.7
2016	1	29.106	1006.298	-0.554	-4.431	15.2
2016	2	29.778	1008.010	-2.542	-3.044	30.9
2016	3	35.019	1005.918	-0.609	-3.655	33.8
2016	4	32.906	1004.780	0.779	-2.666	77.9
2016	5	32.603	1003.943	0.065	-1.531	534.1
2016	6	27.232	1005.122	-0.835	0.032	967.6
2016	7	25.976	1004.785	-1.231	1.156	1036.3
2016	8	25.317	1005.673	-2.162	0.394	522.5
2016	9	25.940	1005.218	-2.508	0.387	622.7
2016	10	26.046	1004.962	-1.187	-1.504	43.9
2016	11	23.011	1007.830	-1.211	-2.112	20.9
2016	12	20.315	1007.675	-1.976	-2.749	7.5
2017	1	28.663	1007.397	-0.157	-2.501	8.2
2017	2	30.281	1007.958	-1.372	-3.331	50.4
2017	3	33.373	1005.940	-1.753	-2.774	54.9
2017	4	35.177	1003.950	-0.238	-0.489	107.0
2017	5	32.411	1004.930	-0.620	0.188	366.5
2017	6	29.223	1004.310	-1.757	-0.314	507.0
2017	7	26.837	1004.697	-1.383	0.019	807.6
2017	8	26.259	1004.768	-2.398	1.958	1066.9
2017	9	25.550	1005.105	-0.813	0.516	784.4
2017	10	21.834	1005.568	-0.397	-0.484	650.0
2017	11	20.646	1007.530	-0.418	-0.773	34.1
2017	12	20.324	1008.295	-0.961	-0.932	16.0
2018	1	25.662	1008.927	-1.675	-2.874	4.4
2018	2	30.611	1006.873	-1.114	-3.678	11.4
2018	3	33.603	1004.197	-0.459	-3.357	47.3
2018	4	34.532	1004.917	-0.019	-0.635	103.5
2018	5	33.095	1004.250	-1.703	-0.992	513.6
2018	6	25.263	1004.227	-0.298	-0.198	1084.1
2018	7	24.409	1005.128	-1.415	0.193	831.7
2018	8	25.076	1003.888	-0.897	-0.242	550.3
2018	9	27.331	1004.790	-0.479	0.563	347.8
2018	10	22.952	1005.697	-0.250	0.888	17.0
2018	11	25.402	1004.875	-0.178	-0.755	9.6
2018	12	28.043	1006.777	-1.087	-2.128	1.5
2019	1	24.375	1008.642	-3.109	-1.904	18.3
2019	2	31.296	1006.562	-0.203	-1.783	4.9
2019	3	34.680	1007.115	-0.062	-2.309	23.9
2019	4	36.453	1003.568	3.539	-1.069	97.4
2019	5	34.382	1004.298	0.063	-0.700	190.4
2019	6	26.812	1004.040	-1.759	0.978	996.9
2019	7	25.660	1004.792	-2.047	0.195	434.9
2019	8	25.880	1004.185	-1.661	0.268	825.9
2019	9	25.289	1002.488	-0.137	0.420	823.3
2019	10	24.701	1007.148	-0.389	0.251	361.2
2019	11	21.451	1005.768	0.142	-1.386	16.1
2019	12	27.755	1006.323	-2.231	-1.904	20.3
2020	1	23.488	1007.405	-1.081	-3.506	70.7
2020	2	27.362	1006.702	-1.048	-4.969	50.4
2020	3	36.057	1005.697	1.199	-3.142	9.5
2020	4	38.351	1004.420	-0.808	-0.994	101.7
2020	5	38.700	1004.048	1.079	-0.238	188.2
2020	6	26.820	1004.762	0.491	-0.903	830.4
2020	7	25.806	1005.135	-3.074	0.713	1007.2
2020	8	25.310	1005.063	-1.649	0.871	832.6
2020	9	25.660	1005.575	-1.026	0.418	836.0
2020	10	23.478	1005.800	-0.597	0.870	175.3
2020	11	19.652	1005.762	-1.269	-1.539	6.9
2020	12	26.085	1005.770	-1.094	-2.025	7.2
2021	1	24.377	1008.075	-2.819	-2.468	8.4
2021	2	30.692	1006.032	-1.768	-2.798	12.5
2021	3	33.676	1004.960	-1.377	-2.954	21.1
2021	4	38.761	1004.563	-0.325	-0.645	32.5
2021	5	34.490	1003.340	0.175	-0.340	547.9
2021	6	25.430	1005.712	-0.756	0.553	550.7
2021	7	25.847	1004.773	-1.862	-0.535	924.5
2021	8	25.115	1004.813	-1.378	1.797	851.6
2021	9	25.394	1004.932	-1.405	1.188	769.5
2021	10	24.136	1005.690	-1.008	-0.132	254.5
2021	11	21.669	1007.435	-2.620	0.139	11.7
2021	12	21.973	1009.958	-1.484	-1.492	15.0
2022	1	26.179	1008.940	-3.370	-2.786	1.3
2022	2	30.917	1007.225	0.463	-2.124	6.3
2022	3	33.416	1007.455	-1.882	-1.864	38.1
2022	4	38.700	1004.512	-0.184	-2.156	57.1
2022	5	32.558	1005.937	0.093	-1.516	705.0
2022	6	27.293	1005.368	-1.584	-1.256	678.8
2022	7	25.600	1005.862	-3.027	0.597	447.6
2022	8	26.145	1005.120	-1.941	1.162	951.9
2022	9	25.669	1005.507	-1.000	1.388	583.7
2022	10	20.613	1006.413	-1.361	1.313	181.9
2022	11	25.958	1007.132	-0.643	0.758	23.2
2022	12	28.203	1008.162	-1.367	-0.122	7.6
2023	1	22.689	1008.955	-2.248	-2.018	20.7
2023	2	32.207	1007.868	-0.954	-2.846	5.8
2023	3	37.747	1007.610	1.703	-1.419	5.0
2023	4	40.329	1005.423	0.333	-0.654	80.3
2023	5	38.656	1005.790	-0.765	1.836	144.9
2023	6	25.771	1004.905	-3.280	1.809	526.7
2023	7	25.631	1004.845	-0.725	1.570	668.5
2023	8	25.495	1004.675	-1.159	2.837	789.4
2023	9	26.308	1005.372	-1.253	2.912	445.1
2023	10	25.999	1006.292	-0.446	0.857	97.8
2023	11	22.357	1006.723	1.307	-0.116	16.4
2023	12	26.754	1007.917	-1.375	-2.461	41.3
2024	1	17.441	1010.125	-4.040	-3.715	3.7
2024	2	32.286	1007.870	-3.241	-1.517	16.7
2024	3	36.351	1006.115	1.247	-1.740	33.0
2024	4	39.060	1004.482	-1.075	-0.499	17.4
2024	5	33.484	1006.167	-1.222	-0.495	333.2
2024	6	26.172	1003.838	0.083	-0.422	1025.9
2024	7	25.094	1005.102	-1.151	0.805	700.8
2024	8	27.042	1005.182	-1.497	0.100	409.3
2024	9	28.296	1004.225	-0.713	-0.249	509.6
2024	10	22.010	1006.587	-1.053	-0.304	202.6
2024	11	21.553	1005.713	-1.146	-0.563	29.4
2024	12	20.931	1009.567	-2.373	-3.552	9.3
2025	1	28.004	1007.263	-2.217	-2.744	11.5
2025	2	31.375	1008.245	0.102	-3.556	11.0
2025	3	35.515	1005.295	1.006	-2.649	16.8
2025	4	39.472	1002.985	-1.247	0.065	35.3
2025	5	38.687	1004.053	-2.186	0.371	57.8
2025	6	26.868	1005.137	-0.136	-0.062	874.7
2025	7	25.105	1005.198	-1.498	0.895	775.9
2025	8	25.214	1003.857	-3.024	-0.105	410.3
2025	9	27.492	1004.673	-1.658	0.651	332.6
2025	10	21.862	1005.097	0.733	-0.643	515.1
2025	11	12.843	1008.707	-1.725	-2.313	5.1
2025	12	24.167	1008.037	-2.995	-2.185	2.7
2026	1	30.047	1006.082	-0.717	-4.479	17.8
2026	2	31.338	1005.967	-0.743	-3.537	17.3
2026	3	37.218	1004.890	1.537	-3.221	46.4
2026	4	35.129	1004.510	-0.157	-2.720	164.8
2026	5	32.352	1005.858	-0.294	-2.830	679.6
2026	6	27.834	1005.060	-1.718	0.321	338.8
2026	7	25.317	1004.937	-1.967	-0.657	1012.5
2026	8	26.256	1004.947	-0.667	-0.908	566.1
2026	9	27.833	1004.213	-1.248	-0.570	199.7
2026	10	20.456	1006.040	-1.676	-1.012	402.3
2026	11	21.651	1005.697	-1.520	-0.425	6.1
2026	12	18.054	1009.038	-1.805	-3.025	6.9
2027	1	25.327	1009.320	-2.741	-4.027	0.2
2027	2	34.707	1007.280	-2.025	-3.194	12.7
2027	3	37.515	1005.950	-1.415	-4.281	35.0
2027	4	39.255	1004.322	-0.109	-3.321	53.7
2027	5	39.312	1003.862	-0.649	-1.434	267.0
2027	6	27.373	1004.145	1.000	-0.013	527.0
2027	7	25.176	1006.552	-2.218	-0.895	445.2
2027	8	25.561	1004.842	-2.526	-0.478	485.6
2027	9	27.274	1004.237	-1.842	0.314	534.4
2027	10	24.414	1002.992	1.019	0.819	179.4
2027	11	17.927	1006.158	-0.377	0.636	94.8
2027	12	21.152	1006.188	-0.188	-0.905	15.2
2028	1	23.806	1007.255	-0.363	-1.700	58.7
2028	2	30.584	1004.737	-1.906	-1.539	6.3
2028	3	34.858	1004.143	1.189	-1.144	53.7
2028	4	36.557	1003.790	2.684	-1.487	94.1
2028	5	33.181	1004.007	-0.174	0.261	366.7
2028	6	26.283	1004.242	-1.895	-0.207	632.5
2028	7	24.757	1005.042	-2.581	0.120	533.7
2028	8	25.603	1005.405	-2.210	0.499	728.4
2028	9	25.804	1004.955	0.664	1.821	752.1
2028	10	24.304	1005.463	-0.447	0.200	51.9
2028	11	20.609	1005.373	-1.661	-0.493	31.5
2028	12	19.393	1007.338	-1.688	-1.516	1.4
2029	1	25.962	1006.302	-2.190	-2.439	4.4
2029	2	30.719	1006.325	-1.464	-1.971	9.4
2029	3	37.161	1005.460	-1.886	-1.791	27.9
2029	4	35.056	1003.948	-0.932	-0.698	175.0
2029	5	31.687	1003.550	0.958	-1.039	613.0
2029	6	26.772	1004.535	-0.107	0.147	1022.5
2029	7	24.609	1005.055	-1.674	0.310	1181.4
2029	8	27.236	1004.405	-1.060	1.337	285.4
2029	9	26.165	1003.570	-0.585	1.470	636.7
2029	10	21.931	1005.365	1.151	0.138	186.5
2029	11	19.229	1005.993	-1.402	-0.730	4.9
2029	12	23.748	1006.423	-1.004	-1.776	65.8
2030	1	18.938	1009.022	-3.244	-2.205	3.3
2030	2	31.790	1008.102	-1.410	-2.794	4.7
2030	3	35.666	1005.450	-0.333	-0.848	37.5
2030	4	37.694	1006.512	0.401	-0.209	59.4
2030	5	37.467	1004.810	-0.486	0.681	431.7
2030	6	26.446	1004.020	-0.823	0.165	932.5
2030	7	26.080	1004.973	-1.819	0.427	667.3
2030	8	27.425	1004.793	-1.722	0.534	698.0
2030	9	28.007	1004.872	-1.400	-1.382	496.7
2030	10	23.103	1005.277	-1.560	0.609	152.2
2030	11	24.035	1005.505	1.182	0.339	64.8
2030	12	18.794	1007.752	2.103	-2.588	100.7
2031	1	16.320	1009.388	-3.584	-3.370	34.6
2031	2	28.137	1008.520	-1.354	-3.136	10.3
2031	3	37.322	1004.435	0.666	-1.838	41.4
2031	4	36.812	1004.947	-0.208	-0.622	100.3
2031	5	39.746	1004.635	-1.138	0.824	14.0
2031	6	26.437	1005.678	-1.051	1.711	733.7
2031	7	25.844	1005.827	-2.994	2.742	486.8
2031	8	27.812	1005.398	-2.136	0.361	425.9
2031	9	26.426	1005.870	-2.144	0.791	306.0
2031	10	26.511	1006.478	-1.031	0.701	230.9
2031	11	21.547	1005.928	0.318	-0.673	48.5
2031	12	21.958	1007.302	-0.166	-1.943	148.2
2032	1	16.012	1009.150	-1.752	-4.133	14.7
2032	2	24.120	1008.938	-2.562	-3.589	16.6
2032	3	36.699	1006.477	-1.131	-1.845	43.3
2032	4	36.169	1004.748	-0.997	-2.328	48.4
2032	5	36.671	1004.795	0.340	0.915	322.9
2032	6	27.836	1005.220	-0.513	-0.765	596.3
2032	7	27.306	1005.100	-2.069	2.738	649.0
2032	8	25.848	1005.250	-1.748	3.571	670.9
2032	9	26.776	1005.945	-1.179	1.487	372.9
2032	10	26.559	1006.448	-1.784	2.317	101.7
2032	11	26.389	1006.110	-0.425	-0.691	29.5
2032	12	20.828	1006.820	-0.544	-2.439	122.3
2033	1	17.684	1008.332	-1.868	-3.902	89.1
2033	2	22.710	1007.918	0.776	-1.287	85.8
2033	3	31.949	1005.223	-0.060	-0.689	62.4
2033	4	38.048	1005.837	3.331	-1.919	79.8
2033	5	37.320	1005.767	-0.216	-2.424	615.8
2033	6	27.382	1006.187	-2.401	-0.768	631.3
2033	7	26.257	1005.292	-1.427	-0.034	814.3
2033	8	27.108	1006.002	-2.950	1.886	596.6
2033	9	27.405	1005.363	-1.582	1.712	993.4
2033	10	23.858	1005.438	-1.103	-0.137	23.1
2033	11	24.827	1006.083	-1.190	-0.332	6.6
2033	12	20.729	1008.530	-1.015	-1.279	11.9
2034	1	28.002	1006.472	-2.413	-4.272	30.9
2034	2	25.751	1007.590	0.891	-3.223	16.9
2034	3	29.713	1006.665	1.286	-3.248	68.2
2034	4	39.143	1005.787	1.386	-2.833	53.7
2034	5	35.506	1004.375	-0.169	-1.538	526.1
2034	6	26.285	1005.598	-2.345	-0.538	590.4
2034	7	26.133	1004.717	-1.612	-0.519	376.9
2034	8	25.550	1004.342	-2.603	0.931	711.0
2034	9	26.951	1003.320	-0.834	0.285	254.6
2034	10	24.632	1003.277	-1.299	-0.489	352.4
2034	11	19.687	1008.118	-0.672	-1.105	27.7
2034	12	27.326	1007.010	-0.796	-1.486	8.1
2035	1	24.462	1006.288	0.219	-1.224	63.2
2035	2	25.449	1005.518	0.179	-1.045	12.1
2035	3	34.653	1003.265	2.324	-1.330	47.0
2035	4	35.402	1003.615	1.818	-2.089	134.2
2035	5	30.220	1003.860	0.277	-2.057	753.3
2035	6	26.221	1004.822	1.212	-1.810	771.6
2035	7	26.075	1005.763	-1.034	-0.754	473.3
2035	8	26.150	1005.223	-0.449	-0.143	674.9
2035	9	25.712	1004.620	-1.097	-0.558	937.9
2035	10	19.036	1006.613	0.467	-0.136	90.3
2035	11	24.327	1007.147	-1.499	-1.480	26.3
2035	12	24.537	1007.615	-1.923	-1.598	29.1
2036	1	27.373	1007.078	1.093	-1.784	34.1
2036	2	26.694	1007.300	0.117	-3.519	58.7
2036	3	33.344	1004.963	-0.093	-2.759	83.8
2036	4	35.247	1004.192	-1.130	-0.434	179.7
2036	5	30.398	1004.195	-0.596	0.609	412.4
2036	6	25.605	1004.627	-1.225	1.636	973.3
2036	7	26.065	1004.868	-1.471	1.038	725.0
2036	8	25.441	1005.050	-1.514	2.504	592.0
2036	9	25.135	1003.772	-2.246	2.095	747.8
2036	10	24.416	1006.465	-1.386	1.189	217.2
2036	11	17.637	1007.580	0.491	-1.672	88.7
2036	12	20.593	1008.527	-0.981	-4.479	31.6
2037	1	23.067	1007.882	0.417	-2.941	44.9
2037	2	24.631	1009.137	-1.375	-1.720	58.7
2037	3	34.723	1006.212	-1.102	-0.505	33.8
2037	4	38.191	1005.522	-2.516	0.568	69.7
2037	5	39.659	1005.487	-2.245	-1.070	92.8
2037	6	28.961	1005.165	-0.455	0.018	814.0
2037	7	26.073	1005.385	-1.744	-0.150	729.3
2037	8	25.625	1005.447	-1.901	-0.059	685.8
2037	9	25.426	1004.927	-1.189	0.460	433.5
2037	10	24.345	1005.123	-1.040	0.087	93.1
2037	11	20.477	1007.548	-0.502	-1.602	17.6
2037	12	19.143	1008.955	-1.489	-2.740	13.9
2038	1	26.071	1009.537	-2.246	-4.951	13.7
2038	2	29.856	1006.988	-1.830	-3.739	30.4
2038	3	34.938	1007.320	-1.725	-3.305	70.1
2038	4	37.666	1003.685	-1.356	-1.999	95.1
2038	5	33.471	1005.337	-2.121	0.298	425.4
2038	6	28.888	1004.798	-1.156	0.994	407.7
2038	7	25.206	1004.657	-2.087	1.403	840.8
2038	8	25.853	1004.308	-1.918	0.185	897.2
2038	9	25.848	1004.632	-1.531	0.335	648.1
2038	10	24.538	1005.635	-1.476	0.749	269.7
2038	11	16.645	1006.705	-1.401	-2.419	42.1
2038	12	25.306	1007.615	-1.183	-2.437	15.1
2039	1	27.189	1009.100	-1.532	-2.057	7.4
2039	2	30.649	1006.382	1.197	-2.971	18.3
2039	3	35.241	1004.848	-0.057	-1.625	21.9
2039	4	39.155	1004.470	-1.091	-1.629	49.5
2039	5	37.726	1003.913	0.596	-1.677	611.7
2039	6	25.723	1005.977	-1.541	0.927	514.5
2039	7	25.422	1004.525	-1.892	-0.628	1279.4
2039	8	26.215	1005.133	-2.162	0.428	838.5
2039	9	25.112	1004.840	-0.767	-0.458	550.2
2039	10	22.544	1005.848	-1.696	-0.622	274.5
2039	11	25.265	1006.117	-0.914	-1.898	18.8
2039	12	17.956	1008.457	-0.700	-3.171	53.6
2040	1	25.384	1008.842	-3.125	-2.910	22.2
2040	2	27.347	1008.512	-4.098	-3.346	4.1
2040	3	38.493	1006.527	-0.864	-2.121	20.3
2040	4	35.699	1005.332	0.248	-1.557	57.6
2040	5	38.529	1004.980	-0.854	0.344	61.5
2040	6	30.514	1004.930	0.975	0.080	456.7
2040	7	25.528	1005.818	-1.642	0.644	787.9
2040	8	24.952	1004.658	-1.993	1.797	1218.7
2040	9	27.460	1005.040	0.626	1.510	731.6
2040	10	24.686	1006.878	0.361	-0.110	44.8
2040	11	25.129	1006.335	0.298	-1.851	18.2
2040	12	21.617	1007.573	1.518	-1.230	39.9
2041	1	27.128	1008.650	-3.877	-1.044	0.4
2041	2	34.335	1005.928	-2.181	-2.279	3.4
2041	3	37.410	1006.123	-1.487	-4.062	22.0
2041	4	39.836	1005.767	0.287	-2.460	80.5
2041	5	39.099	1004.575	0.390	-1.500	72.5
2041	6	28.303	1005.187	-1.226	-0.518	506.3
2041	7	26.971	1005.322	-1.471	1.627	413.9
2041	8	26.186	1005.797	-2.261	0.088	998.9
2041	9	27.103	1004.477	-0.206	-0.448	558.9
2041	10	24.277	1005.918	-1.201	0.300	329.1
2041	11	23.766	1007.017	-1.162	-0.910	34.6
2041	12	24.434	1007.807	0.047	-0.747	41.0
2042	1	29.082	1008.802	-3.689	-3.917	3.4
2042	2	33.526	1005.200	-0.471	-2.971	17.5
2042	3	36.196	1005.610	3.997	-3.034	23.9
2042	4	31.642	1004.078	0.136	-2.759	223.8
2042	5	32.504	1002.617	2.925	-0.662	420.5
2042	6	26.614	1005.703	1.719	0.325	403.4
2042	7	26.626	1004.612	-0.717	-0.425	620.6
2042	8	25.929	1004.120	-0.441	0.697	996.6
2042	9	26.415	1004.160	0.369	-0.178	757.0
2042	10	22.515	1004.982	1.572	0.929	305.4
2042	11	18.101	1007.015	-2.147	-1.012	1.8
2042	12	22.715	1007.267	-2.235	-2.076	8.5
2043	1	23.677	1009.422	-3.484	-2.864	1.6
2043	2	34.336	1006.755	-1.804	-1.611	9.1
2043	3	34.203	1005.347	1.534	-1.431	64.7
2043	4	35.767	1004.137	1.592	-0.964	140.4
2043	5	33.538	1003.770	-0.165	0.735	1045.6
2043	6	25.751	1005.378	-1.530	0.757	585.5
2043	7	25.374	1005.268	-1.520	1.007	849.0
2043	8	24.964	1004.727	-0.524	1.198	646.6
2043	9	25.890	1004.452	-1.879	1.100	495.8
2043	10	23.236	1004.638	0.519	0.704	151.0
2043	11	18.171	1008.545	-0.860	-1.016	20.0
2043	12	26.853	1007.587	-1.829	-3.415	8.8
2044	1	29.968	1008.427	-2.907	-4.155	5.7
2044	2	31.060	1007.448	-1.182	-3.205	26.3
2044	3	32.571	1005.112	-1.758	-2.488	77.4
2044	4	35.213	1004.367	0.959	-1.444	42.3
2044	5	32.360	1004.538	-0.789	1.037	651.7
2044	6	25.438	1004.997	0.001	-0.028	888.9
2044	7	24.803	1005.583	-1.940	0.865	677.9
2044	8	26.760	1005.168	-3.423	0.374	495.7
2044	9	26.045	1004.738	-0.735	0.913	949.6
2044	10	24.081	1004.732	0.751	-0.143	188.1
2044	11	16.382	1007.980	-1.957	-1.976	87.7
2044	12	24.911	1007.198	-1.423	-2.254	4.7
2045	1	26.970	1009.742	-2.531	-2.703	15.5
2045	2	31.160	1007.888	-1.307	-4.603	28.3
2045	3	35.940	1005.145	-0.168	-3.829	44.2
2045	4	36.102	1004.000	1.401	-1.681	126.4
2045	5	34.969	1004.345	-2.012	-0.493	312.5
2045	6	28.746	1004.087	-1.325	0.083	575.6
2045	7	25.069	1004.770	-2.958	0.168	646.8
2045	8	25.433	1003.017	-1.730	0.833	1143.5
2045	9	26.283	1003.462	-1.391	0.984	738.7
2045	10	22.610	1005.077	-2.241	0.046	132.6
2045	11	25.799	1004.555	0.772	-0.412	22.0
2045	12	17.668	1008.545	-1.851	-1.129	6.4
2046	1	26.780	1007.462	-2.614	-2.450	0.2
2046	2	33.063	1006.695	-2.086	-4.277	7.0
2046	3	35.027	1005.782	-1.184	-3.531	65.8
2046	4	35.081	1004.268	-1.248	-2.275	163.4
2046	5	33.591	1004.255	-0.925	-0.067	499.5
2046	6	26.120	1004.455	-1.684	0.674	634.5
2046	7	25.912	1004.123	-1.490	1.898	1096.1
2046	8	25.508	1005.947	-2.258	0.932	730.0
2046	9	28.027	1004.098	-1.379	1.890	441.9
2046	10	25.890	1003.887	-1.190	-0.107	325.4
2046	11	18.866	1006.160	-1.397	-0.609	42.7
2046	12	18.438	1008.610	-0.358	-1.870	9.8
2047	1	24.552	1006.418	-1.933	-1.671	23.9
2047	2	30.709	1007.753	-2.012	-2.414	14.3
2047	3	31.901	1005.302	-1.713	-2.943	81.6
2047	4	34.240	1004.107	-0.458	0.037	192.7
2047	5	34.069	1004.258	1.498	0.380	431.0
2047	6	26.770	1005.555	-0.820	0.532	1080.2
2047	7	25.530	1004.115	-1.080	-0.346	1224.5
2047	8	26.272	1005.512	-2.225	1.363	343.5
2047	9	26.803	1004.380	-0.541	1.125	710.9
2047	10	21.995	1006.068	0.204	-0.050	109.1
2047	11	22.293	1007.155	-2.097	-1.844	1.7
2047	12	17.075	1010.737	-3.038	-3.379	2.6
2048	1	30.279	1008.125	-1.849	-5.382	5.6
2048	2	33.887	1006.100	-2.297	-4.329	23.5
2048	3	37.163	1005.918	0.327	-2.253	49.1
2048	4	36.949	1005.177	-0.520	-0.570	81.7
2048	5	35.452	1004.528	-2.516	-0.250	96.3
2048	6	26.087	1003.305	0.264	0.738	911.0
2048	7	25.408	1005.777	-1.571	0.682	1096.3
2048	8	27.203	1004.963	-2.171	0.484	634.9
2048	9	27.077	1004.908	-1.047	0.571	558.9
2048	10	21.567	1005.785	0.007	0.408	390.9
2048	11	22.680	1007.807	0.913	-3.185	46.5
2048	12	22.286	1006.345	-1.636	-2.193	1.1
2049	1	22.668	1008.522	-0.835	-4.455	9.2
2049	2	33.171	1007.102	-1.027	-4.023	9.0
2049	3	32.871	1006.127	0.160	-2.058	36.3
2049	4	39.745	1004.875	1.835	-0.539	87.6
2049	5	29.159	1005.533	0.320	-0.669	732.4
2049	6	25.593	1004.933	-2.330	1.429	1081.0
2049	7	26.470	1004.348	-0.921	0.831	375.3
2049	8	26.230	1005.170	-1.706	2.114	465.5
2049	9	26.479	1004.563	-0.771	2.111	472.5
2049	10	24.031	1005.082	0.025	0.799	288.9
2049	11	21.309	1006.908	0.404	-0.039	2.7
2049	12	22.666	1008.118	-0.619	-2.033	4.9
2050	1	26.737	1007.352	-2.421	-2.452	5.9
2050	2	30.734	1007.013	-2.276	-4.172	17.7
2050	3	33.948	1003.445	0.684	-2.792	81.5
2050	4	30.888	1006.478	-1.735	-0.895	184.4
2050	5	30.264	1003.938	-0.154	-0.390	682.0
2050	6	26.764	1004.562	-0.752	0.249	981.3
2050	7	26.165	1005.662	-2.630	-0.280	592.2
2050	8	25.606	1005.008	-2.907	0.417	1106.6
2050	9	28.785	1003.857	-2.090	-0.176	249.3
2050	10	26.956	1004.605	-1.463	0.146	239.3
2050	11	16.498	1007.627	-1.049	-1.147	18.4
2050	12	24.741	1007.167	-1.832	-1.149	0.6
2051	1	28.459	1009.933	-1.721	-3.236	8.3
2051	2	34.213	1007.693	-1.912	-4.076	3.0
2051	3	35.187	1006.142	0.140	-3.330	88.3
2051	4	36.090	1005.307	0.187	-1.033	43.7
2051	5	34.252	1004.263	-0.946	-1.187	589.2
2051	6	26.786	1005.620	-1.222	0.505	562.2
2051	7	25.913	1005.788	-1.016	-0.219	556.7
2051	8	26.614	1003.808	-1.340	0.607	981.6
2051	9	25.647	1005.103	-0.838	0.626	887.1
2051	10	22.212	1005.028	-1.442	-0.392	461.5
2051	11	20.737	1006.588	-2.135	-2.017	18.8
2051	12	27.077	1006.257	-1.109	-3.081	8.4
2052	1	25.542	1008.118	-1.243	-4.047	25.7
2052	2	32.837	1007.058	-3.192	-3.097	2.1
2052	3	36.157	1004.693	0.001	-2.842	26.5
2052	4	36.918	1005.972	1.001	-0.950	172.5
2052	5	30.165	1004.170	-1.311	-0.375	511.4
2052	6	27.311	1005.010	-0.576	-1.925	321.2
2052	7	26.470	1005.288	-2.512	-0.758	962.7
2052	8	26.588	1004.322	-1.747	-0.741	560.4
2052	9	27.106	1004.852	-1.794	0.264	520.7
2052	10	22.752	1005.658	-0.554	0.348	657.0
2052	11	21.385	1006.337	-0.443	-2.263	2.0
2052	12	23.145	1007.560	-2.804	-1.811	6.1
2053	1	26.238	1007.418	-0.831	-4.444	25.7
2053	2	32.787	1006.510	-0.552	-3.597	11.1
2053	3	37.747	1005.678	1.962	-3.557	14.2
2053	4	38.338	1003.718	1.424	-1.777	236.9
2053	5	35.448	1003.868	-0.077	-1.786	317.3
2053	6	26.698	1005.643	-2.295	-0.427	1003.9
2053	7	25.934	1005.363	-2.068	-1.169	684.0
2053	8	26.248	1004.272	-1.878	0.385	838.0
2053	9	26.393	1004.640	-1.509	-0.122	564.6
2053	10	21.128	1006.555	-1.465	-0.388	164.2
2053	11	27.841	1006.765	-2.215	-2.166	18.2
2053	12	29.474	1007.715	0.024	0.374	6.4
2054	1	27.889	1007.480	0.265	-3.487	2.8
2054	2	29.335	1007.323	-2.853	-2.950	28.8
2054	3	39.091	1005.570	-0.175	-2.476	54.1
2054	4	38.897	1004.565	0.151	-1.826	70.8
2054	5	35.704	1004.685	-2.010	-0.274	389.7
2054	6	26.532	1005.993	-1.544	0.351	643.6
2054	7	25.523	1005.102	-1.328	-0.228	935.2
2054	8	25.781	1004.480	-2.194	1.072	606.4
2054	9	27.309	1004.510	-1.866	-0.101	686.7
2054	10	21.390	1006.157	-0.776	0.817	259.0
2054	11	26.588	1006.957	-0.583	-1.397	10.7
2054	12	27.665	1006.500	-1.092	-1.681	10.9
2055	1	24.437	1007.120	-1.883	-3.576	17.2
2055	2	31.993	1006.133	-1.761	-2.835	5.7
2055	3	32.642	1005.292	-1.506	-3.073	77.6
2055	4	39.398	1004.668	-1.407	-1.424	86.7
2055	5	32.253	1004.580	-0.971	-0.013	504.5
2055	6	28.355	1002.618	-1.805	-1.594	653.9
2055	7	25.836	1006.085	-2.525	0.276	670.1
2055	8	25.879	1004.003	-1.614	0.477	1340.3
2055	9	27.070	1004.125	-0.110	0.691	583.0
2055	10	24.076	1005.327	-1.763	-0.604	463.3
2055	11	16.661	1008.660	-1.562	-0.975	11.8
2055	12	25.934	1007.810	-2.955	-3.392	13.0
2056	1	27.906	1006.492	-1.921	-3.674	15.5
2056	2	32.378	1007.830	-3.030	-3.992	11.0
2056	3	35.830	1006.672	-0.578	-2.907	87.7
2056	4	36.206	1004.647	-0.105	-3.166	139.0
2056	5	35.344	1004.927	-1.333	-0.325	543.7
2056	6	27.262	1005.590	-0.760	-0.145	533.0
2056	7	26.153	1005.647	-2.327	0.191	616.8
2056	8	27.630	1004.187	-1.899	0.821	883.5
2056	9	27.040	1004.882	-1.757	0.964	805.1
2056	10	22.756	1005.955	1.105	0.456	166.7
2056	11	24.948	1006.813	-0.595	-1.352	10.7
2056	12	24.698	1008.063	0.623	-1.216	59.9
2057	1	30.705	1006.898	-1.567	-3.035	3.5
2057	2	32.648	1007.558	-0.798	-3.137	9.3
2057	3	36.771	1004.837	1.720	-2.252	39.8
2057	4	39.520	1004.312	-0.101	-1.856	57.4
2057	5	33.087	1003.885	-1.115	-1.727	519.5
2057	6	26.249	1005.122	-0.920	-0.692	929.6
2057	7	25.648	1005.380	-2.351	-1.581	617.5
2057	8	26.217	1004.722	-1.583	-0.534	1122.0
2057	9	26.837	1003.547	0.473	0.222	899.8
2057	10	21.834	1005.595	-1.357	-1.389	336.2
2057	11	23.445	1005.223	0.618	-1.260	12.0
2057	12	25.115	1009.265	-1.599	-3.984	10.2
2058	1	23.672	1006.028	-1.051	-4.449	11.0
2058	2	32.717	1005.215	-0.948	-3.561	30.1
2058	3	37.284	1005.993	-2.084	-3.367	39.2
2058	4	38.489	1004.635	-0.405	-1.728	89.0
2058	5	33.111	1005.242	-1.736	1.112	671.2
2058	6	26.917	1005.607	-1.471	-0.123	606.5
2058	7	26.118	1004.932	-2.309	-1.198	1283.9
2058	8	26.842	1004.630	-1.906	0.274	341.7
2058	9	29.624	1004.502	-1.479	0.661	172.6
2058	10	26.663	1004.542	-0.489	1.085	220.0
2058	11	18.129	1007.685	-1.250	-1.420	16.9
2058	12	27.189	1007.253	-1.673	-2.893	15.9
2059	1	22.101	1008.855	-2.842	-2.189	5.3
2059	2	29.212	1008.702	-1.364	-1.623	12.9
2059	3	34.842	1007.588	-1.259	-2.074	16.3
2059	4	38.929	1004.610	-0.422	-0.056	112.7
2059	5	37.896	1004.698	-0.487	0.838	60.2
2059	6	28.152	1004.585	0.495	0.143	788.1
2059	7	27.294	1004.452	-0.538	2.846	971.9
2059	8	26.358	1005.645	-1.281	1.209	715.1
2059	9	26.844	1004.672	-0.286	0.048	598.0
2059	10	21.377	1005.890	-0.392	0.636	237.4
2059	11	27.583	1006.303	-0.291	-1.054	29.7
2059	12	20.174	1008.042	-2.648	-1.727	2.1
2060	1	27.009	1008.233	-3.176	-3.205	7.9
2060	2	32.751	1008.350	-2.763	-3.314	12.3
2060	3	35.857	1005.828	1.098	-3.334	48.1
2060	4	37.819	1004.625	0.254	-1.301	41.9
2060	5	34.324	1006.847	-0.302	-0.392	648.7
2060	6	27.861	1004.933	-0.636	1.179	349.4
2060	7	26.344	1005.308	-1.286	0.759	573.2
2060	8	27.648	1005.498	-2.965	-0.520	352.7
2060	9	30.272	1004.418	-1.271	-2.086	555.3
2060	10	24.404	1006.093	0.375	0.405	365.6
2060	11	17.045	1007.763	-1.875	-0.261	55.2
2060	12	22.444	1008.923	-2.789	-2.159	19.7
2061	1	27.972	1008.015	0.432	-3.804	14.8
2061	2	32.608	1007.467	1.114	-4.236	12.0
2061	3	38.646	1005.407	0.705	-3.857	24.6
2061	4	40.556	1003.763	2.490	-0.586	47.2
2061	5	38.559	1004.727	1.323	-1.234	405.1
2061	6	26.816	1006.657	-0.466	-0.291	621.7
2061	7	25.982	1005.727	-2.099	1.428	725.4
2061	8	26.528	1004.973	-2.291	2.711	803.2
2061	9	29.122	1004.660	-1.519	1.347	489.3
2061	10	22.002	1006.425	-0.489	-1.600	96.1
2061	11	24.302	1006.523	-0.246	-0.680	67.4
2061	12	24.380	1009.627	-2.182	-2.282	14.7
2062	1	23.271	1009.698	-3.605	-2.053	0.2
2062	2	32.233	1007.702	-2.251	-2.435	9.9
2062	3	38.433	1005.193	-2.005	-1.600	21.8
2062	4	36.449	1005.080	1.159	-1.524	115.4
2062	5	32.451	1005.370	-1.511	0.972	843.2
2062	6	28.021	1005.708	-2.376	0.525	428.6
2062	7	26.526	1006.325	-1.826	1.505	802.5
2062	8	27.498	1005.185	-2.405	2.888	842.4
2062	9	26.501	1004.883	-1.217	-0.082	905.4
2062	10	21.261	1006.758	-1.633	0.356	62.4
2062	11	23.537	1007.945	-2.338	-0.678	23.3
2062	12	31.501	1007.288	-0.417	-2.752	21.2
2063	1	28.206	1008.692	-2.141	-3.661	50.9
2063	2	31.874	1007.655	-0.387	-1.580	8.0
2063	3	38.830	1005.377	1.573	-3.637	8.6
2063	4	41.251	1004.827	1.583	-2.497	75.0
2063	5	32.673	1005.020	-0.873	-1.460	552.4
2063	6	28.270	1003.720	-2.244	-1.222	558.5
2063	7	26.656	1004.977	-2.225	-0.874	892.4
2063	8	29.590	1004.705	-1.747	0.260	512.6
2063	9	27.317	1004.670	-1.088	-0.201	991.6
2063	10	24.745	1005.162	-0.591	-0.440	427.2
2063	11	21.689	1005.752	-0.874	-2.703	27.2
2063	12	22.586	1007.125	-0.986	-4.443	57.8
2064	1	15.836	1008.725	-2.413	-4.864	2.3
2064	2	33.608	1006.495	-1.355	-5.091	8.7
2064	3	37.018	1006.232	-0.674	-2.691	62.9
2064	4	40.760	1003.778	0.499	-2.464	56.8
2064	5	37.958	1004.820	0.248	-0.269	305.2
2064	6	27.003	1005.093	-0.496	0.055	280.4
2064	7	26.438	1005.475	-2.308	0.138	665.7
2064	8	27.021	1004.690	-1.893	-0.364	896.8
2064	9	26.800	1004.775	-1.244	0.644	1273.0
2064	10	22.968	1006.187	-0.201	-0.760	81.5
2064	11	30.436	1005.243	-0.247	-1.643	4.7
2064	12	30.161	1007.170	-0.009	-2.360	30.3
2065	1	30.195	1007.632	-1.789	-3.231	7.8
2065	2	31.662	1006.220	-1.865	-2.485	18.1
2065	3	35.342	1005.007	-1.159	-2.039	51.0
2065	4	40.224	1003.255	-1.327	-1.351	199.6
2065	5	36.565	1004.782	-0.119	-1.381	335.6
2065	6	27.172	1004.352	-0.557	-1.450	900.6
2065	7	27.197	1004.880	-1.428	0.168	1094.5
2065	8	26.025	1005.653	-2.450	-0.764	840.9
2065	9	26.982	1003.713	-1.085	-0.002	985.5
2065	10	21.390	1005.143	-1.246	-0.413	322.3
2065	11	27.823	1005.812	-1.220	-2.247	2.1
2065	12	25.690	1006.083	-0.944	-3.000	7.4
2066	1	21.643	1009.303	0.408	-4.379	21.3
2066	2	32.363	1007.255	-1.518	-2.204	15.4
2066	3	37.512	1004.633	-2.748	-2.008	24.8
2066	4	41.591	1003.687	0.331	-0.508	12.7
2066	5	36.801	1004.372	1.763	-1.656	464.4
2066	6	29.477	1005.823	1.601	-0.373	312.2
2066	7	26.912	1005.522	-0.294	-0.129	688.9
2066	8	25.849	1005.775	-3.113	0.000	970.1
2066	9	27.656	1004.720	-1.052	0.990	286.8
2066	10	25.312	1005.687	0.405	-0.941	115.0
2066	11	22.767	1005.730	0.771	-1.721	67.3
2066	12	21.011	1006.902	-0.625	-1.239	71.5
2067	1	22.555	1006.962	-0.603	-3.454	15.2
2067	2	29.148	1006.802	0.107	-2.695	19.2
2067	3	35.651	1004.200	0.776	-2.383	65.9
2067	4	35.849	1003.245	1.451	-1.634	363.7
2067	5	32.313	1005.057	-2.118	0.370	358.8
2067	6	28.387	1004.975	-1.951	-0.856	944.8
2067	7	26.217	1004.813	-2.103	1.133	1306.9
2067	8	26.666	1004.625	-2.406	0.691	568.8
2067	9	29.782	1005.005	-0.832	-0.131	451.9
2067	10	24.501	1005.332	-1.169	-0.432	367.6
2067	11	17.546	1008.567	-2.514	-1.858	20.6
2067	12	29.336	1008.912	-1.204	-2.912	23.0
2068	1	30.206	1008.775	-2.129	-2.902	16.1
2068	2	34.248	1008.390	-1.148	-4.281	16.6
2068	3	35.429	1005.935	-2.005	-2.480	124.5
2068	4	38.651	1004.363	-0.123	-1.891	30.5
2068	5	39.845	1005.203	-2.177	1.315	444.6
2068	6	26.940	1005.355	-1.679	0.223	1007.7
2068	7	26.288	1006.840	-2.432	0.691	789.7
2068	8	27.202	1005.490	-1.726	3.057	1001.8
2068	9	27.879	1006.482	-2.499	2.061	485.2
2068	10	25.109	1006.412	-1.527	0.372	380.2
2068	11	21.740	1007.007	-0.595	0.199	35.8
2068	12	21.677	1007.897	-0.722	-4.020	3.5
2069	1	27.011	1008.882	-1.553	-1.713	10.2
2069	2	33.424	1005.412	-0.200	-2.850	18.2
2069	3	38.472	1004.442	3.377	-1.139	29.5
2069	4	38.138	1004.633	0.604	-2.127	138.6
2069	5	31.638	1003.790	-0.371	-0.540	484.4
2069	6	26.697	1006.238	-1.102	1.550	540.0
2069	7	27.638	1004.963	-2.003	-1.045	565.5
2069	8	26.826	1004.535	-2.721	0.457	935.1
2069	9	26.211	1004.507	-1.953	0.466	902.0
2069	10	28.163	1004.693	-0.828	0.221	465.4
2069	11	16.091	1008.135	-1.841	-1.805	66.5
2069	12	21.452	1007.772	-1.818	-2.401	3.2
2070	1	30.159	1007.348	-2.750	-3.843	11.1
2070	2	32.829	1006.330	-1.312	-2.989	11.7
2070	3	37.310	1006.465	0.187	-3.371	33.5
2070	4	40.461	1005.823	-1.289	-1.813	61.4
2070	5	33.131	1003.908	0.896	-0.533	317.5
2070	6	27.216	1005.067	-1.090	1.475	1033.1
2070	7	27.117	1004.340	-1.399	1.855	697.6
2070	8	26.393	1005.192	-3.169	-0.684	582.1
2070	9	28.034	1004.653	-0.987	0.462	311.8
2070	10	22.255	1006.828	-2.102	-0.625	105.3
2070	11	28.796	1006.438	0.807	-1.691	16.3
2070	12	26.488	1008.705	-2.645	-2.746	5.7
2071	1	31.522	1008.252	-0.462	-4.708	12.3
2071	2	29.060	1007.745	-1.596	-4.600	26.4
2071	3	38.567	1005.765	-0.454	-2.920	24.1
2071	4	37.605	1005.708	-2.229	-2.338	90.3
2071	5	39.193	1004.813	-1.854	-1.225	91.7
2071	6	29.195	1004.567	-2.030	1.035	789.1
2071	7	27.661	1005.085	-1.011	-0.101	749.7
2071	8	27.040	1004.295	-2.640	1.082	689.4
2071	9	26.393	1004.395	-1.650	0.155	153.8
2071	10	26.816	1005.553	-1.200	1.387	76.6
2071	11	21.249	1005.942	-0.895	-1.014	121.1
2071	12	23.688	1009.113	-2.019	-3.116	8.1
2072	1	26.317	1008.710	-0.543	-3.296	33.1
2072	2	31.916	1005.192	-1.172	-3.369	9.8
2072	3	37.826	1006.345	-0.687	-3.751	37.5
2072	4	35.495	1004.655	-1.559	-2.508	103.8
2072	5	41.317	1005.425	-0.237	-0.026	363.2
2072	6	28.501	1005.802	-1.421	0.312	933.1
2072	7	27.784	1005.388	-1.425	0.084	1160.5
2072	8	26.534	1005.475	-2.461	1.831	934.3
2072	9	27.725	1004.840	-0.621	-0.347	570.4
2072	10	23.725	1006.240	-0.642	0.317	207.1
2072	11	22.751	1007.175	-1.892	-1.355	53.6
2072	12	22.381	1008.202	-3.623	-2.521	2.7
2073	1	28.800	1008.688	-2.425	-4.416	3.3
2073	2	34.265	1007.718	-2.265	-1.945	9.3
2073	3	38.957	1005.535	0.992	-2.963	21.2
2073	4	40.520	1003.818	0.184	-2.935	64.7
2073	5	32.267	1004.430	0.126	0.174	473.0
2073	6	27.905	1004.973	-2.118	0.773	796.6
2073	7	28.270	1004.648	-2.002	-0.032	721.7
2073	8	26.475	1005.582	-1.419	-0.195	1223.4
2073	9	27.915	1005.148	-1.615	1.364	536.6
2073	10	25.029	1005.812	-0.500	0.168	277.1
2073	11	25.248	1006.385	-1.710	1.004	56.7
2073	12	29.402	1006.302	0.812	-1.405	5.2
2074	1	31.213	1007.523	0.327	-4.082	12.9
2074	2	35.765	1005.317	0.587	-4.803	2.8
2074	3	39.144	1005.202	0.207	-2.771	60.1
2074	4	39.066	1003.390	-0.238	-1.239	156.3
2074	5	34.659	1005.002	-0.536	-0.447	375.6
2074	6	31.723	1005.645	-2.755	0.351	486.2
2074	7	27.898	1005.720	-2.416	-0.127	971.2
2074	8	26.768	1005.678	-1.351	-0.080	659.6
2074	9	27.645	1005.503	-1.982	0.613	782.4
2074	10	25.135	1006.140	-0.588	0.756	199.6
2074	11	25.104	1006.518	-0.466	-1.331	34.1
2074	12	28.481	1007.308	-1.362	-3.583	7.1
2075	1	25.558	1010.540	-0.832	-4.516	12.7
2075	2	31.351	1007.060	-1.049	-2.659	25.6
2075	3	39.088	1004.312	1.215	-1.808	18.0
2075	4	40.675	1004.502	-0.248	-1.670	83.6
2075	5	35.846	1004.442	-1.329	1.241	401.6
2075	6	28.103	1005.087	-1.511	0.601	470.3
2075	7	27.820	1004.653	-1.956	0.648	1145.7
2075	8	26.890	1006.120	-2.723	0.416	700.5
2075	9	28.703	1003.933	-1.646	-0.325	566.7
2075	10	21.916	1006.330	-1.330	0.037	215.2
2075	11	23.684	1006.860	-2.077	-0.733	5.1
2075	12	30.398	1006.600	0.243	-3.241	9.4
2076	1	25.462	1008.550	-2.613	-3.335	12.5
2076	2	36.533	1006.607	-2.376	-3.143	4.0
2076	3	38.752	1005.248	-1.435	-1.002	59.2
2076	4	37.183	1006.217	-1.002	-1.512	48.5
2076	5	39.170	1005.960	-2.002	-1.595	91.5
2076	6	27.145	1005.723	-1.896	0.315	1290.8
2076	7	26.457	1005.702	-2.934	2.644	643.3
2076	8	27.635	1005.908	-2.014	0.587	704.5
2076	9	29.075	1006.077	-0.729	0.224	402.7
2076	10	26.643	1007.625	-0.664	2.247	127.3
2076	11	17.612	1008.575	0.011	-0.680	145.0
2076	12	25.180	1007.633	-2.202	-3.354	12.9
2077	1	29.397	1007.328	0.202	-4.460	16.6
2077	2	34.569	1007.942	-1.390	-3.455	22.2
2077	3	36.586	1006.720	1.456	-1.513	43.5
2077	4	41.760	1004.863	0.716	-1.019	85.3
2077	5	40.044	1004.793	-0.103	0.146	224.9
2077	6	27.974	1005.820	0.151	1.481	982.5
2077	7	27.061	1006.353	-2.038	3.089	1023.9
2077	8	27.098	1004.690	-1.292	1.466	1203.7
2077	9	28.922	1005.493	-1.844	2.317	601.3
2077	10	23.113	1006.275	-2.123	0.377	219.7
2077	11	23.751	1006.992	1.160	0.308	5.1
2077	12	27.408	1007.075	1.110	-2.024	52.7
2078	1	29.685	1005.950	-0.561	-1.882	22.2
2078	2	34.428	1006.007	-1.593	-2.499	24.8
2078	3	37.795	1006.587	2.369	-2.664	78.9
2078	4	34.500	1005.490	0.465	-1.025	104.8
2078	5	41.694	1005.243	0.284	1.169	213.2
2078	6	28.473	1005.110	-0.371	1.153	1227.8
2078	7	27.647	1005.500	0.469	1.998	1236.9
2078	8	27.300	1005.175	-2.178	1.714	742.7
2078	9	27.343	1005.063	-0.729	0.223	1282.9
2078	10	25.640	1006.095	-0.113	-0.248	184.3
2078	11	23.873	1005.520	-1.418	-1.697	11.9
2078	12	26.727	1006.610	-1.151	-1.261	44.5
2079	1	22.531	1008.020	-2.986	-1.962	10.6
2079	2	34.511	1006.407	-1.469	-1.566	9.0
2079	3	39.139	1005.260	-1.290	-1.388	48.4
2079	4	40.396	1004.135	0.371	-0.100	53.0
2079	5	32.629	1003.340	1.122	0.088	438.9
2079	6	27.365	1006.277	-0.393	0.722	1025.6
2079	7	27.674	1004.693	-1.168	1.020	668.8
2079	8	26.877	1005.762	-1.953	0.868	756.1
2079	9	28.167	1004.612	-0.358	-0.001	613.4
2079	10	25.181	1005.132	-1.397	0.226	383.8
2079	11	23.789	1006.265	-0.287	0.516	174.8
2079	12	19.312	1007.940	-1.095	-0.783	41.8
2080	1	24.337	1008.287	-3.308	-2.792	0.9
2080	2	35.217	1006.503	0.420	-2.981	27.0
2080	3	37.837	1004.835	0.673	-1.471	73.0
2080	4	39.900	1004.362	-0.294	-1.614	15.9
2080	5	36.647	1004.528	-0.518	-1.175	417.7
2080	6	26.735	1005.977	-0.228	-1.525	707.0
2080	7	25.941	1005.353	-1.647	0.093	941.2
2080	8	26.328	1005.332	-1.522	0.471	850.1
2080	9	28.788	1005.175	-2.034	1.199	590.6
2080	10	21.249	1006.298	-0.430	-0.560	66.4
2080	11	23.905	1008.187	-2.337	-1.121	7.8
2080	12	28.457	1008.232	-2.147	-2.255	6.1
2081	1	29.536	1008.715	-1.222	-3.113	4.9
2081	2	33.776	1007.422	-0.813	-2.890	12.1
2081	3	40.517	1005.415	0.628	-4.343	8.2
2081	4	37.306	1004.613	-0.227	-1.745	77.7
2081	5	32.700	1005.485	-1.962	-0.811	428.0
2081	6	28.768	1005.660	-0.274	-1.404	784.8
2081	7	26.105	1005.250	-1.819	-0.453	685.9
2081	8	27.450	1004.690	-2.389	0.739	832.6
2081	9	27.749	1005.125	0.019	-0.149	725.9
2081	10	22.325	1005.983	1.328	-0.812	114.6
2081	11	20.424	1007.095	-1.306	-0.746	2.6
2081	12	22.835	1009.262	-2.097	-2.473	5.5
2082	1	25.575	1009.047	-2.806	-3.394	0.1
2082	2	28.497	1008.893	-3.511	-3.365	13.7
2082	3	39.564	1006.390	-1.101	-2.692	24.5
2082	4	37.602	1005.327	0.360	-0.760	93.7
2082	5	34.242	1004.630	-0.989	0.168	432.8
2082	6	27.325	1006.862	-1.058	0.658	546.3
2082	7	26.525	1006.445	-2.738	-0.015	1176.0
2082	8	27.245	1004.870	-2.133	0.328	908.3
2082	9	27.865	1005.130	-1.895	0.530	719.8
2082	10	21.935	1004.848	0.482	0.279	355.5
2082	11	19.503	1007.693	-0.988	-0.134	22.0
2082	12	29.297	1008.042	-1.814	-4.082	1.4
2083	1	30.944	1007.833	0.008	-2.541	2.0
2083	2	33.284	1008.555	-2.402	-3.003	7.9
2083	3	38.952	1005.207	1.014	-1.691	11.4
2083	4	42.950	1003.933	-0.176	-0.240	75.7
2083	5	32.196	1004.890	0.149	-0.194	680.0
2083	6	28.335	1006.027	0.427	-0.011	506.7
2083	7	26.877	1005.420	-0.903	0.751	763.9
2083	8	27.370	1004.633	-1.308	1.430	951.0
2083	9	26.858	1005.582	-1.944	-1.234	612.0
2083	10	28.605	1005.655	-1.791	-0.838	65.8
2083	11	24.160	1006.420	-2.556	-1.781	30.6
2083	12	27.368	1008.010	-2.732	-3.457	0.5
2084	1	27.289	1009.550	-0.850	-4.195	27.2
2084	2	33.021	1006.622	-2.017	-4.250	12.9
2084	3	36.077	1006.378	-1.298	-3.735	59.3
2084	4	37.516	1004.928	-0.580	-2.763	83.9
2084	5	39.202	1004.622	-1.436	-2.078	76.2
2084	6	34.023	1005.133	-2.512	-0.610	492.8
2084	7	27.273	1005.302	-2.728	-0.223	1151.1
2084	8	27.514	1004.985	-2.132	0.012	1227.3
2084	9	27.860	1004.220	-1.277	-0.098	710.1
2084	10	25.166	1005.453	-1.909	0.060	180.0
2084	11	19.832	1006.708	-1.141	-1.570	33.1
2084	12	27.701	1007.173	-2.329	-1.453	11.0
2085	1	25.448	1007.697	-0.262	-3.510	32.8
2085	2	30.558	1005.823	-1.893	-3.631	14.1
2085	3	36.808	1004.978	1.735	-3.593	68.1
2085	4	39.287	1004.613	2.510	-0.590	66.1
2085	5	33.320	1005.310	-1.572	0.340	845.4
2085	6	26.806	1006.063	-0.920	0.792	521.7
2085	7	26.713	1004.663	-0.851	2.079	1034.8
2085	8	27.824	1004.542	-0.714	2.130	1137.0
2085	9	28.036	1003.480	-0.746	1.129	646.6
2085	10	24.765	1006.250	-1.731	0.379	379.5
2085	11	29.696	1006.065	-1.775	-0.268	47.5
2085	12	29.228	1006.695	-2.548	-2.073	2.2
2086	1	28.613	1008.790	-0.946	-1.841	14.9
2086	2	34.245	1006.827	-0.966	-2.034	12.8
2086	3	38.775	1005.347	1.399	-3.220	20.7
2086	4	40.662	1005.030	1.209	-2.908	68.6
2086	5	39.524	1003.095	-1.419	-1.051	300.3
2086	6	27.733	1005.555	-1.700	0.488	1097.7
2086	7	26.789	1005.643	-2.093	1.168	1434.0
2086	8	26.943	1005.175	-1.888	1.086	972.1
2086	9	25.959	1004.685	-0.741	1.044	851.4
2086	10	25.307	1004.773	-1.460	0.652	253.7
2086	11	25.193	1006.152	0.010	0.577	31.8
2086	12	25.607	1008.343	-1.584	-2.019	2.7
2087	1	30.172	1006.310	0.066	-2.468	13.8
2087	2	26.796	1008.532	-2.776	-1.871	13.7
2087	3	36.368	1005.417	-2.497	-3.647	25.6
2087	4	38.499	1005.157	-1.371	-2.758	87.2
2087	5	37.766	1003.972	-0.391	-2.348	418.1
2087	6	28.581	1005.358	-0.640	-0.461	816.2
2087	7	27.343	1005.127	-1.440	-1.470	675.0
2087	8	27.448	1004.778	-2.475	-1.016	498.2
2087	9	28.002	1003.833	-1.177	-0.522	564.5
2087	10	23.306	1005.215	-0.162	-0.602	299.0
2087	11	24.716	1004.767	-0.775	-1.914	0.4
2087	12	27.023	1007.152	0.425	-3.012	8.5
2088	1	29.929	1007.653	-0.484	-3.457	18.2
2088	2	30.710	1006.365	-0.525	-3.273	14.8
2088	3	39.073	1004.980	-0.565	-2.655	13.5
2088	4	37.613	1004.942	-0.762	-2.672	83.4
2088	5	39.336	1004.302	-1.242	-2.260	389.3
2088	6	27.154	1005.503	-1.721	-1.008	941.8
2088	7	27.625	1004.545	-1.694	-0.330	515.0
2088	8	27.674	1004.197	-1.931	-0.338	755.1
2088	9	27.147	1004.837	-2.231	-0.789	796.9
2088	10	26.602	1003.812	0.027	1.143	269.0
2088	11	17.595	1007.232	-0.687	-0.846	17.7
2088	12	27.301	1007.865	-2.367	-3.445	3.4
2089	1	28.009	1007.692	-1.430	-3.445	1.9
2089	2	34.451	1007.208	-1.556	-2.267	25.3
2089	3	38.629	1004.323	0.724	-1.485	20.3
2089	4	40.909	1003.820	-0.049	-1.986	49.8
2089	5	35.175	1003.602	-0.636	-1.231	454.2
2089	6	28.467	1005.095	0.525	-0.035	415.1
2089	7	27.642	1004.877	-1.566	0.958	1041.6
2089	8	26.296	1005.078	-1.474	0.926	1036.9
2089	9	27.547	1004.138	0.148	1.569	865.2
2089	10	22.388	1006.480	-0.457	0.690	151.8
2089	11	25.338	1006.185	0.488	-1.246	42.8
2089	12	25.898	1008.108	-0.743	-4.345	9.8
2090	1	24.708	1006.865	-0.857	-3.427	16.6
2090	2	28.927	1008.028	0.642	-3.040	19.9
2090	3	38.267	1004.320	0.745	-2.432	76.7
2090	4	37.186	1004.797	1.868	-2.497	143.1
2090	5	33.040	1004.547	-0.479	-1.479	804.8
2090	6	28.119	1005.480	-2.058	-1.625	814.3
2090	7	26.512	1005.005	-1.181	-1.084	772.6
2090	8	27.130	1004.677	-2.225	-0.443	511.3
2090	9	28.965	1003.837	-0.640	-0.945	549.9
2090	10	23.190	1005.543	-1.720	-1.567	102.3
2090	11	27.141	1005.840	-0.196	-0.593	20.6
2090	12	27.118	1008.872	-2.704	-2.331	7.2
2091	1	28.013	1008.827	-1.737	-1.997	2.3
2091	2	30.594	1008.582	-3.388	-2.024	6.3
2091	3	39.874	1005.660	0.559	-2.588	17.3
2091	4	39.563	1004.502	-0.199	-3.140	31.1
2091	5	37.336	1005.545	-0.887	-0.575	154.2
2091	6	29.011	1005.490	-2.443	-0.428	335.3
2091	7	28.476	1005.713	-2.657	0.887	592.4
2091	8	27.392	1004.107	-2.106	1.176	975.8
2091	9	28.857	1003.862	-1.978	0.010	483.1
2091	10	22.582	1007.398	-0.065	0.533	221.2
2091	11	22.186	1008.587	-1.879	-1.843	1.9
2091	12	30.239	1007.017	-1.747	-1.834	7.4
2092	1	28.568	1009.697	-1.800	-3.066	14.5
2092	2	30.559	1007.735	-2.307	-1.965	23.7
2092	3	39.147	1005.848	-0.392	-1.277	9.5
2092	4	39.555	1005.550	1.611	-2.375	75.5
2092	5	39.054	1004.807	0.807	0.550	240.0
2092	6	27.938	1006.212	1.310	1.693	1212.9
2092	7	27.146	1005.262	-0.210	2.684	1100.2
2092	8	27.468	1005.210	-1.554	0.402	571.0
2092	9	28.230	1005.370	-0.045	0.898	561.1
2092	10	26.963	1005.628	0.906	-1.050	172.4
2092	11	19.902	1007.882	-2.380	-0.671	135.6
2092	12	25.307	1008.132	-1.644	-2.485	5.4
2093	1	29.512	1010.163	-0.331	-4.891	20.8
2093	2	34.752	1006.433	-0.866	-3.986	4.0
2093	3	42.030	1004.752	-0.739	-1.179	8.3
2093	4	40.516	1004.445	0.234	-0.122	72.6
2093	5	41.850	1004.418	-0.873	-0.727	57.5
2093	6	32.699	1006.067	-1.296	-0.701	246.5
2093	7	27.731	1005.068	-1.528	1.742	1555.1
2093	8	28.140	1004.852	-1.858	3.049	931.0
2093	9	28.256	1006.360	-1.729	2.726	926.5
2093	10	26.756	1006.838	-1.774	1.177	75.4
2093	11	23.635	1006.810	0.809	0.156	29.6
2093	12	24.503	1007.952	-1.190	-1.094	1.6
2094	1	31.436	1006.175	-1.484	-2.202	10.6
2094	2	25.352	1008.263	0.195	-3.301	123.8
2094	3	35.259	1005.820	1.081	-2.976	90.1
2094	4	39.467	1005.655	-1.913	-1.086	171.6
2094	5	33.548	1004.965	-0.541	-0.586	460.0
2094	6	27.787	1005.392	-1.748	0.699	399.0
2094	7	28.181	1005.843	-2.146	0.343	1233.5
2094	8	27.728	1005.203	-2.420	1.206	887.7
2094	9	28.931	1004.040	-0.168	1.266	971.8
2094	10	23.529	1007.012	-1.454	1.237	550.7
2094	11	17.938	1006.512	-2.012	-0.600	25.2
2094	12	27.931	1007.275	-1.390	-2.608	16.6
2095	1	25.893	1008.367	-1.678	-4.329	4.7
2095	2	30.850	1008.363	-3.082	-3.038	11.7
2095	3	37.600	1004.932	-1.548	-3.192	54.7
2095	4	40.256	1004.767	-0.564	-1.564	113.0
2095	5	34.929	1005.238	-2.485	-1.207	705.3
2095	6	29.727	1005.480	-2.724	-0.600	88.4
2095	7	27.480	1005.420	-1.992	0.306	1080.9
2095	8	27.318	1004.557	-0.986	0.011	771.0
2095	9	28.302	1004.647	-1.524	-0.949	562.6
2095	10	25.652	1005.965	-1.562	-0.490	216.4
2095	11	19.177	1007.105	-1.927	0.242	115.8
2095	12	17.100	1009.755	-3.204	-1.717	6.8
2096	1	27.565	1008.025	-2.976	-1.839	8.3
2096	2	33.312	1007.108	-0.875	-1.964	12.4
2096	3	38.713	1004.472	1.395	-1.424	33.8
2096	4	39.964	1003.798	1.110	-1.390	74.5
2096	5	36.100	1002.877	3.701	0.279	354.2
2096	6	30.588	1006.058	-1.956	-0.445	436.4
2096	7	27.865	1005.488	-1.107	-0.553	565.0
2096	8	28.335	1004.232	-2.796	-0.170	869.2
2096	9	28.825	1003.703	-1.422	1.134	619.6
2096	10	26.811	1003.953	0.831	0.076	686.7
2096	11	17.404	1008.338	-1.248	-1.597	13.8
2096	12	24.082	1007.638	-2.238	-3.209	3.2
2097	1	31.033	1007.382	-2.326	-3.340	20.2
2097	2	34.473	1005.597	-0.233	-2.698	26.9
2097	3	36.393	1004.498	-1.011	-1.622	51.0
2097	4	40.127	1005.060	-1.178	-2.762	70.0
2097	5	37.240	1003.972	-1.016	-1.395	279.9
2097	6	29.500	1005.743	-1.183	0.014	817.4
2097	7	28.893	1006.127	-0.448	-0.200	457.7
2097	8	28.409	1006.237	-0.175	2.385	609.9
2097	9	27.721	1005.843	-0.552	1.470	1043.8
2097	10	24.994	1005.403	2.171	1.051	333.8
2097	11	16.259	1008.943	-3.000	0.329	4.0
2097	12	24.931	1009.233	-1.852	-1.507	1.7
2098	1	25.581	1010.323	-3.173	-2.905	24.8
2098	2	35.119	1007.427	-0.740	-0.593	30.5
2098	3	39.198	1006.420	0.183	-1.910	12.1
2098	4	41.633	1006.443	-0.489	-0.842	77.8
2098	5	41.918	1004.638	0.713	0.875	213.8
2098	6	28.035	1006.012	-1.383	0.021	673.1
2098	7	28.952	1006.235	-2.702	0.968	503.6
2098	8	28.848	1005.335	-0.833	3.068	841.7
2098	9	27.962	1004.537	-1.298	2.518	722.0
2098	10	26.511	1005.630	-0.795	0.319	823.3
2098	11	20.453	1007.283	-0.929	-1.148	13.9
2098	12	29.930	1007.508	-2.030	0.218	4.0
2099	1	32.016	1007.168	-0.500	-3.159	11.7
2099	2	33.855	1008.148	-0.471	-2.272	8.7
2099	3	39.943	1006.863	0.200	-2.700	39.7
2099	4	41.341	1005.155	-0.493	0.893	29.0
2099	5	37.031	1004.520	-0.372	1.544	596.9
2099	6	30.583	1006.093	1.222	0.729	799.3
2099	7	28.124	1007.065	-2.837	2.244	558.1
2099	8	30.572	1006.062	-2.876	3.086	440.9
2099	9	27.917	1005.330	-1.183	3.654	941.3
2099	10	27.013	1006.227	0.243	2.333	393.7
2099	11	21.697	1006.860	-1.273	-1.487	5.7
2099	12	30.132	1006.975	0.682	-2.425	91.3
2100	1	22.450	1009.320	-0.247	-2.517	6.4
2100	2	34.833	1007.693	-1.549	-2.784	1.7
2100	3	40.693	1005.953	0.729	-1.779	9.9
2100	4	43.792	1004.872	0.147	-0.957	45.6
2100	5	42.331	1003.360	1.513	0.529	49.9
2100	6	32.278	1005.887	-0.399	1.088	410.2
2100	7	28.161	1005.965	-2.853	1.801	293.0
2100	8	28.003	1005.307	-1.908	2.649	697.7
2100	9	27.616	1005.555	-1.084	2.478	911.0
2100	10	24.898	1006.177	-1.486	1.638	124.7
2100	11	18.900	1007.532	-1.392	-1.076	52.5
2100	12	23.849	1008.388	0.396	-1.119	23.3