743.012053472957
640.487007083719
357.037277127526
640.487007083719
766.394223594383
640.487007083719
640.487007083719
766.394223594383
539.723938480106
640.487007083719
743.012053472957
640.487007083719
640.487007083719
539.723938480106
743.012053472957
539.723938480106
743.012053472957
743.012053472957
766.394223594383
743.012053472957
357.037277127526
539.723938480106
743.012053472957
743.012053472957
464.392210401701
464.392210401701
743.012053472957
464.392210401701
357.037277127526
743.012053472957
743.012053472957
743.012053472957
743.012053472957
743.012053472957
766.394223594383
640.487007083719
743.012053472957
464.392210401701
743.012053472957
743.012053472957
743.012053472957
539.723938480106
743.012053472957
464.392210401701
743.012053472957
464.392210401701
640.487007083719
766.394223594383
743.012053472957
640.487007083719
743.012053472957
464.392210401701
743.012053472957
640.487007083719
766.394223594383
464.392210401701
640.487007083719
766.394223594383
640.487007083719
743.012053472957
743.012053472957
743.012053472957
640.487007083719
640.487007083719
640.487007083719
743.012053472957
464.392210401701
539.723938480106
743.012053472957
640.487007083719
539.723938480106
743.012053472957
743.012053472957
539.723938480106
640.487007083719
766.394223594383
743.012053472957
464.392210401701
743.012053472957
743.012053472957
743.012053472957
640.487007083719
464.392210401701
743.012053472957
539.723938480106
766.394223594383
640.487007083719
743.012053472957
743.012053472957
743.012053472957
743.012053472957
357.037277127526
743.012053472957
464.392210401701
464.392210401701
743.012053472957
766.394223594383
464.392210401701
743.012053472957
766.394223594383
743.012053472957
640.487007083719
539.723938480106
357.037277127526
640.487007083719
743.012053472957
743.012053472957
743.012053472957
743.012053472957
743.012053472957
743.012053472957
640.487007083719
640.487007083719
743.012053472957
743.012053472957
539.723938480106
640.487007083719
640.487007083719
743.012053472957
640.487007083719
743.012053472957
640.487007083719
743.012053472957
464.392210401701
766.394223594383
743.012053472957
357.037277127526
743.012053472957
640.487007083719
743.012053472957
743.012053472957
766.394223594383
539.723938480106
357.037277127526
743.012053472957
743.012053472957
766.394223594383
464.392210401701
743.012053472957
464.392210401701
743.012053472957
539.723938480106
766.394223594383
766.394223594383
766.394223594383
743.012053472957
743.012053472957
766.394223594383
743.012053472957
640.487007083719
539.723938480106
743.012053472957
766.394223594383
743.012053472957
743.012053472957
640.487007083719
743.012053472957
743.012053472957
539.723938480106
743.012053472957
743.012053472957
743.012053472957
766.394223594383
464.392210401701
539.723938480106
464.392210401701
640.487007083719
743.012053472957
464.392210401701
357.037277127526
640.487007083719
640.487007083719
766.394223594383
464.392210401701
640.487007083719
539.723938480106
743.012053472957
464.392210401701
539.723938480106
640.487007083719
766.394223594383
743.012053472957
539.723938480106
464.392210401701
743.012053472957
357.037277127526
357.037277127526
743.012053472957
640.487007083719
743.012053472957
766.394223594383
357.037277127526
640.487007083719
464.392210401701
640.487007083719
539.723938480106
357.037277127526
743.012053472957
766.394223594383
539.723938480106
766.394223594383
743.012053472957
464.392210401701
357.037277127526
743.012053472957
539.723938480106
743.012053472957
743.012053472957
743.012053472957
640.487007083719
743.012053472957
539.723938480106
539.723938480106
743.012053472957
743.012053472957
640.487007083719
640.487007083719
743.012053472957
640.487007083719
464.392210401701
766.394223594383
640.487007083719
539.723938480106
743.012053472957
464.392210401701
357.037277127526
743.012053472957
464.392210401701
464.392210401701
640.487007083719
743.012053472957
640.487007083719
640.487007083719
539.723938480106
640.487007083719
743.012053472957
640.487007083719
640.487007083719
743.012053472957
640.487007083719
640.487007083719
743.012053472957
464.392210401701
357.037277127526
640.487007083719
464.392210401701
640.487007083719
743.012053472957
743.012053472957
743.012053472957
357.037277127526
743.012053472957
640.487007083719
743.012053472957
357.037277127526
640.487007083719
766.394223594383
539.723938480106
464.392210401701
743.012053472957
357.037277127526
464.392210401701
357.037277127526
539.723938480106
464.392210401701
539.723938480106
464.392210401701
464.392210401701
539.723938480106
640.487007083719
743.012053472957
539.723938480106
539.723938480106
640.487007083719
539.723938480106
743.012053472957
743.012053472957
464.392210401701
743.012053472957
743.012053472957
743.012053472957
766.394223594383
743.012053472957
640.487007083719
539.723938480106
357.037277127526
640.487007083719
464.392210401701
743.012053472957
743.012053472957
640.487007083719
640.487007083719
743.012053472957
743.012053472957
640.487007083719
743.012053472957
640.487007083719
766.394223594383
743.012053472957
539.723938480106
