1266.38610453292
1451.0292169637
1243.86206896848
1451.0292169637
1270.64327971123
1130.12206310616
1451.0292169637
1243.86206896848
1451.0292169637
1130.12206310616
1130.12206310616
1451.0292169637
1451.0292169637
1243.86206896848
1451.0292169637
1243.86206896848
1270.64327971123
1451.0292169637
1266.38610453292
1130.12206310616
1130.12206310616
1041.68561429944
1451.0292169637
1130.12206310616
1243.86206896848
1041.68561429944
1041.68561429944
1243.86206896848
1266.38610453292
1243.86206896848
1451.0292169637
1243.86206896848
1266.38610453292
1451.0292169637
1451.0292169637
1243.86206896848
1130.12206310616
1130.12206310616
1451.0292169637
1243.86206896848
1243.86206896848
1041.68561429944
1451.0292169637
1451.0292169637
1130.12206310616
1266.38610453292
1266.38610453292
1451.0292169637
1243.86206896848
1451.0292169637
1451.0292169637
1041.68561429944
1270.64327971123
1451.0292169637
1243.86206896848
1130.12206310616
1451.0292169637
1451.0292169637
1451.0292169637
1270.64327971123
1451.0292169637
1270.64327971123
1243.86206896848
1451.0292169637
1243.86206896848
1451.0292169637
1041.68561429944
1451.0292169637
1266.38610453292
1451.0292169637
1451.0292169637
1243.86206896848
1130.12206310616
1451.0292169637
1130.12206310616
1130.12206310616
1451.0292169637
1130.12206310616
1243.86206896848
1243.86206896848
1130.12206310616
1451.0292169637
1041.68561429944
1451.0292169637
1451.0292169637
1041.68561429944
1130.12206310616
1243.86206896848
1451.0292169637
1451.0292169637
1130.12206310616
1451.0292169637
1243.86206896848
1451.0292169637
1243.86206896848
1243.86206896848
1451.0292169637
1451.0292169637
1451.0292169637
1243.86206896848
1451.0292169637
1243.86206896848
1451.0292169637
1270.64327971123
1243.86206896848
1041.68561429944
1451.0292169637
1243.86206896848
1130.12206310616
1266.38610453292
1130.12206310616
1266.38610453292
1041.68561429944
1041.68561429944
1270.64327971123
1041.68561429944
1130.12206310616
1243.86206896848
1041.68561429944
1130.12206310616
1266.38610453292
1451.0292169637
1451.0292169637
1451.0292169637
1041.68561429944
1130.12206310616
1451.0292169637
1451.0292169637
1130.12206310616
1266.38610453292
1041.68561429944
1130.12206310616
1243.86206896848
1243.86206896848
1041.68561429944
1243.86206896848
1451.0292169637
1451.0292169637
1451.0292169637
1451.0292169637
1243.86206896848
1243.86206896848
1451.0292169637
1451.0292169637
1243.86206896848
1041.68561429944
1041.68561429944
1243.86206896848
1451.0292169637
1451.0292169637
1451.0292169637
1243.86206896848
1451.0292169637
1270.64327971123
1270.64327971123
1243.86206896848
1451.0292169637
1451.0292169637
1130.12206310616
1243.86206896848
1451.0292169637
1243.86206896848
1451.0292169637
1243.86206896848
1130.12206310616
1270.64327971123
1041.68561429944
1451.0292169637
1451.0292169637
1451.0292169637
1243.86206896848
1266.38610453292
1451.0292169637
1451.0292169637
1451.0292169637
1451.0292169637
1243.86206896848
1451.0292169637
1451.0292169637
1270.64327971123
1130.12206310616
1041.68561429944
1451.0292169637
1041.68561429944
1451.0292169637
1243.86206896848
1130.12206310616
1243.86206896848
1451.0292169637
1130.12206310616
1451.0292169637
1451.0292169637
1130.12206310616
1451.0292169637
1451.0292169637
1270.64327971123
1243.86206896848
1451.0292169637
1243.86206896848
1243.86206896848
1243.86206896848
1243.86206896848
1451.0292169637
1266.38610453292
1243.86206896848
1451.0292169637
1130.12206310616
1270.64327971123
1266.38610453292
1130.12206310616
1451.0292169637
1451.0292169637
1451.0292169637
1243.86206896848
1130.12206310616
1451.0292169637
1270.64327971123
1130.12206310616
1041.68561429944
1041.68561429944
1451.0292169637
1451.0292169637
1243.86206896848
1451.0292169637
1243.86206896848
1270.64327971123
1451.0292169637
1130.12206310616
1451.0292169637
1130.12206310616
1243.86206896848
1451.0292169637
1451.0292169637
1451.0292169637
1451.0292169637
1451.0292169637
1451.0292169637
1266.38610453292
1451.0292169637
1270.64327971123
1451.0292169637
1451.0292169637
1451.0292169637
1130.12206310616
1130.12206310616
1451.0292169637
1243.86206896848
1041.68561429944
1451.0292169637
1451.0292169637
1243.86206896848
1451.0292169637
1451.0292169637
1130.12206310616
1270.64327971123
1266.38610453292
1451.0292169637
1451.0292169637
1451.0292169637
1451.0292169637
1270.64327971123
1270.64327971123
1130.12206310616
1243.86206896848
1266.38610453292
1130.12206310616
1451.0292169637
1451.0292169637
1451.0292169637
1266.38610453292
1270.64327971123
1451.0292169637
1243.86206896848
1243.86206896848
1270.64327971123
1451.0292169637
1130.12206310616
1243.86206896848
1243.86206896848
1243.86206896848
1041.68561429944
1130.12206310616
1243.86206896848
1041.68561429944
1451.0292169637
1451.0292169637
1451.0292169637
1130.12206310616
1243.86206896848
1130.12206310616
1266.38610453292
1243.86206896848
1270.64327971123
1130.12206310616
1451.0292169637
1270.64327971123
1451.0292169637
1041.68561429944
1266.38610453292
1130.12206310616
