1009.77466666667 1010.76533333333 1011.63366666667 1011.96766666667 1011.717 1010.57033333333 1009.57433333333 1008.77266666667 1008.96966666667 1008.76933333333 1009.692 1009.917 1010.804 1010.85166666667 1011.99066666667 1013.128 1013.42066666667 1012.47833333333 1011.08266666667 1009.611 1008.715 1007.777 1008.54933333333 1009.46566666667 1011.28533333333 1012.52633333333 1014.09233333333
1010.804 1010.85166666667 1011.99066666667 1013.128 1013.42066666667 1012.47833333333 1011.08266666667 1009.611 1008.715 1007.777 1008.54933333333 1009.46566666667 1011.28533333333 1012.52633333333 1014.09233333333 1014.20833333333 1013.60433333333 1011.62133333333 1010.27633333333 1008.66533333333 1007.99166666667 1007.82066666667 1008.02833333333 1008.87333333333 1010.30266666667 1012.311 1013.364
1011.28533333333 1012.52633333333 1014.09233333333 1014.20833333333 1013.60433333333 1011.62133333333 1010.27633333333 1008.66533333333 1007.99166666667 1007.82066666667 1008.02833333333 1008.87333333333 1010.30266666667 1012.311 1013.364 1013.29266666667 1012.47866666667 1011.551 1010.756 1009.97566666667 1009.158 1008.94533333333 1008.63033333333 1009.50633333333 1010.33733333333 1011.902 1013.12466666667
1010.30266666667 1012.311 1013.364 1013.29266666667 1012.47866666667 1011.551 1010.756 1009.97566666667 1009.158 1008.94533333333 1008.63033333333 1009.50633333333 1010.33733333333 1011.902 1013.12466666667 1013.54033333333 1013.30933333333 1011.99133333333 1011.096 1010.088 1009.732 1008.80333333333 1009.154 1009.59666666667 1010.515 1011.441 1012.45733333333
1010.33733333333 1011.902 1013.12466666667 1013.54033333333 1013.30933333333 1011.99133333333 1011.096 1010.088 1009.732 1008.80333333333 1009.154 1009.59666666667 1010.515 1011.441 1012.45733333333 1013.75366666667 1013.52433333333 1012.49366666667 1010.712 1009.497 1008.105 1007.98933333333 1008.30166666667 1009.666 1010.721 1011.77 1012.66166666667
1010.515 1011.441 1012.45733333333 1013.75366666667 1013.52433333333 1012.49366666667 1010.712 1009.497 1008.105 1007.98933333333 1008.30166666667 1009.666 1010.721 1011.77 1012.66166666667 1012.80633333333 1012.53566666667 1011.759 1010.813 1009.37033333333 1008.45133333333 1008.20933333333 1009.00066666667 1010.45333333333 1011.685 1013.545 1014.72666666667
1010.721 1011.77 1012.66166666667 1012.80633333333 1012.53566666667 1011.759 1010.813 1009.37033333333 1008.45133333333 1008.20933333333 1009.00066666667 1010.45333333333 1011.685 1013.545 1014.72666666667 1015.55966666667 1014.90366666667 1013.686 1012.25766666667 1010.98766666667 1009.907 1009.461 1009.54066666667 1009.711 1010.683 1011.462 1012.43066666667
1011.685 1013.545 1014.72666666667 1015.55966666667 1014.90366666667 1013.686 1012.25766666667 1010.98766666667 1009.907 1009.461 1009.54066666667 1009.711 1010.683 1011.462 1012.43066666667 1012.532 1012.11766666667 1011.33366666667 1009.98166666667 1009.141 1007.79933333333 1008.11266666667 1008.00866666667 1009.397 1009.51866666667 1010.54433333333 1010.698
1010.683 1011.462 1012.43066666667 1012.532 1012.11766666667 1011.33366666667 1009.98166666667 1009.141 1007.79933333333 1008.11266666667 1008.00866666667 1009.397 1009.51866666667 1010.54433333333 1010.698 1011.43933333333 1010.58733333333 1010.05333333333 1008.40766666667 1008.561 1007.96666666667 1008.48566666667 1008.65733333333 1009.91233333333 1010.41533333333 1011.21633333333 1011.63566666667
1009.51866666667 1010.54433333333 1010.698 1011.43933333333 1010.58733333333 1010.05333333333 1008.40766666667 1008.561 1007.96666666667 1008.48566666667 1008.65733333333 1009.91233333333 1010.41533333333 1011.21633333333 1011.63566666667 1012.34233333333 1012.25833333333 1011.24966666667 1009.88133333333 1008.79533333333 1007.337 1007.385 1008.204 1010.206 1011.429 1012.54233333333 1013.996
1010.41533333333 1011.21633333333 1011.63566666667 1012.34233333333 1012.25833333333 1011.24966666667 1009.88133333333 1008.79533333333 1007.337 1007.385 1008.204 1010.206 1011.429 1012.54233333333 1013.996 1014.84833333333 1014.23333333333 1013.06833333333 1011.23466666667 1010.01966666667 1009.21066666667 1008.89966666667 1009.232 1009.64733333333 1011.00233333333 1011.792 1012.66433333333
1011.429 1012.54233333333 1013.996 1014.84833333333 1014.23333333333 1013.06833333333 1011.23466666667 1010.01966666667 1009.21066666667 1008.89966666667 1009.232 1009.64733333333 1011.00233333333 1011.792 1012.66433333333 1012.49466666667 1012.42666666667 1011.39133333333 1010.70366666667 1009.48066666667 1009.58233333333 1009.14 1008.737 1008.807 1009.56433333333 1010.83466666667 1011.13766666667
1011.00233333333 1011.792 1012.66433333333 1012.49466666667 1012.42666666667 1011.39133333333 1010.70366666667 1009.48066666667 1009.58233333333 1009.14 1008.737 1008.807 1009.56433333333 1010.83466666667 1011.13766666667 1011.32066666667 1010.97766666667 1010.497 1009.98033333333 1009.362 1008.54033333333 1008.112 1008.283 1009.32866666667 1010.54066666667 1011.972 1013.46866666667
1009.56433333333 1010.83466666667 1011.13766666667 1011.32066666667 1010.97766666667 1010.497 1009.98033333333 1009.362 1008.54033333333 1008.112 1008.283 1009.32866666667 1010.54066666667 1011.972 1013.46866666667 1014.12966666667 1013.658 1011.85833333333 1010.05066666667 1008.845 1007.77866666667 1007.74266666667 1008.57166666667 1009.49166666667 1010.88833333333 1012.002 1013.63866666667
1010.54066666667 1011.972 1013.46866666667 1014.12966666667 1013.658 1011.85833333333 1010.05066666667 1008.845 1007.77866666667 1007.74266666667 1008.57166666667 1009.49166666667 1010.88833333333 1012.002 1013.63866666667 1013.91933333333 1013.25266666667 1012.17366666667 1011.02733333333 1010.09266666667 1008.63266666667 1008.037 1007.59833333333 1008.97866666667 1010.75233333333 1013.25533333333 1014.677
1010.88833333333 1012.002 1013.63866666667 1013.91933333333 1013.25266666667 1012.17366666667 1011.02733333333 1010.09266666667 1008.63266666667 1008.037 1007.59833333333 1008.97866666667 1010.75233333333 1013.25533333333 1014.677 1015.20333333333 1014.22633333333 1012.74966666667 1010.73633333333 1010.009 1008.92333333333 1008.61966666667 1007.82266666667 1008.80366666667 1010.881 1012.807 1014.15333333333
1010.75233333333 1013.25533333333 1014.677 1015.20333333333 1014.22633333333 1012.74966666667 1010.73633333333 1010.009 1008.92333333333 1008.61966666667 1007.82266666667 1008.80366666667 1010.881 1012.807 1014.15333333333 1013.95066666667 1013.67366666667 1012.77766666667 1011.70466666667 1010.517 1009.60866666667 1009.26466666667 1009.61266666667 1010.238 1010.75766666667 1011.562 1012.204
1010.881 1012.807 1014.15333333333 1013.95066666667 1013.67366666667 1012.77766666667 1011.70466666667 1010.517 1009.60866666667 1009.26466666667 1009.61266666667 1010.238 1010.75766666667 1011.562 1012.204 1013.02733333333 1012.478 1011.509 1010.21266666667 1008.68533333333 1008.16033333333 1007.379 1008.38766666667 1009.89666666667 1011.968 1013.74333333333 1014.28033333333
1010.75766666667 1011.562 1012.204 1013.02733333333 1012.478 1011.509 1010.21266666667 1008.68533333333 1008.16033333333 1007.379 1008.38766666667 1009.89666666667 1011.968 1013.74333333333 1014.28033333333 1014.19266666667 1013.49533333333 1012.299 1011.28633333333 1010.32066666667 1009.84766666667 1009.49833333333 1009.246 1009.666 1010.52433333333 1011.6 1012.291
1011.968 1013.74333333333 1014.28033333333 1014.19266666667 1013.49533333333 1012.299 1011.28633333333 1010.32066666667 1009.84766666667 1009.49833333333 1009.246 1009.666 1010.52433333333 1011.6 1012.291 1012.48666666667 1011.91233333333 1010.97966666667 1010.51866666667 1009.645 1009.481 1007.98966666667 1008.63666666667 1008.38233333333 1009.983 1011.04533333333 1012.33433333333
1010.52433333333 1011.6 1012.291 1012.48666666667 1011.91233333333 1010.97966666667 1010.51866666667 1009.645 1009.481 1007.98966666667 1008.63666666667 1008.38233333333 1009.983 1011.04533333333 1012.33433333333 1013.14333333333 1012.87933333333 1012.22566666667 1010.77033333333 1009.47066666667 1008.542 1009.008 1010.23 1011.954 1012.89166666667 1014.08266666667 1015.07733333333
1009.983 1011.04533333333 1012.33433333333 1013.14333333333 1012.87933333333 1012.22566666667 1010.77033333333 1009.47066666667 1008.542 1009.008 1010.23 1011.954 1012.89166666667 1014.08266666667 1015.07733333333 1015.59933333333 1015.20666666667 1013.815 1012.516 1011.17966666667 1010.646 1009.783 1009.56566666667 1009.519 1010.21866666667 1010.60866666667 1011.452
1012.89166666667 1014.08266666667 1015.07733333333 1015.59933333333 1015.20666666667 1013.815 1012.516 1011.17966666667 1010.646 1009.783 1009.56566666667 1009.519 1010.21866666667 1010.60866666667 1011.452 1011.02733333333 1010.586 1009.82433333333 1009.88133333333 1009.26833333333 1009.022 1008.839 1009.76733333333 1009.67866666667 1010.23133333333 1010.83833333333 1011.64266666667
1010.21866666667 1010.60866666667 1011.452 1011.02733333333 1010.586 1009.82433333333 1009.88133333333 1009.26833333333 1009.022 1008.839 1009.76733333333 1009.67866666667 1010.23133333333 1010.83833333333 1011.64266666667 1011.61766666667 1011.06766666667 1010.02033333333 1009.79866666667 1008.80266666667 1008.445 1007.83366666667 1008.273 1009.03833333333 1009.46233333333 1010.24 1010.48733333333
1010.23133333333 1010.83833333333 1011.64266666667 1011.61766666667 1011.06766666667 1010.02033333333 1009.79866666667 1008.80266666667 1008.445 1007.83366666667 1008.273 1009.03833333333 1009.46233333333 1010.24 1010.48733333333 1011.20133333333 1011.05266666667 1010.83266666667 1009.86766666667 1008.623 1007.36 1007.36266666667 1008.08366666667 1009.13433333333 1010.66533333333 1012.276 1014.15133333333
1009.46233333333 1010.24 1010.48733333333 1011.20133333333 1011.05266666667 1010.83266666667 1009.86766666667 1008.623 1007.36 1007.36266666667 1008.08366666667 1009.13433333333 1010.66533333333 1012.276 1014.15133333333 1013.70333333333 1012.87566666667 1011.281 1010.41333333333 1008.84166666667 1008.08566666667 1007.904 1008.81733333333 1009.792 1011.291 1012.786 1013.90566666667
1010.66533333333 1012.276 1014.15133333333 1013.70333333333 1012.87566666667 1011.281 1010.41333333333 1008.84166666667 1008.08566666667 1007.904 1008.81733333333 1009.792 1011.291 1012.786 1013.90566666667 1013.91933333333 1012.87566666667 1011.11866666667 1009.91 1009.358 1009.266 1008.80466666667 1008.59333333333 1008.98333333333 1010.36033333333 1011.99033333333 1012.86433333333
1011.291 1012.786 1013.90566666667 1013.91933333333 1012.87566666667 1011.11866666667 1009.91 1009.358 1009.266 1008.80466666667 1008.59333333333 1008.98333333333 1010.36033333333 1011.99033333333 1012.86433333333 1012.474 1011.42666666667 1010.85166666667 1009.49766666667 1009.443 1007.87633333333 1008.93033333333 1008.45533333333 1010.07233333333 1010.32366666667 1011.71566666667 1013.11466666667
1010.36033333333 1011.99033333333 1012.86433333333 1012.474 1011.42666666667 1010.85166666667 1009.49766666667 1009.443 1007.87633333333 1008.93033333333 1008.45533333333 1010.07233333333 1010.32366666667 1011.71566666667 1013.11466666667 1013.983 1013.75866666667 1012.31966666667 1010.948 1009.748 1008.95866666667 1008.491 1008.898 1009.55566666667 1010.905 1011.793 1013.12
1010.32366666667 1011.71566666667 1013.11466666667 1013.983 1013.75866666667 1012.31966666667 1010.948 1009.748 1008.95866666667 1008.491 1008.898 1009.55566666667 1010.905 1011.793 1013.12 1013.12333333333 1012.904 1011.971 1011.35966666667 1009.97333333333 1008.589 1008.15066666667 1008.39966666667 1009.88866666667 1010.75133333333 1012.40966666667 1012.93033333333
1010.905 1011.793 1013.12 1013.12333333333 1012.904 1011.971 1011.35966666667 1009.97333333333 1008.589 1008.15066666667 1008.39966666667 1009.88866666667 1010.75133333333 1012.40966666667 1012.93033333333 1013.257 1012.77566666667 1011.843 1010.72166666667 1009.691 1009.00266666667 1008.338 1008.26133333333 1008.15966666667 1009.333 1010.473 1011.83966666667
1010.75133333333 1012.40966666667 1012.93033333333 1013.257 1012.77566666667 1011.843 1010.72166666667 1009.691 1009.00266666667 1008.338 1008.26133333333 1008.15966666667 1009.333 1010.473 1011.83966666667 1012.145 1011.743 1010.49 1009.99733333333 1009.32333333333 1009.61833333333 1008.95266666667 1009.59533333333 1010.23 1010.96233333333 1011.40466666667 1011.59866666667
1009.333 1010.473 1011.83966666667 1012.145 1011.743 1010.49 1009.99733333333 1009.32333333333 1009.61833333333 1008.95266666667 1009.59533333333 1010.23 1010.96233333333 1011.40466666667 1011.59866666667 1012.07966666667 1011.606 1010.763 1009.84966666667 1008.751 1007.94566666667 1006.90233333333 1007.16233333333 1008.186 1010.074 1011.95166666667 1013.422
1010.96233333333 1011.40466666667 1011.59866666667 1012.07966666667 1011.606 1010.763 1009.84966666667 1008.751 1007.94566666667 1006.90233333333 1007.16233333333 1008.186 1010.074 1011.95166666667 1013.422 1013.89933333333 1013.56366666667 1012.19666666667 1011.19966666667 1010.414 1010.084 1009.98066666667 1009.34266666667 1009.73166666667 1009.414 1010.29566666667 1010.50533333333
1010.074 1011.95166666667 1013.422 1013.89933333333 1013.56366666667 1012.19666666667 1011.19966666667 1010.414 1010.084 1009.98066666667 1009.34266666667 1009.73166666667 1009.414 1010.29566666667 1010.50533333333 1011.358 1011.167 1010.7 1009.81666666667 1008.56366666667 1007.74 1007.22466666667 1008.145 1009.26 1010.379 1011.207 1011.60766666667
1009.414 1010.29566666667 1010.50533333333 1011.358 1011.167 1010.7 1009.81666666667 1008.56366666667 1007.74 1007.22466666667 1008.145 1009.26 1010.379 1011.207 1011.60766666667 1011.98533333333 1011.89433333333 1010.86533333333 1009.54666666667 1007.98433333333 1007.65133333333 1007.627 1008.184 1009.519 1010.77333333333 1012.037 1012.45233333333
1010.379 1011.207 1011.60766666667 1011.98533333333 1011.89433333333 1010.86533333333 1009.54666666667 1007.98433333333 1007.65133333333 1007.627 1008.184 1009.519 1010.77333333333 1012.037 1012.45233333333 1012.716 1012.09066666667 1011.241 1009.89966666667 1009.26366666667 1008.68866666667 1008.23166666667 1007.76633333333 1008.62866666667 1009.971 1011.52 1011.94966666667
