-1.31833333333333 -2.631 -3.05333333333333 -3.564 -3.03933333333333 -1.08933333333333 0.826333333333333 2.412 2.46633333333333 2.83833333333333 1.50233333333333 0.466 -1.25833333333333 -1.792 -2.75366666666667 -3.373 -3.406 -2.076 -0.568333333333333 1.032 1.91233333333333 3.093 2.13733333333333 0.868666666666667 -1.62366666666667 -2.771 -3.98533333333333
-1.25833333333333 -1.792 -2.75366666666667 -3.373 -3.406 -2.076 -0.568333333333333 1.032 1.91233333333333 3.093 2.13733333333333 0.868666666666667 -1.62366666666667 -2.771 -3.98533333333333 -3.86933333333333 -3.07566666666667 -1.58566666666667 -0.107333333333333 1.25333333333333 2.23233333333333 2.24333333333333 1.708 0.205666666666667 -1.352 -3.27733333333333 -3.972
-1.62366666666667 -2.771 -3.98533333333333 -3.86933333333333 -3.07566666666667 -1.58566666666667 -0.107333333333333 1.25333333333333 2.23233333333333 2.24333333333333 1.708 0.205666666666667 -1.352 -3.27733333333333 -3.972 -4.035 -2.79566666666667 -1.45566666666667 0.0569999999999999 1.546 2.63466666666667 2.49866666666667 1.57166666666667 -0.214 -1.50666666666667 -2.88033333333333 -3.948
-1.352 -3.27733333333333 -3.972 -4.035 -2.79566666666667 -1.45566666666667 0.0569999999999999 1.546 2.63466666666667 2.49866666666667 1.57166666666667 -0.214 -1.50666666666667 -2.88033333333333 -3.948 -4.108 -3.66266666666667 -1.96866666666667 -0.360333333333333 1.16933333333333 1.805 2.317 1.75666666666667 0.636333333333333 -0.789333333333333 -2.28 -3.23
-1.50666666666667 -2.88033333333333 -3.948 -4.108 -3.66266666666667 -1.96866666666667 -0.360333333333333 1.16933333333333 1.805 2.317 1.75666666666667 0.636333333333333 -0.789333333333333 -2.28 -3.23 -3.81033333333333 -3.131 -1.69833333333333 0.00333333333333334 1.20366666666667 2.76866666666667 2.59666666666667 2.01133333333333 0.062 -1.69433333333333 -2.84 -3.52533333333333
-0.789333333333333 -2.28 -3.23 -3.81033333333333 -3.131 -1.69833333333333 0.00333333333333334 1.20366666666667 2.76866666666667 2.59666666666667 2.01133333333333 0.062 -1.69433333333333 -2.84 -3.52533333333333 -3.14233333333333 -2.62666666666667 -1.62233333333333 -0.0453333333333334 1.80966666666667 3.16 3.67433333333333 2.76066666666667 0.913333333333333 -0.740666666666667 -2.231 -2.76133333333333
-1.69433333333333 -2.84 -3.52533333333333 -3.14233333333333 -2.62666666666667 -1.62233333333333 -0.0453333333333334 1.80966666666667 3.16 3.67433333333333 2.76066666666667 0.913333333333333 -0.740666666666667 -2.231 -2.76133333333333 -3.00433333333333 -2.52633333333333 -1.579 -0.507666666666667 0.842 1.89333333333333 2.08533333333333 1.45533333333333 0.61 -0.815666666666667 -1.75866666666667 -3.079
-0.740666666666667 -2.231 -2.76133333333333 -3.00433333333333 -2.52633333333333 -1.579 -0.507666666666667 0.842 1.89333333333333 2.08533333333333 1.45533333333333 0.61 -0.815666666666667 -1.75866666666667 -3.079 -2.96666666666667 -2.26466666666667 -0.784666666666667 0.766333333333333 1.53666666666667 2.65 2.16433333333333 1.80433333333333 0.0293333333333334 -1.298 -2.599 -3.23333333333333
-0.815666666666667 -1.75866666666667 -3.079 -2.96666666666667 -2.26466666666667 -0.784666666666667 0.766333333333333 1.53666666666667 2.65 2.16433333333333 1.80433333333333 0.0293333333333334 -1.298 -2.599 -3.23333333333333 -3.34566666666667 -2.215 -1.257 0.757 1.45133333333333 2.72333333333333 2.32 1.82933333333333 0.00233333333333337 -1.01766666666667 -2.34166666666667 -2.77733333333333
-1.298 -2.599 -3.23333333333333 -3.34566666666667 -2.215 -1.257 0.757 1.45133333333333 2.72333333333333 2.32 1.82933333333333 0.00233333333333337 -1.01766666666667 -2.34166666666667 -2.77733333333333 -3.07433333333333 -2.80733333333333 -1.12266666666667 0.307 1.99466666666667 3.15966666666667 3.26266666666667 2.51766666666667 0.444666666666667 -1.42666666666667 -3.20733333333333 -4.45966666666667
-1.01766666666667 -2.34166666666667 -2.77733333333333 -3.07433333333333 -2.80733333333333 -1.12266666666667 0.307 1.99466666666667 3.15966666666667 3.26266666666667 2.51766666666667 0.444666666666667 -1.42666666666667 -3.20733333333333 -4.45966666666667 -4.275 -3.15633333333333 -1.583 0.366333333333333 1.98533333333333 2.82233333333333 3.156 2.284 1.36233333333333 -0.661666666666667 -1.69466666666667 -2.716
-1.42666666666667 -3.20733333333333 -4.45966666666667 -4.275 -3.15633333333333 -1.583 0.366333333333333 1.98533333333333 2.82233333333333 3.156 2.284 1.36233333333333 -0.661666666666667 -1.69466666666667 -2.716 -2.82266666666667 -2.43466666666667 -1.12666666666667 0.436 1.77366666666667 1.951 1.838 1.44433333333333 0.655666666666667 -0.494666666666667 -1.91666666666667 -2.22166666666667
-0.661666666666667 -1.69466666666667 -2.716 -2.82266666666667 -2.43466666666667 -1.12666666666667 0.436 1.77366666666667 1.951 1.838 1.44433333333333 0.655666666666667 -0.494666666666667 -1.91666666666667 -2.22166666666667 -2.36533333333333 -1.963 -1.076 0.196666666666667 1.64933333333333 2.63233333333333 2.84833333333333 2.249 0.353666666666667 -1.57433333333333 -3.24266666666667 -3.766
-0.494666666666667 -1.91666666666667 -2.22166666666667 -2.36533333333333 -1.963 -1.076 0.196666666666667 1.64933333333333 2.63233333333333 2.84833333333333 2.249 0.353666666666667 -1.57433333333333 -3.24266666666667 -3.766 -4.07566666666667 -3.319 -1.95633333333333 0.235 1.76133333333333 3.08466666666667 3.19066666666667 2.355 0.596 -1.50333333333333 -2.944 -3.99366666666667
-1.57433333333333 -3.24266666666667 -3.766 -4.07566666666667 -3.319 -1.95633333333333 0.235 1.76133333333333 3.08466666666667 3.19066666666667 2.355 0.596 -1.50333333333333 -2.944 -3.99366666666667 -3.825 -3.085 -1.92533333333333 -0.368666666666667 1.11466666666667 2.81366666666667 3.24166666666667 2.962 1.14266666666667 -0.968 -2.70533333333333 -3.618
-1.50333333333333 -2.944 -3.99366666666667 -3.825 -3.085 -1.92533333333333 -0.368666666666667 1.11466666666667 2.81366666666667 3.24166666666667 2.962 1.14266666666667 -0.968 -2.70533333333333 -3.618 -3.28733333333333 -2.606 -1.315 0.0766666666666667 1.104 2.21433333333333 2.34166666666667 2.08333333333333 0.265333333333333 -1.53866666666667 -2.916 -3.28033333333333
-0.968 -2.70533333333333 -3.618 -3.28733333333333 -2.606 -1.315 0.0766666666666667 1.104 2.21433333333333 2.34166666666667 2.08333333333333 0.265333333333333 -1.53866666666667 -2.916 -3.28033333333333 -3.12733333333333 -2.74766666666667 -2.00833333333333 -0.488333333333333 0.899666666666667 2.31733333333333 2.517 2.02933333333333 0.619666666666667 -0.725333333333333 -2.051 -2.97633333333333
-1.53866666666667 -2.916 -3.28033333333333 -3.12733333333333 -2.74766666666667 -2.00833333333333 -0.488333333333333 0.899666666666667 2.31733333333333 2.517 2.02933333333333 0.619666666666667 -0.725333333333333 -2.051 -2.97633333333333 -3.4 -2.4 -0.917 0.552666666666667 2.02966666666667 2.59033333333333 3.26033333333333 2.41433333333333 0.561 -1.63166666666667 -3.52866666666667 -3.74933333333333
-0.725333333333333 -2.051 -2.97633333333333 -3.4 -2.4 -0.917 0.552666666666667 2.02966666666667 2.59033333333333 3.26033333333333 2.41433333333333 0.561 -1.63166666666667 -3.52866666666667 -3.74933333333333 -3.81933333333333 -3.34333333333333 -2.27666666666667 -0.680333333333333 0.599333333333333 1.25933333333333 1.64933333333333 1.487 0.654666666666667 -0.461333333333333 -1.609 -2.478
-1.63166666666667 -3.52866666666667 -3.74933333333333 -3.81933333333333 -3.34333333333333 -2.27666666666667 -0.680333333333333 0.599333333333333 1.25933333333333 1.64933333333333 1.487 0.654666666666667 -0.461333333333333 -1.609 -2.478 -3.014 -2.198 -0.691 0.291666666666667 1.15666666666667 1.36033333333333 2.054 1.37533333333333 0.894 -1.568 -2.84 -4.188
-0.461333333333333 -1.609 -2.478 -3.014 -2.198 -0.691 0.291666666666667 1.15666666666667 1.36033333333333 2.054 1.37533333333333 0.894 -1.568 -2.84 -4.188 -3.62166666666667 -3.09066666666667 -1.66966666666667 0.0963333333333333 1.54366666666667 2.61066666666667 2.42566666666667 1.66066666666667 0.126 -1.34933333333333 -2.231 -2.42033333333333
-1.568 -2.84 -4.188 -3.62166666666667 -3.09066666666667 -1.66966666666667 0.0963333333333333 1.54366666666667 2.61066666666667 2.42566666666667 1.66066666666667 0.126 -1.34933333333333 -2.231 -2.42033333333333 -2.09366666666667 -1.73866666666667 -1.20633333333333 -0.328333333333333 0.483333333333333 0.858333333333333 1.31033333333333 1.38333333333333 0.888666666666667 -0.352 -1.33966666666667 -2.43833333333333
-1.34933333333333 -2.231 -2.42033333333333 -2.09366666666667 -1.73866666666667 -1.20633333333333 -0.328333333333333 0.483333333333333 0.858333333333333 1.31033333333333 1.38333333333333 0.888666666666667 -0.352 -1.33966666666667 -2.43833333333333 -2.10133333333333 -1.34633333333333 -0.000999999999999982 0.673666666666667 1.324 1.928 2.037 1.095 0.279 -0.802333333333333 -2.019 -2.68866666666667
-0.352 -1.33966666666667 -2.43833333333333 -2.10133333333333 -1.34633333333333 -0.000999999999999982 0.673666666666667 1.324 1.928 2.037 1.095 0.279 -0.802333333333333 -2.019 -2.68866666666667 -2.44866666666667 -1.37666666666667 -0.267333333333333 0.258 1.338 1.59366666666667 2.041 1.20633333333333 0.177333333333333 -0.995666666666667 -1.62933333333333 -2.14266666666667
-0.802333333333333 -2.019 -2.68866666666667 -2.44866666666667 -1.37666666666667 -0.267333333333333 0.258 1.338 1.59366666666667 2.041 1.20633333333333 0.177333333333333 -0.995666666666667 -1.62933333333333 -2.14266666666667 -2.33566666666667 -2.07066666666667 -0.977 -0.228 1.055 2.30766666666667 2.781 1.88566666666667 0.356333333333333 -1.42566666666667 -2.89566666666667 -4.53133333333333
-0.995666666666667 -1.62933333333333 -2.14266666666667 -2.33566666666667 -2.07066666666667 -0.977 -0.228 1.055 2.30766666666667 2.781 1.88566666666667 0.356333333333333 -1.42566666666667 -2.89566666666667 -4.53133333333333 -4.25866666666667 -3.53466666666667 -1.85766666666667 -0.598666666666667 1.75566666666667 2.77033333333333 2.94766666666667 1.188 -0.288 -1.62966666666667 -2.50533333333333 -3.20766666666667
-1.42566666666667 -2.89566666666667 -4.53133333333333 -4.25866666666667 -3.53466666666667 -1.85766666666667 -0.598666666666667 1.75566666666667 2.77033333333333 2.94766666666667 1.188 -0.288 -1.62966666666667 -2.50533333333333 -3.20766666666667 -3.474 -3.02166666666667 -1.38866666666667 -0.0646666666666667 0.926666666666667 1.32466666666667 1.67433333333333 1.47233333333333 0.239 -1.50666666666667 -2.83566666666667 -3.37833333333333
-1.62966666666667 -2.50533333333333 -3.20766666666667 -3.474 -3.02166666666667 -1.38866666666667 -0.0646666666666667 0.926666666666667 1.32466666666667 1.67433333333333 1.47233333333333 0.239 -1.50666666666667 -2.83566666666667 -3.37833333333333 -3.03466666666667 -2.30966666666667 -1.24966666666667 0.527666666666667 1.34233333333333 2.86166666666667 2.117 1.85133333333333 -0.204333333333333 -1.24233333333333 -3.046 -3.98333333333333
-1.50666666666667 -2.83566666666667 -3.37833333333333 -3.03466666666667 -2.30966666666667 -1.24966666666667 0.527666666666667 1.34233333333333 2.86166666666667 2.117 1.85133333333333 -0.204333333333333 -1.24233333333333 -3.046 -3.98333333333333 -4.33166666666667 -3.57833333333333 -2.248 -0.699666666666667 0.730333333333333 1.84333333333333 2.292 1.69733333333333 0.199 -1.389 -2.41633333333333 -3.265
-1.24233333333333 -3.046 -3.98333333333333 -4.33166666666667 -3.57833333333333 -2.248 -0.699666666666667 0.730333333333333 1.84333333333333 2.292 1.69733333333333 0.199 -1.389 -2.41633333333333 -3.265 -3.45966666666667 -3.06 -1.91766666666667 -0.852333333333333 0.933 2.38866666666667 2.747 2.25333333333333 0.405 -0.771 -2.42466666666667 -3.053
-1.389 -2.41633333333333 -3.265 -3.45966666666667 -3.06 -1.91766666666667 -0.852333333333333 0.933 2.38866666666667 2.747 2.25333333333333 0.405 -0.771 -2.42466666666667 -3.053 -3.47633333333333 -3.09333333333333 -1.989 -0.805666666666667 0.432666666666667 1.29066666666667 1.927 1.587 0.697 -0.709333333333333 -1.92166666666667 -2.603
-0.771 -2.42466666666667 -3.053 -3.47633333333333 -3.09333333333333 -1.989 -0.805666666666667 0.432666666666667 1.29066666666667 1.927 1.587 0.697 -0.709333333333333 -1.92166666666667 -2.603 -2.46566666666667 -1.84166666666667 -0.456666666666667 0.461 1.488 1.51566666666667 1.796 1.22266666666667 0.319333333333333 -0.821 -1.51233333333333 -1.946
-0.709333333333333 -1.92166666666667 -2.603 -2.46566666666667 -1.84166666666667 -0.456666666666667 0.461 1.488 1.51566666666667 1.796 1.22266666666667 0.319333333333333 -0.821 -1.51233333333333 -1.946 -2.15766666666667 -1.88833333333333 -0.939666666666667 0.322 1.22033333333333 2.03466666666667 2.43133333333333 2.095 0.389666666666667 -1.795 -3.51466666666667 -4.04766666666667
-0.821 -1.51233333333333 -1.946 -2.15766666666667 -1.88833333333333 -0.939666666666667 0.322 1.22033333333333 2.03466666666667 2.43133333333333 2.095 0.389666666666667 -1.795 -3.51466666666667 -4.04766666666667 -3.98266666666667 -3.30766666666667 -2.41266666666667 -1.073 -0.194 0.516333333333333 0.485333333333333 0.667333333333333 -0.143 -0.735666666666667 -1.97233333333333 -2.40166666666667
-1.795 -3.51466666666667 -4.04766666666667 -3.98266666666667 -3.30766666666667 -2.41266666666667 -1.073 -0.194 0.516333333333333 0.485333333333333 0.667333333333333 -0.143 -0.735666666666667 -1.97233333333333 -2.40166666666667 -2.82733333333333 -2.40366666666667 -1.38266666666667 -0.0336666666666667 1.39933333333333 2.16566666666667 2.45166666666667 1.75933333333333 0.360666666666667 -1.37033333333333 -2.61866666666667 -3.17533333333333
-0.735666666666667 -1.97233333333333 -2.40166666666667 -2.82733333333333 -2.40366666666667 -1.38266666666667 -0.0336666666666667 1.39933333333333 2.16566666666667 2.45166666666667 1.75933333333333 0.360666666666667 -1.37033333333333 -2.61866666666667 -3.17533333333333 -3.11 -2.64166666666667 -1.53533333333333 0.064 1.294 2.169 2.20733333333333 1.69133333333333 -0.188333333333333 -1.78966666666667 -2.86633333333333 -3.27433333333333
-1.37033333333333 -2.61866666666667 -3.17533333333333 -3.11 -2.64166666666667 -1.53533333333333 0.064 1.294 2.169 2.20733333333333 1.69133333333333 -0.188333333333333 -1.78966666666667 -2.86633333333333 -3.27433333333333 -3.496 -2.94833333333333 -1.82766666666667 -0.372333333333333 0.318 1.034 1.48533333333333 1.658 0.53 -0.999333333333333 -2.54333333333333 -3.42833333333333
