
1948   -5.718   -4.568   -5.753   -7.022   -8.125   -7.846   -8.160   -9.017   -8.207   -7.794   -6.568   -5.798
1949   -3.193   -0.972   -5.155   -6.166   -6.685   -6.700   -6.211   -7.336   -6.661   -6.261   -5.988   -4.783
1950   -1.877   -3.443   -5.173   -5.748   -6.136   -7.923   -8.134   -7.966   -7.731   -7.727   -6.721   -6.035
1951   -5.422   -3.115   -5.531   -5.155   -7.779   -5.240   -8.191   -7.593   -7.371   -6.895   -5.935   -5.783
1952   -5.017   -5.728   -6.093   -5.660   -6.641   -7.288   -7.571   -8.464   -7.934   -7.166   -6.807   -5.698
1953   -6.010   -5.678   -6.491   -6.609   -6.719   -7.505   -6.851   -7.502   -7.781   -7.127   -7.243   -5.878
1954   -5.355   -5.008   -6.049   -7.266   -8.543   -7.438   -7.399   -9.273   -7.539   -7.395   -7.296   -6.590
1955   -5.415   -3.278   -5.977   -5.848   -5.766   -7.740   -7.761   -7.684   -7.513   -7.766   -6.784   -6.352
1956   -4.563   -3.882   -5.163   -6.143   -7.649   -7.263   -7.214   -8.743   -6.902   -7.815   -5.981   -5.003
1957   -5.680   -1.940   -5.552   -6.532   -7.749   -6.737   -9.213   -8.043   -8.500   -6.712   -7.428   -6.013
1958   -4.648   -4.131   -5.922   -8.160   -6.460   -6.711   -7.935   -8.653   -8.414   -8.469   -6.603   -6.294
1959   -5.436   -6.019   -5.164   -6.757   -7.545   -7.097   -6.735   -8.565   -9.345   -6.949   -7.571   -6.216
1960   -5.610   -5.536   -7.153   -7.730   -7.767   -8.660   -7.199   -9.177   -8.780   -7.391   -6.906   -6.501
1961   -5.756   -5.538   -5.877   -8.455   -8.175   -7.071   -8.239   -7.766   -7.448   -7.651   -7.966   -7.589
1962   -4.987   -3.581   -7.357   -7.181   -5.209   -6.861   -9.268   -8.244   -8.939   -8.246   -6.757   -6.503
1963   -4.941   -4.728   -4.453   -7.205   -4.740   -6.985   -7.483   -6.432   -7.772   -7.723   -7.163   -6.016
1964   -5.789   -6.652   -5.529   -8.346   -7.673   -5.904   -6.931   -7.896   -8.560   -7.763   -7.212   -6.983
1965   -5.604   -6.050   -4.295   -6.502   -7.818   -5.808   -7.790   -8.538   -7.504   -7.594   -6.953   -6.535
1966   -6.454   -5.601   -6.329   -7.440   -7.910   -7.933   -8.991   -7.838   -8.198   -7.068   -7.375   -6.842
1967   -3.420   -5.133   -6.952   -5.543   -6.422   -8.090   -8.940   -7.624   -8.565   -6.921   -6.994   -6.228
1968   -5.896   -3.910   -7.772   -6.725   -6.860   -5.924   -8.641   -8.842   -8.828   -7.737   -6.770   -7.043
1969   -6.156   -5.293   -6.493   -6.212   -7.061   -6.672   -8.494   -9.310   -8.850   -6.925   -7.983   -6.456
1970   -7.159   -3.823   -6.825   -8.208   -7.944   -7.622   -8.455   -7.771   -7.860   -7.481   -8.453   -6.619
1971   -5.415   -4.419   -6.066   -7.907   -7.066   -7.151   -7.512   -7.854   -7.913   -7.592   -7.602   -6.898
1972   -5.891   -5.034   -5.702   -7.775   -7.509   -7.391   -7.956   -8.099   -8.288   -7.415   -6.344   -5.510
1973   -5.954   -6.453   -4.936   -7.361   -7.012   -6.908   -7.812   -7.425   -8.027   -8.423   -7.719   -6.590
1974   -3.974   -5.661   -3.935   -7.108   -5.843   -7.060   -7.339   -6.996   -6.925   -8.027   -7.962   -6.584
1975   -6.739   -3.770   -4.989   -7.194   -8.107   -6.323   -8.172   -7.706   -8.871   -8.133   -7.598   -6.576
1976   -4.880   -5.417   -5.858   -6.776   -7.177   -8.699   -7.799   -7.611   -7.659   -6.665   -7.444   -6.297
1977   -5.590   -5.638   -5.757   -7.356   -7.592   -7.085   -8.482   -7.876   -7.893   -6.968   -6.974   -5.820
1978   -4.407   -4.753   -4.429   -5.729   -8.274   -7.827   -7.746   -8.016   -8.987   -7.827   -6.718   -5.749
1979   -6.374   -5.098   -5.428   -5.828   -8.444   -8.097   -8.324   -9.309   -9.220   -7.674   -6.669   -7.318
1980   -3.572   -4.026   -4.442   -7.295   -7.130   -8.127   -8.615   -8.085   -8.357   -8.463   -7.447   -6.065
1981   -5.150   -4.436   -6.450   -7.313   -6.903   -7.500   -8.698   -8.575   -7.914   -7.830   -7.823   -6.448
1982   -6.352   -6.260   -6.978   -7.572   -8.283   -8.843   -9.653   -8.116   -7.898   -6.879   -6.093   -6.109
1983   -5.822   -4.752   -4.902   -5.665   -8.171   -6.471   -9.610   -6.746   -7.429   -6.475   -6.826   -7.054
1984   -6.349   -4.154   -6.896   -7.061   -7.420   -7.476   -7.484   -7.624   -7.444   -6.910   -8.733   -6.854
1985   -7.084   -1.694   -5.410   -5.853   -7.748   -5.867   -8.159   -9.532   -8.339   -7.211   -6.948   -6.632
1986   -5.665   -5.967   -6.821   -8.125   -8.289   -8.207   -8.586   -9.095   -7.476   -7.065   -7.046   -7.490
1987   -5.729   -4.336   -6.617   -6.085   -8.821   -8.139   -8.054   -8.736   -8.238   -7.644   -7.714   -7.537
1988   -7.652   -4.913   -6.308   -6.836   -8.294   -7.929   -8.699   -8.620   -8.091   -7.937   -7.613   -6.996
1989   -6.218   -5.308   -5.689   -7.505   -6.915   -6.773   -8.995   -8.233   -8.249   -7.528   -4.297   -6.607
1990   -5.624   -5.155   -4.615   -7.108   -7.933   -9.281   -7.121   -8.023   -8.016   -7.818   -7.749   -6.707
1991   -6.740   -5.102   -7.175   -6.286   -6.445   -6.468   -7.106   -8.287   -7.816   -8.062   -5.946   -5.769
1992   -5.919   -3.708   -5.652   -5.671   -7.119   -6.555   -8.635   -8.222   -9.048   -9.199   -7.781   -7.282
1993   -5.923   -4.674   -6.533   -7.546   -8.133   -8.671   -7.666   -9.127   -7.810   -8.699   -8.167   -7.940
1994   -6.360   -6.746   -6.800   -8.644   -8.030   -8.159   -8.858   -7.989   -8.029   -6.690   -7.633   -7.074
1995   -6.329   -5.877   -6.387   -5.721   -7.632   -8.438   -8.865   -9.141   -7.256   -7.190   -8.424   -6.447
1996   -7.069   -5.676   -7.339   -7.781   -7.807   -5.897   -6.029   -9.017   -6.436   -7.738   -7.847   -6.111
1997   -5.324   -4.256   -7.471   -7.791   -7.030   -8.637   -8.889   -8.405   -7.804   -7.924   -6.964   -6.408
1998   -6.084   -7.045   -6.400   -5.613   -7.165   -7.758   -7.924   -7.479   -8.797   -7.568   -6.331   -6.452
1999   -5.771   -4.627   -6.628   -6.952   -4.812   -7.380   -7.717   -7.786   -7.223   -7.125   -5.755   -6.298
2000   -4.734   -5.045   -4.326   -8.010   -7.536   -7.694   -8.478   -7.037   -7.856   -7.744   -6.174   -6.282
2001   -7.589   -5.105   -7.083   -7.023   -6.970   -7.381   -7.779   -7.879   -8.453   -8.116   -7.998   -5.351
2002   -6.340   -4.253   -6.774   -6.493   -5.781   -7.089   -7.580   -7.941   -7.342   -6.755   -7.061   -6.156
2003   -5.273   -4.065   -5.701   -7.421   -6.706   -6.853   -8.724   -7.775   -8.266   -7.967   -7.453   -6.026
2004   -5.934   -3.423   -5.910   -6.884   -7.438   -6.956   -8.294   -8.966   -8.446   -6.762   -6.966   -5.616
2005   -6.175   -5.895   -4.424   -7.260   -5.624   -7.395   -7.930   -8.004   -7.963   -7.034   -7.325   -6.528
2006   -4.686   -6.385   -5.453   -7.961   -6.862   -8.709   -8.149   -7.240   -8.097   -7.764   -6.751   -6.682
2007   -5.757   -6.679   -5.491   -7.828   -8.272   -5.456   -7.770   -8.374   -7.912   -6.658   -7.297   -5.578
2008   -4.818   -2.919   -5.909   -6.449   -6.539   -6.921   -7.175   -8.153   -7.811   -7.741   -7.946   -5.619
2009   -4.912   -4.347   -5.546   -7.341   -7.182   -6.355   -7.269   -6.111   -8.014   -7.244   -6.112   -6.103
2010   -4.883   -5.245   -6.092   -5.711   -7.208   -7.605   -8.372   -7.115   -8.549   -8.280   -6.318   -3.463
2011   -2.673   -0.479   -5.913   -6.083   -6.608   -6.204   -6.846   -6.037   -6.669   -4.762   -6.027   -5.792
2012   -3.544   -5.732   -4.047   -6.206   -6.729   -5.537   -7.808   -7.153   -6.063   -5.778   -6.768   -6.732
2013   -4.859   -4.490   -5.347   -5.702   -7.103   -7.612   -8.432   -8.168   -6.937   -6.312   -5.578   -6.857
2014   -4.730   -4.211   -6.225   -5.172   -6.591   -7.378   -8.561   -6.788 -999.999 -999.999 -999.999 -999.999