770.298374706332
679.343231330619
573.48909228209
679.343231330619
770.298374706332
679.343231330619
679.343231330619
770.298374706332
700.964624686995
679.343231330619
679.343231330619
679.343231330619
770.298374706332
770.298374706332
770.298374706332
573.48909228209
770.298374706332
573.48909228209
679.343231330619
770.298374706332
843.573895378522
573.48909228209
679.343231330619
679.343231330619
573.48909228209
679.343231330619
770.298374706332
679.343231330619
603.895951352128
573.48909228209
770.298374706332
573.48909228209
679.343231330619
700.964624686995
573.48909228209
700.964624686995
679.343231330619
573.48909228209
679.343231330619
843.573895378522
770.298374706332
770.298374706332
679.343231330619
843.573895378522
679.343231330619
843.573895378522
843.573895378522
603.895951352128
843.573895378522
843.573895378522
679.343231330619
603.895951352128
770.298374706332
679.343231330619
700.964624686995
770.298374706332
603.895951352128
679.343231330619
700.964624686995
679.343231330619
770.298374706332
573.48909228209
679.343231330619
843.573895378522
679.343231330619
679.343231330619
679.343231330619
679.343231330619
700.964624686995
679.343231330619
770.298374706332
700.964624686995
679.343231330619
679.343231330619
679.343231330619
679.343231330619
770.298374706332
679.343231330619
770.298374706332
700.964624686995
770.298374706332
770.298374706332
679.343231330619
770.298374706332
679.343231330619
843.573895378522
770.298374706332
700.964624686995
770.298374706332
573.48909228209
843.573895378522
679.343231330619
770.298374706332
679.343231330619
770.298374706332
679.343231330619
700.964624686995
843.573895378522
770.298374706332
700.964624686995
679.343231330619
770.298374706332
679.343231330619
770.298374706332
679.343231330619
843.573895378522
573.48909228209
679.343231330619
679.343231330619
679.343231330619
679.343231330619
679.343231330619
770.298374706332
679.343231330619
679.343231330619
679.343231330619
603.895951352128
603.895951352128
679.343231330619
679.343231330619
843.573895378522
603.895951352128
700.964624686995
573.48909228209
843.573895378522
700.964624686995
679.343231330619
770.298374706332
603.895951352128
770.298374706332
679.343231330619
843.573895378522
603.895951352128
679.343231330619
843.573895378522
700.964624686995
573.48909228209
603.895951352128
770.298374706332
770.298374706332
679.343231330619
573.48909228209
843.573895378522
843.573895378522
770.298374706332
679.343231330619
679.343231330619
679.343231330619
679.343231330619
770.298374706332
679.343231330619
843.573895378522
843.573895378522
679.343231330619
679.343231330619
679.343231330619
603.895951352128
843.573895378522
679.343231330619
770.298374706332
843.573895378522
679.343231330619
770.298374706332
573.48909228209
603.895951352128
603.895951352128
843.573895378522
700.964624686995
573.48909228209
843.573895378522
679.343231330619
770.298374706332
603.895951352128
679.343231330619
573.48909228209
603.895951352128
679.343231330619
770.298374706332
679.343231330619
770.298374706332
573.48909228209
603.895951352128
700.964624686995
843.573895378522
679.343231330619
679.343231330619
679.343231330619
679.343231330619
679.343231330619
679.343231330619
679.343231330619
679.343231330619
770.298374706332
770.298374706332
679.343231330619
679.343231330619
679.343231330619
573.48909228209
679.343231330619
679.343231330619
679.343231330619
679.343231330619
843.573895378522
843.573895378522
679.343231330619
679.343231330619
843.573895378522
843.573895378522
843.573895378522
843.573895378522
770.298374706332
770.298374706332
770.298374706332
573.48909228209
679.343231330619
573.48909228209
573.48909228209
679.343231330619
573.48909228209
679.343231330619
700.964624686995
679.343231330619
770.298374706332
679.343231330619
770.298374706332
603.895951352128
603.895951352128
770.298374706332
770.298374706332
770.298374706332
679.343231330619
700.964624686995
770.298374706332
603.895951352128
770.298374706332
573.48909228209
679.343231330619
679.343231330619
679.343231330619
679.343231330619
770.298374706332
679.343231330619
573.48909228209
603.895951352128
573.48909228209
700.964624686995
843.573895378522
573.48909228209
770.298374706332
679.343231330619
679.343231330619
679.343231330619
843.573895378522
700.964624686995
679.343231330619
573.48909228209
770.298374706332
843.573895378522
573.48909228209
843.573895378522
679.343231330619
679.343231330619
843.573895378522
679.343231330619
679.343231330619
700.964624686995
679.343231330619
679.343231330619
843.573895378522
573.48909228209
770.298374706332
679.343231330619
700.964624686995
573.48909228209
679.343231330619
603.895951352128
573.48909228209
573.48909228209
679.343231330619
679.343231330619
603.895951352128
770.298374706332
679.343231330619
700.964624686995
770.298374706332
603.895951352128
679.343231330619
700.964624686995
679.343231330619
603.895951352128
603.895951352128
573.48909228209
679.343231330619
843.573895378522
770.298374706332
679.343231330619
679.343231330619
700.964624686995
573.48909228209
700.964624686995
