0.04
0.04
-0.35
-0.52
-0.35
0.27
0.04
0.04
-0.52
-0.52
0.04
-0.52
0.6
-0.52
0.04
0.6
-0.35
0.6
1.88
1.88
0.04
0.04
1.88
-0.52
-0.52
0.04
0.04
-0.52
0.27
0.04
-0.52
1.88
0.04
0.27
1.88
0.04
-0.52
0.27
0.04
0.6
-0.52
0.04
0.04
0.27
0.04
-0.52
1.88
-0.52
0.04
-0.35
0.04
0.04
0.04
-0.52
-0.35
0.04
-0.52
0.04
-0.35
0.04
0.04
0.04
-0.52
1.88
0.27
0.04
-0.52
0.27
1.88
0.6
0.6
1.88
0.6
0.04
0.04
0.04
-0.52
0.6
0.04
0.6
0.27
0.04
-0.52
0.04
0.27
-0.52
0.04
0.04
0.04
1.88
-0.52
-0.52
1.88
0.04
0.04
0.04
0.04
0.04
-0.35
0.27
0.04
0.04
0.27
0.04
1.88
-0.52
0.04
0.6
0.04
-0.35
-0.52
0.04
-0.35
0.04
0.04
1.88
1.88
0.04
0.04
-0.52
0.6
-0.35
0.6
-0.35
0.04
0.6
0.04
-0.35
0.6
-0.52
0.27
0.04
0.04
0.04
0.6
0.6
0.04
-0.35
-0.52
0.27
0.27
0.6
0.04
0.04
0.04
0.04
0.6
0.27
-0.52
-0.52
0.04
1.88
0.04
-0.52
0.04
-0.52
0.04
-0.35
0.04
0.04
-0.52
-0.52
-0.35
-0.52
1.88
0.04
-0.35
0.27
0.6
-0.52
-0.35
0.6
-0.35
0.27
0.04
0.04
0.27
0.04
0.04
0.04
-0.35
0.04
0.04
0.27
0.6
0.04
0.04
0.04
0.04
0.6
0.27
0.27
0.27
-0.52
0.6
-0.52
0.27
1.88
0.6
0.04
1.88
0.6
-0.52
0.04
0.04
-0.52
0.04
-0.52
-0.52
0.04
-0.52
-0.52
-0.35
-0.35
0.04
0.04
0.04
-0.52
-0.52
0.6
1.88
0.6
-0.35
1.88
0.04
1.88
0.6
-0.35
0.04
0.04
0.04
-0.35
0.04
1.88
0.6
0.04
-0.35
-0.52
0.6
0.04
-0.35
0.27
-0.35
-0.52
1.88
-0.35
0.6
0.6
-0.35
0.04
0.04
0.04
-0.52
-0.35
0.04
-0.52
1.88
0.27
0.6
0.04
0.27
0.04
0.27
0.04
0.04
-0.35
0.04
1.88
-0.35
0.04
0.04
0.04
0.04
-0.52
0.04
0.04
0.04
1.88
0.04
0.04
0.27
-0.52
0.04
0.04
-0.35
0.6
0.04
-0.52
0.04
-0.52
0.27
0.04
0.04
-0.35
0.27
0.04
0.27
0.04
-0.52
1.88
