815.76024599479
820.593476096084
820.593476096084
820.593476096084
815.76024599479
815.76024599479
865.428380618479
734.901782145648
820.593476096084
820.593476096084
815.76024599479
815.76024599479
820.593476096084
820.593476096084
734.901782145648
865.428380618479
795.327222723808
815.76024599479
820.593476096084
815.76024599479
815.76024599479
865.428380618479
815.76024599479
820.593476096084
815.76024599479
815.76024599479
795.327222723808
865.428380618479
815.76024599479
794.224710774891
734.901782145648
865.428380618479
815.76024599479
794.224710774891
815.76024599479
815.76024599479
815.76024599479
820.593476096084
815.76024599479
820.593476096084
734.901782145648
815.76024599479
815.76024599479
820.593476096084
815.76024599479
815.76024599479
815.76024599479
820.593476096084
734.901782145648
820.593476096084
815.76024599479
815.76024599479
865.428380618479
820.593476096084
865.428380618479
815.76024599479
815.76024599479
815.76024599479
815.76024599479
794.224710774891
734.901782145648
865.428380618479
734.901782145648
734.901782145648
815.76024599479
794.224710774891
815.76024599479
734.901782145648
815.76024599479
815.76024599479
815.76024599479
820.593476096084
815.76024599479
734.901782145648
734.901782145648
734.901782145648
794.224710774891
815.76024599479
820.593476096084
815.76024599479
815.76024599479
815.76024599479
815.76024599479
865.428380618479
734.901782145648
865.428380618479
815.76024599479
794.224710774891
865.428380618479
815.76024599479
734.901782145648
865.428380618479
794.224710774891
815.76024599479
815.76024599479
815.76024599479
820.593476096084
820.593476096084
820.593476096084
815.76024599479
820.593476096084
865.428380618479
815.76024599479
865.428380618479
815.76024599479
815.76024599479
865.428380618479
820.593476096084
734.901782145648
820.593476096084
865.428380618479
815.76024599479
734.901782145648
815.76024599479
815.76024599479
795.327222723808
734.901782145648
815.76024599479
865.428380618479
815.76024599479
815.76024599479
820.593476096084
815.76024599479
820.593476096084
794.224710774891
815.76024599479
794.224710774891
815.76024599479
815.76024599479
815.76024599479
734.901782145648
794.224710774891
734.901782145648
815.76024599479
820.593476096084
815.76024599479
815.76024599479
815.76024599479
865.428380618479
734.901782145648
820.593476096084
734.901782145648
795.327222723808
815.76024599479
820.593476096084
815.76024599479
815.76024599479
795.327222723808
865.428380618479
795.327222723808
865.428380618479
815.76024599479
815.76024599479
815.76024599479
815.76024599479
795.327222723808
815.76024599479
734.901782145648
815.76024599479
820.593476096084
795.327222723808
815.76024599479
865.428380618479
734.901782145648
820.593476096084
820.593476096084
815.76024599479
815.76024599479
815.76024599479
865.428380618479
734.901782145648
820.593476096084
815.76024599479
820.593476096084
820.593476096084
820.593476096084
734.901782145648
794.224710774891
820.593476096084
820.593476096084
865.428380618479
865.428380618479
795.327222723808
815.76024599479
815.76024599479
815.76024599479
820.593476096084
815.76024599479
815.76024599479
820.593476096084
734.901782145648
820.593476096084
815.76024599479
794.224710774891
815.76024599479
734.901782145648
820.593476096084
815.76024599479
815.76024599479
734.901782145648
815.76024599479
820.593476096084
820.593476096084
820.593476096084
815.76024599479
820.593476096084
794.224710774891
815.76024599479
815.76024599479
734.901782145648
865.428380618479
815.76024599479
815.76024599479
815.76024599479
794.224710774891
734.901782145648
820.593476096084
820.593476096084
820.593476096084
815.76024599479
820.593476096084
820.593476096084
820.593476096084
865.428380618479
865.428380618479
820.593476096084
815.76024599479
734.901782145648
794.224710774891
820.593476096084
815.76024599479
734.901782145648
794.224710774891
820.593476096084
795.327222723808
734.901782145648
815.76024599479
815.76024599479
794.224710774891
820.593476096084
820.593476096084
815.76024599479
734.901782145648
734.901782145648
815.76024599479
794.224710774891
794.224710774891
865.428380618479
734.901782145648
815.76024599479
820.593476096084
815.76024599479
815.76024599479
815.76024599479
795.327222723808
815.76024599479
820.593476096084
820.593476096084
865.428380618479
795.327222723808
734.901782145648
820.593476096084
815.76024599479
815.76024599479
865.428380618479
794.224710774891
815.76024599479
820.593476096084
865.428380618479
820.593476096084
865.428380618479
820.593476096084
815.76024599479
815.76024599479
815.76024599479
865.428380618479
820.593476096084
820.593476096084
820.593476096084
815.76024599479
815.76024599479
865.428380618479
795.327222723808
795.327222723808
865.428380618479
815.76024599479
815.76024599479
865.428380618479
734.901782145648
820.593476096084
734.901782145648
865.428380618479
734.901782145648
820.593476096084
794.224710774891
815.76024599479
734.901782145648
795.327222723808
815.76024599479
820.593476096084
