-619.758620689656
540.058287283852
612.268067550096
-619.758620689656
-619.758620689656
-619.758620689656
612.268067550096
-619.758620689656
-619.758620689656
468.597857908193
468.597857908193
540.058287283852
695.552000921735
-619.758620689656
695.552000921735
-619.758620689656
598.529660406302
-619.758620689656
-619.758620689656
695.552000921735
-619.758620689656
-619.758620689656
-619.758620689656
540.058287283852
612.268067550096
695.552000921735
540.058287283852
695.552000921735
598.529660406302
-619.758620689656
468.597857908193
695.552000921735
-619.758620689656
-619.758620689656
540.058287283852
-619.758620689656
-619.758620689656
540.058287283852
-619.758620689656
540.058287283852
-619.758620689656
612.268067550096
-619.758620689656
695.552000921735
-619.758620689656
-619.758620689656
-619.758620689656
-619.758620689656
-619.758620689656
-619.758620689656
695.552000921735
-619.758620689656
598.529660406302
695.552000921735
695.552000921735
-619.758620689656
-619.758620689656
468.597857908193
612.268067550096
-619.758620689656
-619.758620689656
598.529660406302
612.268067550096
-619.758620689656
695.552000921735
540.058287283852
-619.758620689656
-619.758620689656
612.268067550096
540.058287283852
540.058287283852
468.597857908193
-619.758620689656
468.597857908193
695.552000921735
540.058287283852
598.529660406302
540.058287283852
540.058287283852
-619.758620689656
695.552000921735
540.058287283852
468.597857908193
612.268067550096
695.552000921735
540.058287283852
695.552000921735
540.058287283852
468.597857908193
468.597857908193
-619.758620689656
-619.758620689656
-619.758620689656
695.552000921735
468.597857908193
-619.758620689656
-619.758620689656
695.552000921735
540.058287283852
-619.758620689656
468.597857908193
-619.758620689656
695.552000921735
540.058287283852
598.529660406302
-619.758620689656
-619.758620689656
695.552000921735
612.268067550096
-619.758620689656
540.058287283852
695.552000921735
-619.758620689656
540.058287283852
-619.758620689656
-619.758620689656
-619.758620689656
468.597857908193
540.058287283852
-619.758620689656
-619.758620689656
-619.758620689656
-619.758620689656
540.058287283852
-619.758620689656
612.268067550096
598.529660406302
540.058287283852
540.058287283852
598.529660406302
-619.758620689656
695.552000921735
695.552000921735
-619.758620689656
695.552000921735
-619.758620689656
-619.758620689656
-619.758620689656
695.552000921735
612.268067550096
-619.758620689656
695.552000921735
612.268067550096
-619.758620689656
540.058287283852
468.597857908193
-619.758620689656
598.529660406302
-619.758620689656
-619.758620689656
540.058287283852
612.268067550096
-619.758620689656
-619.758620689656
695.552000921735
540.058287283852
598.529660406302
-619.758620689656
540.058287283852
695.552000921735
-619.758620689656
-619.758620689656
-619.758620689656
695.552000921735
468.597857908193
-619.758620689656
695.552000921735
598.529660406302
-619.758620689656
-619.758620689656
-619.758620689656
695.552000921735
598.529660406302
540.058287283852
-619.758620689656
-619.758620689656
695.552000921735
598.529660406302
695.552000921735
-619.758620689656
695.552000921735
540.058287283852
-619.758620689656
540.058287283852
-619.758620689656
-619.758620689656
-619.758620689656
612.268067550096
598.529660406302
-619.758620689656
-619.758620689656
-619.758620689656
-619.758620689656
-619.758620689656
-619.758620689656
-619.758620689656
540.058287283852
-619.758620689656
-619.758620689656
-619.758620689656
-619.758620689656
540.058287283852
-619.758620689656
540.058287283852
612.268067550096
468.597857908193
468.597857908193
695.552000921735
540.058287283852
-619.758620689656
-619.758620689656
695.552000921735
-619.758620689656
612.268067550096
695.552000921735
-619.758620689656
-619.758620689656
468.597857908193
540.058287283852
540.058287283852
-619.758620689656
-619.758620689656
-619.758620689656
-619.758620689656
598.529660406302
695.552000921735
-619.758620689656
540.058287283852
695.552000921735
540.058287283852
695.552000921735
-619.758620689656
598.529660406302
695.552000921735
-619.758620689656
540.058287283852
468.597857908193
-619.758620689656
-619.758620689656
612.268067550096
-619.758620689656
468.597857908193
-619.758620689656
-619.758620689656
695.552000921735
695.552000921735
-619.758620689656
-619.758620689656
-619.758620689656
-619.758620689656
695.552000921735
612.268067550096
-619.758620689656
540.058287283852
-619.758620689656
695.552000921735
540.058287283852
598.529660406302
598.529660406302
695.552000921735
-619.758620689656
612.268067550096
-619.758620689656
695.552000921735
540.058287283852
540.058287283852
-619.758620689656
-619.758620689656
540.058287283852
-619.758620689656
-619.758620689656
-619.758620689656
540.058287283852
540.058287283852
612.268067550096
-619.758620689656
540.058287283852
-619.758620689656
695.552000921735
695.552000921735
-619.758620689656
-619.758620689656
-619.758620689656
-619.758620689656
612.268067550096
695.552000921735
-619.758620689656
612.268067550096
468.597857908193
-619.758620689656
-619.758620689656
540.058287283852
-619.758620689656
-619.758620689656
540.058287283852
-619.758620689656
-619.758620689656
598.529660406302
612.268067550096
612.268067550096
