-1.55
-0.19
0.7
-1.55
-1.55
-1.55
0.7
-1.55
-1.55
-0.52
-0.52
-0.19
1.55
-1.55
1.55
-1.55
0.6
-1.55
-1.55
1.55
-1.55
-1.55
-1.55
-0.19
0.7
1.55
-0.19
1.55
0.6
-1.55
-0.52
1.55
-1.55
-1.55
-0.19
-1.55
-1.55
-0.19
-1.55
-0.19
-1.55
0.7
-1.55
1.55
-1.55
-1.55
-1.55
-1.55
-1.55
-1.55
1.55
-1.55
0.6
1.55
1.55
-1.55
-1.55
-0.52
0.7
-1.55
-1.55
0.6
0.7
-1.55
1.55
-0.19
-1.55
-1.55
0.7
-0.19
-0.19
-0.52
-1.55
-0.52
1.55
-0.19
0.6
-0.19
-0.19
-1.55
1.55
-0.19
-0.52
0.7
1.55
-0.19
1.55
-0.19
-0.52
-0.52
-1.55
-1.55
-1.55
1.55
-0.52
-1.55
-1.55
1.55
-0.19
-1.55
-0.52
-1.55
1.55
-0.19
0.6
-1.55
-1.55
1.55
0.7
-1.55
-0.19
1.55
-1.55
-0.19
-1.55
-1.55
-1.55
-0.52
-0.19
-1.55
-1.55
-1.55
-1.55
-0.19
-1.55
0.7
0.6
-0.19
-0.19
0.6
-1.55
1.55
1.55
-1.55
1.55
-1.55
-1.55
-1.55
1.55
0.7
-1.55
1.55
0.7
-1.55
-0.19
-0.52
-1.55
0.6
-1.55
-1.55
-0.19
0.7
-1.55
-1.55
1.55
-0.19
0.6
-1.55
-0.19
1.55
-1.55
-1.55
-1.55
1.55
-0.52
-1.55
1.55
0.6
-1.55
-1.55
-1.55
1.55
0.6
-0.19
-1.55
-1.55
1.55
0.6
1.55
-1.55
1.55
-0.19
-1.55
-0.19
-1.55
-1.55
-1.55
0.7
0.6
-1.55
-1.55
-1.55
-1.55
-1.55
-1.55
-1.55
-0.19
-1.55
-1.55
-1.55
-1.55
-0.19
-1.55
-0.19
0.7
-0.52
-0.52
1.55
-0.19
-1.55
-1.55
1.55
-1.55
0.7
1.55
-1.55
-1.55
-0.52
-0.19
-0.19
-1.55
-1.55
-1.55
-1.55
0.6
1.55
-1.55
-0.19
1.55
-0.19
1.55
-1.55
0.6
1.55
-1.55
-0.19
-0.52
-1.55
-1.55
0.7
-1.55
-0.52
-1.55
-1.55
1.55
1.55
-1.55
-1.55
-1.55
-1.55
1.55
0.7
-1.55
-0.19
-1.55
1.55
-0.19
0.6
0.6
1.55
-1.55
0.7
-1.55
1.55
-0.19
-0.19
-1.55
-1.55
-0.19
-1.55
-1.55
-1.55
-0.19
-0.19
0.7
-1.55
-0.19
-1.55
1.55
1.55
-1.55
-1.55
-1.55
-1.55
0.7
1.55
-1.55
0.7
-0.52
-1.55
-1.55
-0.19
-1.55
-1.55
-0.19
-1.55
-1.55
0.6
0.7
0.7
