462.28
462.28
718.513255358197
373.506825907665
373.506825907665
462.268030092604
373.506825907665
462.28
462.28
373.506825907665
718.513255358197
373.506825907665
462.28
373.506825907665
462.268030092604
718.513255358197
462.28
542.330675602653
542.330675602653
462.28
542.330675602653
462.28
373.506825907665
373.506825907665
718.513255358197
462.268030092604
462.268030092604
373.506825907665
373.506825907665
385.058758794037
373.506825907665
462.28
462.28
718.513255358197
462.28
462.268030092604
373.506825907665
462.28
385.058758794037
462.28
462.28
385.058758794037
462.28
385.058758794037
385.058758794037
542.330675602653
542.330675602653
373.506825907665
542.330675602653
462.28
462.28
462.28
373.506825907665
385.058758794037
542.330675602653
542.330675602653
385.058758794037
718.513255358197
718.513255358197
462.28
462.28
462.28
462.28
462.28
718.513255358197
462.28
462.268030092604
462.28
385.058758794037
462.28
542.330675602653
385.058758794037
462.268030092604
542.330675602653
373.506825907665
373.506825907665
385.058758794037
462.28
373.506825907665
385.058758794037
373.506825907665
718.513255358197
542.330675602653
462.28
462.28
542.330675602653
462.28
462.28
542.330675602653
462.28
462.28
373.506825907665
462.268030092604
718.513255358197
385.058758794037
385.058758794037
385.058758794037
462.28
462.28
373.506825907665
542.330675602653
462.28
373.506825907665
462.28
373.506825907665
542.330675602653
462.28
462.28
542.330675602653
373.506825907665
462.28
462.28
462.28
462.268030092604
542.330675602653
462.28
718.513255358197
462.28
462.28
373.506825907665
462.28
462.28
462.28
542.330675602653
542.330675602653
462.28
462.28
462.28
385.058758794037
462.28
718.513255358197
462.28
542.330675602653
385.058758794037
373.506825907665
462.28
718.513255358197
462.28
462.28
718.513255358197
462.28
462.28
373.506825907665
462.28
462.28
542.330675602653
373.506825907665
462.28
385.058758794037
462.28
373.506825907665
462.28
718.513255358197
373.506825907665
462.28
385.058758794037
718.513255358197
373.506825907665
542.330675602653
462.28
373.506825907665
462.28
373.506825907665
385.058758794037
373.506825907665
462.28
385.058758794037
462.28
373.506825907665
373.506825907665
718.513255358197
462.268030092604
462.28
462.28
373.506825907665
462.28
462.28
385.058758794037
718.513255358197
462.28
462.28
542.330675602653
718.513255358197
462.28
718.513255358197
462.28
718.513255358197
462.28
462.28
718.513255358197
462.28
462.28
373.506825907665
462.28
462.28
373.506825907665
385.058758794037
462.268030092604
462.28
462.28
373.506825907665
373.506825907665
373.506825907665
373.506825907665
718.513255358197
385.058758794037
462.28
718.513255358197
718.513255358197
373.506825907665
462.28
462.28
542.330675602653
462.28
462.28
462.28
385.058758794037
462.28
373.506825907665
373.506825907665
373.506825907665
718.513255358197
462.28
462.28
718.513255358197
373.506825907665
542.330675602653
462.28
718.513255358197
373.506825907665
462.28
462.28
462.268030092604
718.513255358197
462.28
718.513255358197
542.330675602653
373.506825907665
462.28
542.330675602653
718.513255358197
718.513255358197
373.506825907665
462.28
462.28
373.506825907665
462.28
718.513255358197
462.268030092604
385.058758794037
462.28
462.28
462.28
718.513255358197
718.513255358197
373.506825907665
462.28
385.058758794037
462.28
373.506825907665
462.28
542.330675602653
462.268030092604
462.28
462.28
462.268030092604
462.28
462.28
373.506825907665
385.058758794037
462.28
462.268030092604
373.506825907665
462.268030092604
373.506825907665
462.268030092604
373.506825907665
462.28
373.506825907665
718.513255358197
462.28
542.330675602653
462.28
462.28
373.506825907665
462.28
462.28
462.28
718.513255358197
718.513255358197
462.28
462.28
462.28
373.506825907665
542.330675602653
462.268030092604
462.28
385.058758794037
462.268030092604
462.28
