
1948   25.965   25.972   26.126   26.635   26.892   27.149   27.055   27.381   27.040   27.077   26.865   26.632
1949   26.467   26.738   26.461   27.131   27.425   27.426   27.489   27.237   27.484   27.301   27.170   27.192
1950   26.905   26.727   27.145   27.215   27.404   27.589   27.596   27.532   27.677   27.339   27.355   26.907
1951   26.882   26.927   26.816   27.245   27.421   27.532   27.500   27.654   27.683   27.998   27.727   27.503
1952   26.919   26.886   26.971   27.152   27.665   27.751   27.656   27.530   27.396   27.811   27.570   27.237
1953   26.861   26.720   26.967   27.380   27.706   27.907   27.774   27.869   27.553   27.680   27.567   27.199
1954   26.740   26.760   26.709   27.189   27.264   27.349   27.278   27.450   27.433   27.329   27.323   26.838
1955   26.477   26.817   26.536   26.958   27.207   27.148   27.066   27.255   27.322   27.447   27.489   26.971
1956   26.692   26.645   26.726   27.148   27.088   27.156   27.289   27.451   27.318   27.451   27.497   27.404
1957   26.829   26.582   26.944   27.226   27.391   27.696   27.385   27.530   27.290   27.217   27.359   26.934
1958   26.527   26.570   26.467   26.892   27.198   27.542   27.430   27.425   27.405   27.584   27.385   26.949
1959   26.479   26.169   26.607   26.737   27.229   27.647   27.322   27.049   27.233   27.259   27.512   27.044
1960   26.619   26.464   26.447   27.161   27.477   27.299   27.438   27.386   27.337   27.501   27.450   26.994
1961   26.401   26.636   26.348   27.010   27.223   27.184   26.790   26.925   26.868   26.810   26.595   26.842
1962   26.626   26.227   26.404   26.570   26.971   26.911   27.151   26.791   26.969   27.357   27.073   26.437
1963   26.343   26.218   26.291   26.637   27.210   27.260   26.848   27.048   27.335   27.058   26.952   26.873
1964   26.734   26.543   26.778   27.354   27.783   27.678   27.589   27.509   27.664   27.785   27.650   27.138
1965   26.726   26.493   26.530   26.896   27.450   27.305   27.026   27.330   27.446   27.355   27.421   26.829
1966   26.065   26.024   26.469   27.101   27.377   27.476   27.494   27.478   27.689   27.692   27.688   27.315
1967   26.650   26.713   26.553   26.993   27.586   27.541   27.549   27.465   27.573   27.571   27.219   26.816
1968   26.508   26.301   26.677   26.965   27.742   27.853   27.818   27.828   27.808   27.550   27.439   27.008
1969   26.496   26.472   26.693   27.252   27.767   27.812   27.628   27.447   27.786   27.756   27.935   27.434
1970   27.102   27.013   27.051   27.333   27.787   27.984   27.826   27.626   27.803   28.024   27.880   27.522
1971   26.864   26.953   27.087   27.498   27.783   27.434   27.296   27.398   27.713   27.686   27.528   27.379
1972   26.790   26.708   26.675   26.821   27.417   27.564   27.707   27.327   27.553   27.594   27.529   27.125
1973   26.610   26.517   26.828   27.408   27.890   28.255   28.060   28.052   27.955   27.820   27.796   27.618
1974   26.853   26.913   26.560   27.327   27.716   27.739   27.839   28.060   27.893   28.058   27.739   27.072
1975   26.502   26.448   26.714   27.143   27.654   27.568   27.627   27.621   27.777   27.791   27.523   27.100
1976   26.716   26.273   26.607   26.925   27.576   27.361   27.462   27.283   27.635   27.785   27.970   27.433
1977   27.068   26.752   26.632   27.273   27.932   27.980   27.837   27.913   28.043   27.925   27.844   27.255
1978   26.763   26.478   27.049   27.362   28.128   28.126   28.212   28.056   27.925   27.986   27.776   27.369
1979   26.654   26.660   26.890   27.356   27.889   27.860   27.800   27.681   28.082   27.902   27.772   27.175
1980   26.759   26.458   26.627   27.264   27.797   27.797   27.796   27.677   27.748   27.912   27.762   27.512
1981   26.814   26.600   26.715   27.519   28.191   28.331   27.985   28.172   28.044   27.974   27.829   27.473
1982   27.082   26.893   27.016   27.499   27.903   28.166   27.701   27.634   27.607   27.614   27.488   27.223
1983   26.521   26.427   26.629   27.228   27.797   28.215   28.027   27.940   28.182   28.134   28.310   27.619
1984   27.144   26.926   27.302   27.960   28.505   28.122   28.211   28.223   28.208   28.252   27.996   27.582
1985   27.214   27.202   27.261   27.890   28.188   28.523   27.798   28.038   27.788   27.820   28.027   27.697
1986   27.454   26.981   27.311   27.543   28.321   28.509   28.146   28.358   27.980   28.032   27.845   27.081
1987   26.749   26.445   26.801   27.416   28.068   28.568   28.174   27.958   28.158   28.144   28.149   27.828
1988   27.123   26.801   27.388   27.754   28.384   28.265   28.358   28.275   28.478   28.297   27.824   27.361
1989   27.377   27.230   27.083   27.730   28.062   28.006   28.057   28.091   28.051   28.006   27.596   27.061
1990   26.952   26.557   26.695   27.434   28.127   28.177   27.852   27.924   27.642   27.911   27.880   26.911
1991   26.617   26.403   26.626   27.374   27.885   28.025   27.793   27.854   27.791   27.477   27.421   26.744
1992   26.140   26.080   26.193   27.002   27.670   27.964   27.414   27.667   27.716   27.852   25.545   25.019
1993   24.636   24.488   26.411   26.900   27.517   27.750   27.676   27.374   27.500   27.654   27.794   27.374
1994   26.603   26.581   26.751   27.399   27.756   27.767   27.767   27.627   27.558   27.754   27.455   27.008
1995   26.716   26.353   26.532   26.960   27.652   27.940   27.857   27.948   27.971   27.900   28.070   27.733
1996   27.034   26.747   27.036   27.676   27.863   27.957   28.284   28.148   28.291   28.199   28.081   27.316
1997   26.565   26.710   26.539   27.474   28.137   28.122   28.007   27.743   27.887   28.297   28.048   27.613
1998   26.868   26.535   26.712   27.259   28.045   28.491   28.464   28.498   28.532   28.353   28.148   27.955
1999   27.723   27.578   27.835   27.806   28.122   28.004   28.144   27.939   27.967   28.293   28.249   27.998
2000   27.497   27.332   27.535   28.002   28.128   28.184   27.814   28.022   28.341   28.213   28.268   28.069
2001   27.723   27.396   27.496   28.104   28.295   28.280   27.901   28.112   28.152   28.439   28.254   27.583
2002   27.254   27.032   27.526   27.813   28.312   28.295   28.262   27.706   27.854   28.183   28.333   27.678
2003   27.176   26.742   27.069   27.782   28.310   28.179   27.986   27.906   27.781   28.065   28.217   27.605
2004   27.168   27.269   27.698   28.187   28.139   28.201   27.660   27.896   27.587   27.935   28.055   27.838
2005   27.097   26.719   27.161   27.524   28.068   28.264   27.942   27.841   27.841   27.986   27.888   27.574
2006   27.291   27.282   27.259   27.694   28.089   28.289   27.960   27.821   27.922   27.868   28.114   27.861
2007   27.236   26.975   26.943   27.623   28.033   28.205   27.913   27.764   27.922   28.160   28.080   27.946
2008   27.587   27.382   27.428   27.857   27.936   27.791   27.911   27.927   28.085   28.192   28.139   28.037
2009   27.847   27.607   27.396   28.186   28.397   28.162   27.998   28.232   28.203   28.176   28.084   27.628
2010   27.232   26.934   27.384   27.955   28.377   28.615   28.469   28.310   28.512   28.464   28.238   28.274
2011   27.912   27.760   27.589   27.897   28.276   27.870   27.679   27.633   27.779   28.033   28.198   27.910
2012   27.541   27.439   27.491   27.808   28.156   28.050   27.775   27.786   27.880   27.996   27.932   28.060
2013   27.742   27.411   27.648   27.998   28.466   28.188   27.980   27.762   28.137   28.154   27.853   28.009
2014   27.453   27.103   27.395   27.970   28.427   28.499   28.034   27.713 -999.999 -999.999 -999.999 -999.999