
1948   -3.913   -1.661   -2.295   -0.639   -0.135   -1.109   -1.802   -0.758   -0.333   -1.466   -2.408   -0.508
1949   -2.791   -0.991   -1.416   -2.622   -2.319   -0.649   -1.190   -1.334   -1.762   -1.351   -2.525   -1.341
1950   -0.388   -0.059   -0.986   -0.810   -0.678    0.199   -0.632   -0.263   -0.731   -1.196   -0.781   -1.006
1951    0.303   -1.287   -3.140   -1.966   -1.549   -1.196   -1.243   -1.232   -1.140   -0.770   -0.627   -0.200
1952   -0.371   -0.814   -0.569   -1.911   -2.588   -0.466   -0.602    0.051   -0.080   -2.355   -1.703    0.091
1953    0.548   -2.065   -2.496   -1.788   -0.533   -0.136   -1.120   -0.905    0.179   -0.956   -1.200   -2.252
1954   -1.077   -1.691   -3.541   -1.269   -3.384   -1.366   -1.126   -0.745    0.209   -1.113   -1.289   -1.803
1955   -1.552   -2.153   -3.501   -1.216   -1.959   -0.124   -0.621   -0.372   -0.607   -1.007   -0.773    2.893
1956    1.525   -0.104   -1.153   -3.420   -2.312   -0.576   -0.801   -0.686   -0.133    0.080   -2.317    0.000
1957   -0.130   -1.385   -1.357   -3.031   -1.686   -1.036   -0.633   -0.559   -0.058   -0.582   -2.126   -2.487
1958   -1.552   -1.701   -4.527   -2.827   -2.178   -0.739   -2.101   -1.687   -0.047   -0.203   -2.423   -2.351
1959   -0.464   -4.062   -1.162   -2.370   -1.699   -0.248    0.011   -0.261    1.186   -0.000   -2.822   -2.482
1960    0.129   -2.111   -0.805   -2.375   -0.905   -0.854   -1.156   -0.420   -0.779   -0.305   -0.451   -1.850
1961   -1.662   -1.245   -1.222   -2.468   -1.580   -1.543   -0.602   -0.885   -0.496   -0.500   -2.322    1.128
1962    0.369   -1.209   -2.088    0.039   -1.156    0.268   -0.808   -0.703   -1.227   -2.222   -1.532   -1.609
1963    0.029   -0.801   -1.498   -1.037   -1.640   -1.257   -0.415   -0.220   -1.135    0.576    0.023   -2.840
1964   -1.935   -1.124   -0.556   -1.948    1.473   -0.344   -1.288   -0.679   -1.285   -1.453   -0.038    0.833
1965   -2.172   -3.190   -1.773   -1.801   -2.452   -1.351   -0.657   -0.726   -0.257   -2.429   -0.845   -1.709
1966   -2.123   -4.481   -2.087   -2.881   -1.454   -1.219   -0.350   -0.495   -0.561   -0.093    0.177   -1.730
1967   -1.861   -0.550   -2.260   -2.733   -0.911   -1.005    0.424   -0.136    0.109   -1.167   -0.542   -2.849
1968   -1.295   -0.238   -3.708   -2.695   -1.268   -0.798   -1.383    0.229    0.579   -0.141   -0.947   -0.714
1969   -4.767   -1.064   -3.005   -2.891   -2.557   -1.651   -1.548   -0.618   -0.576   -1.234   -0.114   -2.871
1970   -0.750   -1.579   -0.474   -2.078   -0.228   -0.809   -1.051   -0.852   -0.702   -0.980   -1.075   -0.227
1971   -1.783    0.785   -1.219   -2.063   -0.831   -1.236   -0.475   -0.022   -0.180   -0.399   -0.607    0.042
1972   -1.436   -0.812   -1.296    0.045   -1.579   -1.539   -0.921   -0.932    0.250   -1.386   -2.438   -3.847
1973   -2.577   -2.269   -0.717   -2.677   -2.178   -0.877   -1.756   -0.873   -0.970   -0.372    0.467   -2.549
1974    1.146   -0.065    0.101   -2.435   -1.275   -0.177   -0.165    0.074   -0.062   -1.171   -2.104   -0.862
1975   -1.375   -2.290   -1.220   -1.769   -0.365   -0.366   -0.481   -0.500   -0.306   -0.866   -1.113   -1.409
1976   -0.159   -0.453   -3.676   -2.091   -0.758    0.444   -1.184   -0.982   -1.336   -1.314   -3.119   -0.777
1977    0.697   -1.069   -1.711   -2.692   -1.071   -1.442   -1.095   -0.943    0.187   -1.360   -0.402   -1.609
1978   -0.848   -0.838   -1.083   -1.957   -2.818   -1.453   -1.016   -0.350   -0.441   -2.416   -3.395   -2.941
1979   -2.160   -2.604   -1.232   -3.414   -2.063   -1.138   -1.185   -0.496   -1.418   -0.877   -1.819   -1.276
1980   -0.354   -1.859   -2.674   -2.825   -2.925   -1.739   -0.847   -0.868   -0.356   -1.937   -0.932   -0.315
1981    0.164   -1.093   -2.117   -2.629   -0.743   -0.496   -1.338   -0.309   -1.145   -0.848   -1.999   -2.085
1982   -1.315   -1.286   -3.118   -0.859   -1.823   -2.787   -2.067   -1.116    0.142   -0.220   -1.666   -4.950
1983   -1.839   -1.349   -1.273   -1.249   -2.170   -1.846   -1.499   -0.287   -0.415   -1.185   -1.021   -1.389
1984    1.025   -0.820   -0.762   -1.121   -0.635   -0.176    0.546    0.710    0.577   -0.615   -0.830   -0.262
1985   -0.352   -0.935   -1.895   -1.066   -1.642   -1.619   -1.288   -0.255   -0.488    0.303   -2.384   -1.825
1986   -1.101   -0.151   -1.571    0.046   -0.714   -1.711   -0.586    0.968   -0.159   -1.608   -2.396   -1.593
1987   -2.857   -2.958   -2.541   -2.668   -3.377   -2.392   -1.492   -1.277   -0.121   -1.146   -3.036   -2.895
1988   -2.713    0.001   -2.670   -1.446   -1.937   -0.830   -1.075   -0.920   -0.491   -1.802   -1.629   -1.895
1989   -1.126   -0.764    0.499   -3.252   -0.803   -1.428   -0.974   -0.694   -0.575   -1.552   -2.226   -1.210
1990   -3.210   -2.958   -1.675   -1.325   -2.716   -0.767   -1.384   -0.797   -0.780    1.375   -0.493   -2.077
1991   -0.596   -0.693   -3.505   -2.058   -2.265   -0.964   -0.777   -0.854   -1.288   -0.556   -2.065   -2.745
1992   -1.941   -1.219   -2.390   -2.725   -1.807   -1.982   -1.326   -1.169    0.118   -1.530   -3.332   -2.162
1993   -4.473   -1.237   -2.506   -1.711   -1.966   -1.475   -1.565   -0.802   -0.952   -2.217   -2.314   -1.974
1994   -1.802   -0.958   -2.173   -1.942   -2.007   -1.457   -1.307   -0.549    1.317    0.704    2.196    0.239
1995   -0.168   -0.239   -0.523   -2.588   -1.899   -1.702   -1.174   -0.942   -1.025   -1.021   -0.176    0.557
1996   -0.402   -1.061   -2.188   -2.551   -1.802   -1.526   -1.279    0.139    0.236   -0.407   -1.661   -1.735
1997   -0.868   -0.213   -1.599   -2.257   -3.697   -1.365   -1.764   -0.611   -0.638   -1.436   -3.650   -2.554
1998   -1.790   -1.028   -0.918   -3.302   -2.101   -1.215   -1.742   -1.493   -0.912   -1.399   -1.928   -0.391
1999   -0.399   -0.506   -0.931   -1.007    0.245   -1.258   -1.360   -1.572   -1.040   -0.791   -0.539   -0.406
2000    0.765    0.768   -0.170   -1.545    0.321   -1.148   -0.388   -0.847    0.360   -0.896   -1.177   -0.859
2001   -0.129   -1.703    0.360   -1.012   -0.567   -0.706   -0.823   -1.188   -1.484   -0.364   -1.488   -1.493
2002   -0.713   -1.850   -2.857   -2.423   -2.533   -1.763   -1.863   -1.150   -0.044   -0.769   -2.008   -2.260
2003   -1.720   -0.990   -0.986   -2.161   -3.085   -2.198   -1.733   -1.545   -0.732   -1.784   -0.123   -2.250
2004   -0.853   -1.230   -4.703   -3.524   -1.394   -2.313   -0.894   -1.102   -0.698    0.516   -2.301   -0.123
2005   -1.859   -3.362   -3.711   -1.702   -1.686   -0.081   -1.211   -0.958   -0.972   -1.016    0.161   -0.170
2006   -0.859   -0.971   -1.198   -1.801   -1.148   -1.655   -1.830   -0.531   -0.538   -0.839    0.377   -2.305
2007   -1.804   -0.808   -1.197   -2.222    0.158   -0.742   -1.348   -0.886   -0.503   -0.622   -1.970   -2.636
2008   -1.179   -0.032    0.599   -2.006   -0.374   -0.451   -0.923   -1.159   -1.187   -0.741    0.045    1.584
2009   -1.579   -1.777   -1.538   -2.191   -0.993    0.970   -0.847   -0.851   -0.601   -1.325   -2.260   -0.728
2010   -1.236   -2.518   -3.496   -2.296   -0.847   -0.980   -1.000   -1.019   -1.077   -0.236    1.823    3.479
2011    0.035    1.984   -0.562   -0.875   -0.556   -0.598   -0.479   -0.834   -1.124    0.623    0.204   -1.605
2012    1.078   -0.943   -1.214    0.609   -0.592    0.215   -0.654    0.126    0.445    0.935    1.074    1.135
2013   -0.769   -1.927   -2.913   -0.360   -2.406   -1.389   -0.662   -0.497   -0.186    0.203   -1.935   -1.098
2014   -2.099   -3.569   -3.394   -2.316   -0.380   -0.133   -1.025   -0.518 -999.999 -999.999 -999.999 -999.999