440.076048271854
440.076048271854
440.076048271854
328.330307210031
440.076048271854
437.409355016448
440.076048271854
445.118464877662
437.409355016448
328.330307210031
440.076048271854
437.409355016448
328.330307210031
437.409355016448
241.461601742164
322.030704649141
328.330307210031
440.076048271854
437.409355016448
328.330307210031
437.409355016448
328.330307210031
445.118464877662
437.409355016448
437.409355016448
328.330307210031
440.076048271854
440.076048271854
437.409355016448
440.076048271854
328.330307210031
328.330307210031
440.076048271854
328.330307210031
241.461601742164
328.330307210031
328.330307210031
328.330307210031
328.330307210031
440.076048271854
437.409355016448
437.409355016448
328.330307210031
328.330307210031
241.461601742164
328.330307210031
328.330307210031
445.118464877662
437.409355016448
437.409355016448
445.118464877662
328.330307210031
328.330307210031
328.330307210031
328.330307210031
437.409355016448
437.409355016448
241.461601742164
328.330307210031
328.330307210031
328.330307210031
437.409355016448
328.330307210031
328.330307210031
328.330307210031
328.330307210031
328.330307210031
440.076048271854
440.076048271854
440.076048271854
241.461601742164
322.030704649141
440.076048271854
440.076048271854
328.330307210031
445.118464877662
440.076048271854
322.030704649141
241.461601742164
322.030704649141
328.330307210031
328.330307210031
437.409355016448
437.409355016448
440.076048271854
437.409355016448
445.118464877662
328.330307210031
437.409355016448
328.330307210031
437.409355016448
440.076048271854
328.330307210031
328.330307210031
328.330307210031
328.330307210031
437.409355016448
328.330307210031
445.118464877662
437.409355016448
445.118464877662
437.409355016448
440.076048271854
440.076048271854
328.330307210031
328.330307210031
328.330307210031
440.076048271854
445.118464877662
328.330307210031
437.409355016448
328.330307210031
445.118464877662
445.118464877662
440.076048271854
328.330307210031
440.076048271854
322.030704649141
437.409355016448
328.330307210031
437.409355016448
241.461601742164
440.076048271854
328.330307210031
322.030704649141
322.030704649141
328.330307210031
445.118464877662
241.461601742164
440.076048271854
328.330307210031
445.118464877662
328.330307210031
445.118464877662
440.076048271854
328.330307210031
322.030704649141
328.330307210031
328.330307210031
241.461601742164
328.330307210031
440.076048271854
328.330307210031
440.076048271854
437.409355016448
328.330307210031
328.330307210031
440.076048271854
328.330307210031
328.330307210031
445.118464877662
328.330307210031
241.461601742164
328.330307210031
445.118464877662
328.330307210031
328.330307210031
328.330307210031
328.330307210031
445.118464877662
328.330307210031
440.076048271854
328.330307210031
328.330307210031
328.330307210031
440.076048271854
328.330307210031
437.409355016448
328.330307210031
322.030704649141
445.118464877662
440.076048271854
437.409355016448
440.076048271854
437.409355016448
437.409355016448
328.330307210031
328.330307210031
328.330307210031
328.330307210031
328.330307210031
241.461601742164
322.030704649141
440.076048271854
328.330307210031
328.330307210031
445.118464877662
241.461601742164
440.076048271854
328.330307210031
445.118464877662
328.330307210031
440.076048271854
440.076048271854
440.076048271854
440.076048271854
445.118464877662
440.076048271854
440.076048271854
328.330307210031
241.461601742164
328.330307210031
328.330307210031
328.330307210031
328.330307210031
328.330307210031
322.030704649141
328.330307210031
445.118464877662
445.118464877662
328.330307210031
241.461601742164
241.461601742164
328.330307210031
445.118464877662
328.330307210031
440.076048271854
440.076048271854
241.461601742164
241.461601742164
437.409355016448
322.030704649141
328.330307210031
437.409355016448
328.330307210031
328.330307210031
322.030704649141
328.330307210031
437.409355016448
328.330307210031
440.076048271854
241.461601742164
328.330307210031
437.409355016448
241.461601742164
445.118464877662
440.076048271854
440.076048271854
328.330307210031
445.118464877662
241.461601742164
437.409355016448
328.330307210031
241.461601742164
328.330307210031
328.330307210031
328.330307210031
440.076048271854
328.330307210031
440.076048271854
328.330307210031
328.330307210031
437.409355016448
445.118464877662
437.409355016448
445.118464877662
322.030704649141
437.409355016448
328.330307210031
328.330307210031
328.330307210031
328.330307210031
241.461601742164
241.461601742164
437.409355016448
440.076048271854
440.076048271854
328.330307210031
328.330307210031
440.076048271854
328.330307210031
437.409355016448
328.330307210031
241.461601742164
437.409355016448
328.330307210031
445.118464877662
440.076048271854
440.076048271854
241.461601742164
241.461601742164
437.409355016448
437.409355016448
328.330307210031
328.330307210031
328.330307210031
440.076048271854
445.118464877662
440.076048271854
445.118464877662
440.076048271854
328.330307210031
440.076048271854
440.076048271854
437.409355016448
440.076048271854
322.030704649141
440.076048271854
440.076048271854
440.076048271854
