27.4713333333333 27.113 26.6963333333333 26.532 26.6016666666667 27.036 27.2873333333333 27.4663333333333 27.3686666666667 27.46 27.5676666666667 27.7966666666667 27.7293333333333 27.4903333333333 27.0843333333333 26.8173333333333 26.8856666666667 27.279 27.7283333333333 27.9163333333333 27.91 27.931 27.9603333333333 27.9373333333333 27.6746666666667 27.2873333333333 26.832
27.7293333333333 27.4903333333333 27.0843333333333 26.8173333333333 26.8856666666667 27.279 27.7283333333333 27.9163333333333 27.91 27.931 27.9603333333333 27.9373333333333 27.6746666666667 27.2873333333333 26.832 26.7633333333333 26.963 27.513 27.872 28.1553333333333 28.1313333333333 28.0643333333333 27.989 27.8956666666667 27.7103333333333 27.2663333333333 26.8943333333333
27.6746666666667 27.2873333333333 26.832 26.7633333333333 26.963 27.513 27.872 28.1553333333333 28.1313333333333 28.0643333333333 27.989 27.8956666666667 27.7103333333333 27.2663333333333 26.8943333333333 26.7346666666667 26.9686666666667 27.3783333333333 27.7016666666667 27.8496666666667 27.7803333333333 27.8543333333333 27.8883333333333 27.9186666666667 27.6163333333333 27.2353333333333 26.7973333333333
27.7103333333333 27.2663333333333 26.8943333333333 26.7346666666667 26.9686666666667 27.3783333333333 27.7016666666667 27.8496666666667 27.7803333333333 27.8543333333333 27.8883333333333 27.9186666666667 27.6163333333333 27.2353333333333 26.7973333333333 26.6146666666667 26.783 27.2293333333333 27.6193333333333 27.7966666666667 27.7566666666667 27.7403333333333 27.779 27.8073333333333 27.7286666666667 27.3626666666667 26.9753333333333
27.6163333333333 27.2353333333333 26.7973333333333 26.6146666666667 26.783 27.2293333333333 27.6193333333333 27.7966666666667 27.7566666666667 27.7403333333333 27.779 27.8073333333333 27.7286666666667 27.3626666666667 26.9753333333333 26.7096666666667 26.9446666666667 27.475 28.0136666666667 28.169 28.1626666666667 28.067 28.0633333333333 27.949 27.7586666666667 27.4613333333333 27.1493333333333
27.7286666666667 27.3626666666667 26.9753333333333 26.7096666666667 26.9446666666667 27.475 28.0136666666667 28.169 28.1626666666667 28.067 28.0633333333333 27.949 27.7586666666667 27.4613333333333 27.1493333333333 26.997 27.136 27.4726666666667 27.856 27.9233333333333 27.8336666666667 27.6473333333333 27.6183333333333 27.5696666666667 27.4416666666667 27.0773333333333 26.7236666666667
27.7586666666667 27.4613333333333 27.1493333333333 26.997 27.136 27.4726666666667 27.856 27.9233333333333 27.8336666666667 27.6473333333333 27.6183333333333 27.5696666666667 27.4416666666667 27.0773333333333 26.7236666666667 26.5256666666667 26.7613333333333 27.218 27.7466666666667 28.013 28.0606666666667 28.0496666666667 28.0853333333333 28.2086666666667 28.021 27.691 27.2296666666667
27.4416666666667 27.0773333333333 26.7236666666667 26.5256666666667 26.7613333333333 27.218 27.7466666666667 28.013 28.0606666666667 28.0496666666667 28.0853333333333 28.2086666666667 28.021 27.691 27.2296666666667 27.124 27.396 27.9223333333333 28.1956666666667 28.2793333333333 28.1853333333333 28.214 28.2276666666667 28.152 27.9433333333333 27.5973333333333 27.3326666666667
28.021 27.691 27.2296666666667 27.124 27.396 27.9223333333333 28.1956666666667 28.2793333333333 28.1853333333333 28.214 28.2276666666667 28.152 27.9433333333333 27.5973333333333 27.3326666666667 27.2256666666667 27.451 27.7796666666667 28.2003333333333 28.1696666666667 28.1196666666667 27.8746666666667 27.882 27.8783333333333 27.848 27.726 27.3773333333333
27.9433333333333 27.5973333333333 27.3326666666667 27.2256666666667 27.451 27.7796666666667 28.2003333333333 28.1696666666667 28.1196666666667 27.8746666666667 27.882 27.8783333333333 27.848 27.726 27.3773333333333 27.2486666666667 27.2783333333333 27.725 28.1243333333333 28.3253333333333 28.3376666666667 28.1613333333333 28.1233333333333 27.9523333333333 27.6526666666667 27.225 26.7583333333333
27.848 27.726 27.3773333333333 27.2486666666667 27.2783333333333 27.725 28.1243333333333 28.3253333333333 28.3376666666667 28.1613333333333 28.1233333333333 27.9523333333333 27.6526666666667 27.225 26.7583333333333 26.665 26.8873333333333 27.4283333333333 28.0173333333333 28.27 28.2333333333333 28.0966666666667 28.0866666666667 28.1503333333333 28.0403333333333 27.7 27.2506666666667
27.6526666666667 27.225 26.7583333333333 26.665 26.8873333333333 27.4283333333333 28.0173333333333 28.27 28.2333333333333 28.0966666666667 28.0866666666667 28.1503333333333 28.0403333333333 27.7 27.2506666666667 27.104 27.3143333333333 27.842 28.1343333333333 28.3356666666667 28.2993333333333 28.3703333333333 28.35 28.1996666666667 27.8273333333333 27.5206666666667 27.3226666666667
28.0403333333333 27.7 27.2506666666667 27.104 27.3143333333333 27.842 28.1343333333333 28.3356666666667 28.2993333333333 28.3703333333333 28.35 28.1996666666667 27.8273333333333 27.5206666666667 27.3226666666667 27.23 27.3476666666667 27.625 27.9326666666667 28.0416666666667 28.0513333333333 28.0663333333333 28.0493333333333 27.8843333333333 27.5543333333333 27.203 26.8566666666667
27.8273333333333 27.5206666666667 27.3226666666667 27.23 27.3476666666667 27.625 27.9326666666667 28.0416666666667 28.0513333333333 28.0663333333333 28.0493333333333 27.8843333333333 27.5543333333333 27.203 26.8566666666667 26.7346666666667 26.8953333333333 27.4186666666667 27.9126666666667 28.052 27.9843333333333 27.806 27.8256666666667 27.811 27.5673333333333 27.136 26.6436666666667
27.5543333333333 27.203 26.8566666666667 26.7346666666667 26.8953333333333 27.4186666666667 27.9126666666667 28.052 27.9843333333333 27.806 27.8256666666667 27.811 27.5673333333333 27.136 26.6436666666667 26.5486666666667 26.801 27.295 27.7613333333333 27.901 27.8906666666667 27.8126666666667 27.7073333333333 27.563 27.214 26.7683333333333 26.3213333333333
27.5673333333333 27.136 26.6436666666667 26.5486666666667 26.801 27.295 27.7613333333333 27.901 27.8906666666667 27.8126666666667 27.7073333333333 27.563 27.214 26.7683333333333 26.3213333333333 26.1376666666667 26.425 26.955 27.5453333333333 27.6826666666667 27.6816666666667 27.599 27.745 27.0376666666667 26.1386666666667 25.0666666666667 24.7143333333333
27.214 26.7683333333333 26.3213333333333 26.1376666666667 26.425 26.955 27.5453333333333 27.6826666666667 27.6816666666667 27.599 27.745 27.0376666666667 26.1386666666667 25.0666666666667 24.7143333333333 25.1783333333333 25.933 26.9426666666667 27.389 27.6476666666667 27.6 27.5166666666667 27.5093333333333 27.6493333333333 27.6073333333333 27.257 26.8526666666667
26.1386666666667 25.0666666666667 24.7143333333333 25.1783333333333 25.933 26.9426666666667 27.389 27.6476666666667 27.6 27.5166666666667 27.5093333333333 27.6493333333333 27.6073333333333 27.257 26.8526666666667 26.645 26.9103333333333 27.302 27.6406666666667 27.7633333333333 27.7203333333333 27.6506666666667 27.6463333333333 27.589 27.4056666666667 27.0596666666667 26.6923333333333
27.6073333333333 27.257 26.8526666666667 26.645 26.9103333333333 27.302 27.6406666666667 27.7633333333333 27.7203333333333 27.6506666666667 27.6463333333333 27.589 27.4056666666667 27.0596666666667 26.6923333333333 26.5336666666667 26.615 27.048 27.5173333333333 27.8163333333333 27.915 27.9253333333333 27.9396666666667 27.9803333333333 27.901 27.6123333333333 27.1713333333333
27.4056666666667 27.0596666666667 26.6923333333333 26.5336666666667 26.615 27.048 27.5173333333333 27.8163333333333 27.915 27.9253333333333 27.9396666666667 27.9803333333333 27.901 27.6123333333333 27.1713333333333 26.939 27.153 27.525 27.832 28.0346666666667 28.1296666666667 28.241 28.2126666666667 28.1903333333333 27.8653333333333 27.3206666666667 26.8636666666667
27.901 27.6123333333333 27.1713333333333 26.939 27.153 27.525 27.832 28.0346666666667 28.1296666666667 28.241 28.2126666666667 28.1903333333333 27.8653333333333 27.3206666666667 26.8636666666667 26.6046666666667 26.9076666666667 27.3833333333333 27.911 28.0886666666667 27.9573333333333 27.879 27.9756666666667 28.0773333333333 27.986 27.5096666666667 27.0053333333333
27.8653333333333 27.3206666666667 26.8636666666667 26.6046666666667 26.9076666666667 27.3833333333333 27.911 28.0886666666667 27.9573333333333 27.879 27.9756666666667 28.0773333333333 27.986 27.5096666666667 27.0053333333333 26.705 26.8353333333333 27.3386666666667 27.9316666666667 28.3333333333333 28.4843333333333 28.498 28.461 28.3443333333333 28.152 27.942 27.752
27.986 27.5096666666667 27.0053333333333 26.705 26.8353333333333 27.3386666666667 27.9316666666667 28.3333333333333 28.4843333333333 28.498 28.461 28.3443333333333 28.152 27.942 27.752 27.712 27.7396666666667 27.921 27.9773333333333 28.09 28.029 28.0166666666667 28.0663333333333 28.1696666666667 28.18 27.9146666666667 27.609
28.152 27.942 27.752 27.712 27.7396666666667 27.921 27.9773333333333 28.09 28.029 28.0166666666667 28.0663333333333 28.1696666666667 28.18 27.9146666666667 27.609 27.4546666666667 27.623 27.8883333333333 28.1046666666667 28.042 28.0066666666667 28.059 28.192 28.274 28.1833333333333 28.02 27.7293333333333
28.18 27.9146666666667 27.609 27.4546666666667 27.623 27.8883333333333 28.1046666666667 28.042 28.0066666666667 28.059 28.192 28.274 28.1833333333333 28.02 27.7293333333333 27.5383333333333 27.6653333333333 27.965 28.2263333333333 28.1586666666667 28.0976666666667 28.055 28.2343333333333 28.2816666666667 28.092 27.697 27.2896666666667
28.1833333333333 28.02 27.7293333333333 27.5383333333333 27.6653333333333 27.965 28.2263333333333 28.1586666666667 28.0976666666667 28.055 28.2343333333333 28.2816666666667 28.092 27.697 27.2896666666667 27.2706666666667 27.457 27.8836666666667 28.14 28.2896666666667 28.0876666666667 27.9406666666667 27.9143333333333 28.1233333333333 28.0646666666667 27.729 27.1986666666667
28.092 27.697 27.2896666666667 27.2706666666667 27.457 27.8836666666667 28.14 28.2896666666667 28.0876666666667 27.9406666666667 27.9143333333333 28.1233333333333 28.0646666666667 27.729 27.1986666666667 26.9956666666667 27.1976666666667 27.7203333333333 28.0903333333333 28.1583333333333 28.0236666666667 27.891 27.9173333333333 28.021 27.9623333333333 27.6633333333333 27.3473333333333
28.0646666666667 27.729 27.1986666666667 26.9956666666667 27.1976666666667 27.7203333333333 28.0903333333333 28.1583333333333 28.0236666666667 27.891 27.9173333333333 28.021 27.9623333333333 27.6633333333333 27.3473333333333 27.3783333333333 27.718 28.008 28.1756666666667 28 27.919 27.7143333333333 27.806 27.859 27.9426666666667 27.6633333333333 27.218
27.9623333333333 27.6633333333333 27.3473333333333 27.3783333333333 27.718 28.008 28.1756666666667 28 27.919 27.7143333333333 27.806 27.859 27.9426666666667 27.6633333333333 27.218 26.9923333333333 27.1346666666667 27.5843333333333 27.952 28.0913333333333 28.0156666666667 27.8746666666667 27.8893333333333 27.905 27.816 27.5843333333333 27.3823333333333
27.9426666666667 27.6633333333333 27.218 26.9923333333333 27.1346666666667 27.5843333333333 27.952 28.0913333333333 28.0156666666667 27.8746666666667 27.8893333333333 27.905 27.816 27.5843333333333 27.3823333333333 27.2773333333333 27.4116666666667 27.6806666666667 28.024 28.1126666666667 28.0233333333333 27.901 27.8703333333333 27.968 27.9476666666667 27.737 27.3573333333333
27.816 27.5843333333333 27.3823333333333 27.2773333333333 27.4116666666667 27.6806666666667 28.024 28.1126666666667 28.0233333333333 27.901 27.8703333333333 27.968 27.9476666666667 27.737 27.3573333333333 27.0513333333333 27.1803333333333 27.533 27.9536666666667 28.0503333333333 27.9606666666667 27.8663333333333 27.9486666666667 28.054 28.062 27.871 27.6383333333333
27.9476666666667 27.737 27.3573333333333 27.0513333333333 27.1803333333333 27.533 27.9536666666667 28.0503333333333 27.9606666666667 27.8663333333333 27.9486666666667 28.054 28.062 27.871 27.6383333333333 27.4656666666667 27.5556666666667 27.7403333333333 27.8613333333333 27.8793333333333 27.8763333333333 27.9743333333333 28.068 28.1386666666667 28.1226666666667 28.0076666666667 27.8303333333333
28.062 27.871 27.6383333333333 27.4656666666667 27.5556666666667 27.7403333333333 27.8613333333333 27.8793333333333 27.8763333333333 27.9743333333333 28.068 28.1386666666667 28.1226666666667 28.0076666666667 27.8303333333333 27.6166666666667 27.7296666666667 27.993 28.2483333333333 28.1856666666667 28.1306666666667 28.1443333333333 28.2036666666667 28.1543333333333 27.9626666666667 27.648 27.2646666666667
28.1226666666667 28.0076666666667 27.8303333333333 27.6166666666667 27.7296666666667 27.993 28.2483333333333 28.1856666666667 28.1306666666667 28.1443333333333 28.2036666666667 28.1543333333333 27.9626666666667 27.648 27.2646666666667 27.1833333333333 27.4243333333333 27.9053333333333 28.3156666666667 28.487 28.4646666666667 28.4303333333333 28.4286666666667 28.4046666666667 28.3253333333333 28.1413333333333 27.982
27.9626666666667 27.648 27.2646666666667 27.1833333333333 27.4243333333333 27.9053333333333 28.3156666666667 28.487 28.4646666666667 28.4303333333333 28.4286666666667 28.4046666666667 28.3253333333333 28.1413333333333 27.982 27.7536666666667 27.7486666666667 27.9206666666667 28.0143333333333 27.9416666666667 27.7273333333333 27.697 27.815 28.0033333333333 28.047 27.883 27.63
28.3253333333333 28.1413333333333 27.982 27.7536666666667 27.7486666666667 27.9206666666667 28.0143333333333 27.9416666666667 27.7273333333333 27.697 27.815 28.0033333333333 28.047 27.883 27.63 27.4903333333333 27.5793333333333 27.8183333333333 28.0046666666667 27.9936666666667 27.8703333333333 27.8136666666667 27.8873333333333 27.936 27.996 27.9113333333333 27.7376666666667
28.047 27.883 27.63 27.4903333333333 27.5793333333333 27.8183333333333 28.0046666666667 27.9936666666667 27.8703333333333 27.8136666666667 27.8873333333333 27.936 27.996 27.9113333333333 27.7376666666667 27.6003333333333 27.6856666666667 28.0373333333333 28.2173333333333 28.2113333333333 27.9766666666667 27.9596666666667 28.0176666666667 28.048 28.0053333333333 27.7716666666667 27.5216666666667
