1948 1012.108 1012.808 1011.562 1010.790 1010.126 1009.189 1009.028 1009.544 1010.426 1011.533 1012.099 1012.058
1949 1012.625 1012.215 1011.379 1010.827 1009.464 1008.769 1008.835 1009.255 1009.693 1011.441 1011.999 1011.250
1950 1011.419 1011.768 1011.353 1009.643 1009.738 1008.391 1008.357 1009.171 1010.682 1011.333 1011.167 1012.176
1951 1011.430 1011.119 1010.673 1010.066 1010.874 1008.598 1009.475 1010.711 1010.998 1011.172 1011.177 1012.092
1952 1012.433 1011.256 1010.146 1010.547 1009.261 1008.863 1009.627 1009.631 1010.954 1012.112 1012.111 1013.250
1953 1012.556 1012.537 1011.301 1010.591 1010.748 1008.162 1009.239 1010.027 1010.769 1011.221 1012.455 1012.157
1954 1010.621 1011.561 1010.805 1009.909 1008.418 1008.059 1008.477 1009.029 1009.422 1011.427 1012.568 1011.112
1955 1012.570 1010.123 1010.239 1009.534 1009.540 1009.083 1008.849 1008.469 1008.547 1010.370 1010.749 1011.218
1956 1010.262 1010.439 1010.410 1009.386 1007.496 1008.136 1009.276 1009.323 1009.278 1010.237 1011.791 1012.356
1957 1011.466 1011.553 1011.014 1009.780 1009.635 1008.926 1009.125 1009.770 1011.099 1010.918 1011.192 1011.389
1958 1012.449 1012.552 1011.047 1009.860 1009.435 1008.866 1009.043 1008.601 1010.003 1011.209 1011.500 1011.895
1959 1011.867 1011.325 1011.290 1009.807 1007.693 1008.913 1009.677 1009.111 1009.233 1010.738 1010.607 1011.335
1960 1012.195 1011.720 1010.481 1009.947 1009.007 1009.305 1009.404 1010.057 1010.515 1011.741 1011.530 1012.168
1961 1011.518 1011.073 1011.028 1009.553 1009.118 1009.145 1008.252 1008.884 1009.617 1010.384 1010.417 1010.181
1962 1010.167 1011.182 1010.005 1008.995 1007.871 1007.751 1008.032 1009.345 1008.436 1010.012 1009.999 1011.129
1963 1010.730 1010.754 1010.490 1009.032 1008.344 1009.793 1008.535 1008.656 1010.751 1011.689 1010.656 1011.341
1964 1012.418 1010.423 1010.592 1008.992 1009.981 1008.603 1008.811 1009.343 1009.685 1011.691 1011.770 1011.398
1965 1011.814 1010.585 1012.026 1010.276 1009.752 1011.237 1010.661 1010.476 1011.352 1011.532 1011.331 1011.291
1966 1012.380 1011.288 1010.544 1009.904 1010.881 1009.741 1008.368 1009.352 1010.683 1010.763 1010.696 1010.553
1967 1012.268 1011.270 1010.129 1010.144 1009.424 1008.389 1008.996 1010.065 1010.521 1012.068 1010.786 1011.896
1968 1011.391 1011.958 1009.977 1010.428 1010.388 1010.048 1010.433 1011.675 1011.547 1011.547 1012.147 1011.734
1969 1010.685 1011.751 1011.422 1010.490 1009.720 1010.330 1010.476 1010.550 1011.300 1011.097 1011.411 1011.834
1970 1011.946 1011.313 1010.500 1010.459 1008.857 1009.058 1010.117 1009.288 1009.655 1011.259 1011.042 1011.633
1971 1011.266 1010.449 1011.633 1009.640 1009.533 1010.133 1009.505 1009.667 1010.759 1012.501 1012.712 1011.241
1972 1011.753 1011.254 1011.576 1010.865 1010.815 1009.236 1010.228 1010.864 1011.401 1011.432 1010.923 1012.264
1973 1012.506 1011.968 1011.419 1009.698 1009.588 1009.164 1009.510 1010.355 1011.047 1010.568 1011.934 1011.958
1974 1011.719 1011.194 1010.993 1010.005 1010.191 1010.012 1009.557 1009.903 1010.482 1011.485 1012.129 1011.823
1975 1012.508 1012.452 1011.227 1010.027 1008.979 1009.185 1009.006 1009.132 1009.981 1011.197 1011.714 1011.705
1976 1012.156 1011.473 1010.813 1011.401 1010.874 1009.071 1010.129 1010.363 1012.057 1011.769 1010.702 1011.916
1977 1011.844 1012.310 1012.210 1009.853 1010.049 1009.041 1008.862 1010.532 1011.786 1011.332 1011.416 1012.784
1978 1013.274 1013.184 1011.230 1010.867 1009.845 1009.038 1009.986 1010.617 1011.573 1011.827 1012.489 1012.431
1979 1012.727 1011.391 1011.213 1010.574 1010.731 1009.715 1011.232 1010.726 1011.576 1012.629 1011.032 1012.541
1980 1012.177 1012.051 1011.869 1010.444 1009.960 1009.846 1010.956 1011.299 1012.094 1011.949 1011.603 1012.067
1981 1013.265 1012.492 1011.499 1010.849 1009.729 1010.331 1010.061 1010.522 1010.981 1011.996 1011.982 1012.937
1982 1012.420 1012.045 1011.898 1011.083 1010.465 1010.567 1010.047 1010.853 1012.169 1011.573 1010.886 1011.735
1983 1013.359 1012.861 1012.550 1011.174 1010.690 1009.808 1009.291 1009.911 1010.418 1011.452 1013.343 1011.982
1984 1010.947 1010.745 1011.202 1009.932 1009.782 1009.717 1009.896 1011.087 1011.807 1012.824 1012.029 1011.274
1985 1012.063 1009.636 1010.853 1010.125 1009.229 1011.358 1010.747 1010.592 1011.087 1012.073 1012.211 1012.148
1986 1012.255 1011.893 1010.901 1010.131 1010.696 1008.843 1011.743 1011.593 1012.822 1013.007 1012.135 1012.409
1987 1013.250 1013.230 1011.127 1011.410 1010.513 1009.741 1011.325 1010.788 1011.614 1011.096 1011.427 1012.376
1988 1011.739 1011.755 1010.635 1009.801 1009.968 1009.845 1009.304 1009.603 1009.846 1011.412 1012.506 1012.119
1989 1010.942 1012.377 1010.572 1010.414 1010.192 1010.663 1010.598 1010.964 1010.872 1012.045 1011.980 1012.037
1990 1012.269 1011.360 1011.993 1010.078 1008.811 1010.350 1010.986 1011.223 1011.149 1011.425 1011.682 1011.728
1991 1011.908 1012.405 1011.041 1010.370 1009.683 1009.686 1010.226 1011.071 1012.050 1010.714 1012.271 1012.097
1992 1013.343 1012.705 1012.271 1011.204 1010.340 1009.334 1010.674 1011.628 1011.411 1012.148 1011.904 1012.263
1993 1012.752 1012.763 1012.310 1011.494 1010.522 1010.063 1010.874 1012.228 1011.891 1012.273 1011.057 1012.021
1994 1011.341 1011.226 1011.609 1010.499 1010.905 1008.912 1010.221 1010.713 1012.228 1011.421 1011.084 1012.976
1995 1012.827 1011.842 1011.534 1010.326 1010.143 1009.852 1008.865 1010.681 1011.918 1011.101 1012.192 1013.338
1996 1011.306 1010.803 1010.560 1010.551 1011.181 1009.579 1010.716 1011.276 1010.910 1012.063 1011.705 1012.312
1997 1012.435 1012.377 1011.685 1010.892 1011.254 1010.309 1010.482 1012.039 1012.300 1012.524 1011.244 1011.892
1998 1011.836 1012.710 1011.589 1010.524 1009.852 1009.713 1010.482 1010.604 1011.300 1011.632 1011.999 1012.499
1999 1011.685 1012.320 1009.310 1010.999 1010.224 1010.880 1010.737 1011.397 1010.665 1010.978 1011.616 1011.744
2000 1011.140 1011.214 1010.828 1010.203 1010.081 1010.692 1009.999 1010.880 1010.944 1011.383 1010.959 1011.232
2001 1010.891 1011.509 1011.117 1010.308 1009.816 1009.929 1010.612 1011.322 1011.278 1011.516 1011.919 1012.712
2002 1012.097 1012.841 1010.944 1009.833 1010.083 1010.327 1012.336 1011.898 1012.422 1011.303 1011.113 1012.169
2003 1012.697 1011.513 1010.966 1010.211 1010.774 1009.224 1009.672 1011.402 1011.689 1011.776 1011.324 1012.327
2004 1011.565 1012.295 1011.217 1010.650 1010.266 1011.932 1010.653 1011.735 1011.251 1011.823 1011.135 1011.437
2005 1012.472 1012.463 1012.136 1011.049 1009.921 1009.477 1011.025 1011.352 1011.336 1012.020 1011.496 1011.483
2006 1011.921 1010.695 1009.995 1009.858 1009.844 1009.607 1011.202 1010.816 1011.146 1012.111 1010.244 1011.137
2007 1012.588 1011.066 1011.057 1009.377 1008.445 1006.490 1008.886 1009.543 1009.827 1010.789 1010.908 1010.665
2008 1011.273 1012.217 1009.474 1009.508 1009.850 1009.248 1009.260 1009.808 1011.026 1010.591 1010.801 1011.428
2009 1012.261 1011.646 1010.836 1010.290 1009.679 1010.131 1010.306 1010.799 1011.131 1010.966 1010.873 1011.443
2010 1012.854 1011.725 1011.780 1010.921 1009.277 1009.622 1009.525 1010.312 1010.059 1010.715 1010.728 1010.266
2011 1011.066 1011.135 1011.012 1010.850 1010.602 1009.684 1009.379 1009.861 1010.585 1009.783 1009.590 1010.636
2012 1011.569 1010.448 1011.387 1010.376 1010.431 1009.603 1009.393 1010.382 1011.054 1010.769 1010.968 1010.639
2013 1012.767 1011.995 1011.438 1010.482 1009.986 1009.679 1009.888 1010.609 1010.659 1011.591 1010.591 1011.567
2014 1012.792 1010.996 -999.999 -999.999 -999.999 -999.999 -999.999 -999.999 -999.999 -999.999 -999.999 -999.999