
1948 1007.998 1008.966 1009.425 1009.552 1009.552 1009.942 1009.582 1009.795 1009.855 1009.584 1007.979 1006.083
1949 1006.951 1007.201 1007.236 1009.128 1008.429 1009.074 1009.003 1009.066 1009.202 1008.840 1007.529 1005.516
1950 1006.352 1006.125 1007.116 1007.487 1007.949 1008.439 1009.401 1009.869 1009.685 1009.215 1006.749 1005.469
1951 1007.222 1006.676 1006.458 1008.247 1009.231 1008.955 1008.982 1009.696 1009.007 1009.120 1007.502 1006.720
1952 1006.147 1007.070 1008.059 1008.795 1008.388 1008.948 1009.209 1009.196 1009.161 1008.097 1007.072 1007.198
1953 1007.796 1008.114 1007.493 1008.819 1009.164 1008.892 1009.252 1008.788 1009.120 1008.560 1007.603 1006.884
1954 1006.271 1007.932 1007.436 1007.559 1007.767 1008.642 1008.396 1008.899 1009.148 1008.970 1008.040 1006.090
1955 1007.133 1006.394 1006.211 1007.813 1008.465 1008.889 1009.351 1008.979 1008.658 1008.778 1006.847 1007.219
1956 1005.678 1006.159 1007.062 1007.876 1008.294 1008.886 1008.974 1008.651 1008.580 1008.668 1007.165 1006.310
1957 1006.751 1005.274 1008.042 1008.353 1008.569 1008.879 1008.770 1008.315 1008.792 1009.320 1007.397 1007.187
1958 1008.795 1008.534 1008.215 1008.308 1007.963 1008.328 1009.154 1008.485 1008.750 1008.133 1007.442 1007.922
1959 1006.962 1007.792 1008.324 1008.291 1008.055 1009.218 1009.238 1008.574 1008.682 1008.924 1007.655 1006.364
1960 1007.455 1007.939 1008.427 1008.383 1008.453 1008.984 1009.004 1009.574 1008.586 1009.287 1007.952 1007.856
1961 1006.660 1007.416 1007.615 1008.457 1008.982 1008.987 1009.380 1009.268 1008.956 1008.560 1008.423 1007.532
1962 1007.222 1007.888 1008.628 1008.656 1008.459 1009.289 1008.765 1010.260 1009.149 1009.443 1007.838 1008.056
1963 1007.714 1009.342 1007.952 1008.553 1008.223 1009.401 1009.174 1008.396 1009.403 1009.029 1008.816 1008.173
1964 1007.943 1006.898 1008.356 1008.532 1008.721 1009.095 1009.202 1009.667 1008.813 1008.950 1007.435 1007.264
1965 1006.651 1006.101 1008.787 1009.367 1008.788 1010.429 1009.489 1009.626 1009.422 1009.411 1008.969 1007.441
1966 1007.467 1008.014 1007.932 1008.225 1010.041 1010.330 1008.916 1009.910 1010.069 1009.215 1008.077 1007.069
1967 1006.607 1007.606 1007.378 1008.456 1008.587 1008.994 1008.735 1009.309 1009.605 1009.006 1007.563 1007.696
1968 1005.705 1007.303 1007.969 1008.688 1009.121 1010.046 1009.434 1009.807 1009.693 1009.321 1009.049 1006.976
1969 1005.858 1006.099 1008.323 1008.530 1008.520 1009.380 1009.086 1009.797 1008.831 1009.103 1008.090 1007.373
1970 1007.765 1007.083 1007.275 1008.344 1008.654 1008.953 1009.829 1008.996 1008.893 1007.998 1008.367 1005.739
1971 1007.035 1006.812 1007.744 1008.060 1008.846 1009.389 1009.186 1009.559 1009.360 1009.362 1008.039 1005.757
1972 1006.206 1006.930 1008.139 1008.748 1008.065 1008.681 1008.547 1009.735 1008.722 1009.418 1008.540 1008.146
1973 1008.149 1008.138 1008.661 1008.606 1009.426 1009.108 1009.484 1009.415 1010.213 1009.006 1007.837 1007.579
1974 1007.544 1006.692 1008.560 1007.887 1008.924 1009.228 1009.441 1009.597 1009.703 1008.649 1007.227 1006.500
1975 1006.471 1008.352 1008.396 1007.897 1008.869 1009.198 1009.674 1009.799 1009.526 1009.221 1008.144 1007.864
1976 1006.208 1007.333 1007.125 1008.673 1009.482 1009.199 1009.385 1009.844 1009.935 1009.192 1008.235 1007.039
1977 1006.823 1008.140 1007.816 1008.596 1009.701 1009.189 1008.331 1009.319 1010.368 1009.662 1008.664 1008.216
1978 1007.630 1008.559 1009.110 1009.333 1008.707 1009.308 1009.072 1009.531 1009.533 1009.146 1008.168 1007.584
1979 1006.822 1007.842 1008.637 1009.091 1009.326 1009.095 1010.580 1010.305 1009.689 1009.556 1008.023 1007.963
1980 1007.681 1007.932 1007.217 1008.289 1009.387 1009.161 1009.614 1009.912 1009.772 1009.336 1008.419 1007.750
1981 1007.849 1006.911 1008.852 1008.568 1009.291 1009.751 1009.221 1010.414 1009.360 1009.258 1008.430 1007.646
1982 1007.649 1008.032 1007.443 1009.012 1009.112 1009.252 1008.908 1008.755 1010.386 1009.719 1008.130 1009.410
1983 1008.963 1009.935 1010.875 1010.434 1009.713 1009.675 1009.527 1010.584 1009.734 1009.168 1009.076 1008.337
1984 1008.187 1007.369 1009.136 1009.240 1009.151 1009.260 1009.199 1009.423 1009.718 1009.079 1008.579 1005.725
1985 1007.992 1006.157 1006.289 1008.182 1008.151 1009.093 1009.795 1009.746 1009.426 1009.299 1007.794 1007.868
1986 1006.598 1008.337 1008.383 1007.884 1008.986 1008.444 1009.880 1008.925 1009.299 1010.371 1007.577 1007.546
1987 1008.202 1007.538 1009.500 1009.564 1009.710 1009.894 1010.187 1009.858 1010.668 1009.942 1008.469 1007.557
1988 1006.999 1006.867 1007.927 1008.910 1009.187 1010.089 1009.815 1010.532 1009.474 1008.619 1008.751 1008.011
1989 1007.142 1007.873 1008.925 1007.993 1008.781 1010.183 1009.757 1009.996 1009.944 1009.088 1007.858 1008.540
1990 1006.141 1008.486 1007.469 1008.672 1008.966 1009.190 1009.679 1009.598 1009.962 1010.052 1007.292 1007.409
1991 1007.633 1007.595 1008.041 1008.575 1009.382 1009.721 1009.671 1009.659 1009.833 1009.038 1008.499 1007.975
1992 1009.172 1008.982 1009.758 1009.277 1009.269 1008.751 1009.942 1009.929 1009.677 1008.660 1009.010 1007.305
1993 1008.559 1008.562 1008.842 1008.943 1009.772 1009.945 1009.304 1010.874 1010.721 1010.021 1008.688 1007.530
1994 1007.567 1007.958 1008.938 1009.219 1009.605 1009.423 1009.322 1010.174 1010.742 1010.513 1008.947 1007.564
1995 1008.175 1009.077 1008.775 1008.191 1009.546 1010.143 1009.666 1009.790 1010.392 1009.158 1008.907 1008.863
1996 1007.390 1007.740 1008.151 1009.309 1010.401 1010.351 1009.621 1010.720 1008.921 1009.095 1007.950 1006.259
1997 1008.143 1006.788 1007.158 1009.200 1008.892 1010.337 1009.355 1010.359 1010.895 1010.141 1010.971 1008.511
1998 1008.815 1010.888 1010.081 1010.980 1010.236 1010.079 1010.771 1010.359 1010.384 1009.480 1008.312 1007.480
1999 1007.305 1008.132 1007.783 1008.888 1009.101 1009.656 1009.113 1010.168 1010.094 1009.074 1008.271 1007.793
2000 1007.034 1008.454 1008.741 1008.486 1009.278 1008.958 1009.018 1008.319 1009.793 1007.842 1006.997 1006.796
2001 1007.534 1005.777 1008.189 1007.964 1008.997 1007.994 1009.131 1008.542 1009.187 1008.128 1007.637 1006.429
2002 1007.618 1007.778 1008.032 1008.280 1008.432 1008.412 1009.240 1008.328 1009.432 1007.711 1007.135 1007.964
2003 1007.378 1007.258 1008.000 1008.057 1008.211 1009.181 1008.827 1009.497 1009.520 1008.831 1007.542 1006.701
2004 1007.493 1007.422 1007.030 1007.980 1008.951 1008.846 1009.108 1009.071 1009.213 1008.657 1007.706 1006.990
2005 1006.484 1006.814 1008.617 1007.761 1008.467 1008.905 1008.863 1009.582 1009.065 1009.082 1007.751 1007.175
2006 1006.178 1006.933 1007.838 1008.162 1009.359 1008.580 1009.438 1008.593 1008.805 1008.644 1007.761 1007.169
2007 1006.674 1007.567 1007.224 1008.698 1008.820 1007.613 1008.719 1009.145 1008.387 1008.864 1006.417 1006.970
2008 1006.242 1008.220 1008.700 1008.101 1009.268 1009.225 1009.336 1009.676 1009.365 1009.574 1008.122 1007.122
2009 1007.530 1007.429 1008.192 1008.299 1008.325 1009.127 1008.135 1009.066 1008.334 1008.399 1006.819 1007.272
2010 1006.489 1008.097 1007.814 1009.188 1008.167 1009.608 1009.681 1009.906 1010.047 1009.055 1008.253 1006.718
2011 1006.401 1007.743 1007.954 1008.804 1008.521 1008.473 1008.662 1008.998 1009.666 1009.510 1007.891 1006.672
2012 1007.213 1007.777 1007.090 1008.967 1008.503 1009.020 1008.165 1009.582 1008.877 1008.895 1007.646 1006.612
2013 1006.422 1007.333 1008.260 1008.712 1009.078 1008.253 1008.530 1009.543 1009.315 1009.562 1008.144 1007.104
2014 1006.973 1006.527 1008.450 1009.193 1009.796 1008.974 1009.615 1010.224 -999.999 -999.999 -999.999 -999.999