1948   -4.797   -3.440   -5.272   -6.563   -8.085   -7.971   -8.245   -8.559   -7.559   -7.059   -5.034   -4.797
1949   -2.521    0.435   -3.989   -5.814   -6.477   -6.452   -6.240   -7.025   -6.538   -5.846   -5.122   -3.968
1950   -0.597   -2.349   -4.519   -5.802   -5.189   -7.931   -8.338   -7.750   -7.024   -6.675   -6.056   -4.645
1951   -4.342   -1.456   -4.551   -5.124   -7.862   -4.427   -8.041   -7.198   -6.680   -6.215   -5.348   -4.912
1952   -3.643   -4.404   -5.632   -5.094   -6.054   -7.472   -7.617   -8.220   -7.339   -6.417   -6.144   -5.274
1953   -4.754   -4.717   -5.467   -6.295   -6.578   -7.127   -6.749   -7.347   -7.457   -6.138   -6.364   -4.978
1954   -4.151   -4.201   -5.481   -6.492   -8.185   -7.735   -7.420   -9.088   -7.595   -6.471   -6.717   -5.316
1955   -4.286   -1.989   -5.055   -5.571   -5.195   -7.732   -7.877   -7.225   -7.314   -7.303   -6.106   -5.382
1956   -3.607   -2.675   -4.413   -6.091   -7.369   -7.460   -6.833   -8.489   -6.725   -7.216   -5.530   -4.258
1957   -4.257   -1.331   -5.107   -6.297   -7.316   -6.378   -9.332   -7.840   -8.120   -6.397   -6.306   -5.309
1958   -4.139   -3.396   -5.096   -7.704   -6.041   -6.826   -7.891   -8.387   -7.879   -7.495   -6.504   -5.555
1959   -4.728   -5.572   -4.781   -6.673   -7.313   -7.155   -7.127   -8.929   -8.501   -6.351   -6.929   -5.563
1960   -4.577   -4.063   -6.331   -7.694   -7.393   -8.767   -7.134   -9.251   -8.095   -7.049   -6.423   -5.765
1961   -4.812   -4.450   -4.807   -7.764   -7.992   -6.932   -8.337   -7.686   -7.551   -7.219   -7.458   -6.925
1962   -3.138   -1.960   -7.300   -7.109   -4.598   -7.279   -9.372   -8.386   -8.704   -7.299   -6.264   -5.806
1963   -3.354   -3.115   -4.576   -6.758   -4.473   -6.744   -7.587   -6.349   -7.549   -7.530   -6.822   -5.686
1964   -5.179   -6.084   -4.924   -7.968   -7.799   -5.694   -6.911   -7.681   -7.973   -7.520   -6.501   -6.250
1965   -4.973   -5.157   -3.040   -6.800   -7.771   -5.844   -7.793   -7.791   -7.502   -6.854   -6.032   -5.789
1966   -5.446   -4.548   -5.936   -6.962   -8.082   -7.594   -8.846   -7.986   -7.755   -6.157   -6.997   -6.535
1967   -1.942   -3.493   -6.083   -5.823   -6.801   -8.310   -8.644   -7.310   -8.326   -6.383   -6.258   -5.017
1968   -3.951   -2.114   -6.746   -6.254   -6.675   -5.044   -8.489   -8.849   -8.435   -7.056   -6.466   -6.420
1969   -5.317   -3.885   -5.829   -6.137   -6.811   -6.902   -8.633   -9.090   -8.135   -6.327   -6.771   -5.439
1970   -6.162   -2.981   -6.399   -7.530   -7.366   -7.620   -8.579   -7.908   -7.388   -6.652   -7.516   -5.498
1971   -4.221   -3.757   -4.551   -7.156   -7.362   -7.111   -7.227   -7.828   -7.081   -6.811   -6.506   -6.028
1972   -4.717   -4.102   -4.959   -7.389   -7.594   -7.154   -7.635   -7.568   -7.840   -6.566   -5.685   -4.675
1973   -4.742   -5.587   -4.295   -6.626   -6.313   -7.005   -7.142   -7.451   -7.270   -7.649   -6.556   -5.871
1974   -2.090   -4.270   -2.589   -6.625   -5.915   -6.734   -7.125   -6.538   -6.485   -7.095   -6.766   -5.788
1975   -5.928   -2.426   -3.854   -6.571   -7.951   -6.252   -7.106   -7.277   -8.037   -6.993   -6.708   -5.454
1976   -2.970   -3.981   -4.883   -6.927   -7.384   -8.232   -7.336   -6.883   -6.621   -5.837   -6.038   -5.236
1977   -4.318   -3.993   -4.187   -6.529   -6.947   -7.056   -8.346   -7.595   -7.379   -6.427   -5.929   -4.646
1978   -3.545   -3.782   -4.472   -4.561   -7.568   -7.803   -7.378   -7.678   -8.339   -6.930   -5.795   -4.715
1979   -5.091   -3.976   -4.418   -5.496   -7.825   -8.160   -8.475   -8.228   -8.108   -7.020   -5.944   -6.279
1980   -2.959   -2.923   -3.766   -6.369   -6.479   -6.966   -8.137   -8.091   -7.593   -6.888   -6.779   -5.083
1981   -3.262   -2.625   -5.485   -6.809   -6.885   -7.298   -8.221   -7.939   -6.932   -6.935   -6.609   -5.457
1982   -4.930   -4.671   -5.818   -7.135   -7.971   -8.378   -9.227   -7.613   -7.061   -6.087   -5.379   -5.616
1983   -5.035   -4.918   -4.020   -4.999   -8.224   -6.162   -9.128   -6.550   -6.702   -6.281   -6.046   -5.873
1984   -4.825   -3.023   -6.140   -6.797   -6.762   -7.546   -7.888   -7.500   -6.860   -6.489   -7.708   -5.514
1985   -5.577   -1.104   -4.947   -5.539   -7.768   -6.575   -7.607   -8.863   -7.595   -7.056   -5.929   -5.701
1986   -4.100   -4.386   -5.939   -7.597   -7.934   -6.955   -7.737   -8.510   -6.817   -6.377   -6.380   -6.620
1987   -4.143   -2.664   -6.217   -5.402   -8.625   -7.805   -8.007   -8.572   -7.659   -6.712   -6.589   -6.142
1988   -6.623   -4.298   -5.678   -5.710   -7.393   -8.110   -8.276   -8.220   -7.627   -7.161   -6.013   -5.421
1989   -5.322   -3.867   -4.960   -6.706   -6.408   -6.133   -8.536   -7.773   -7.091   -6.242   -4.175   -5.887
1990   -4.189   -5.215   -3.897   -6.811   -7.866   -8.839   -6.898   -7.747   -7.551   -7.393   -6.494   -5.747
1991   -5.086   -2.665   -6.507   -5.321   -6.676   -6.524   -6.709   -8.082   -7.341   -7.409   -5.306   -5.197
1992   -5.419   -4.144   -5.763   -5.900   -6.710   -6.263   -8.824   -7.537   -8.086   -7.896   -6.429   -5.951
1993   -4.280   -3.431   -6.600   -6.795   -7.886   -8.252   -7.938   -8.937   -7.653   -8.160   -7.028   -6.366
1994   -5.101   -4.966   -5.597   -8.168   -8.069   -7.779   -8.544   -7.698   -7.641   -6.486   -6.812   -5.787
1995   -5.153   -3.957   -5.259   -5.232   -7.047   -7.865   -8.316   -8.890   -6.432   -6.621   -7.394   -4.950
1996   -5.641   -3.744   -6.071   -6.737   -7.677   -5.366   -5.654   -8.320   -6.359   -6.544   -6.688   -4.753
1997   -3.458   -2.983   -6.387   -7.212   -6.203   -8.489   -8.342   -7.495   -7.522   -7.228   -6.297   -5.162
1998   -4.380   -5.481   -5.738   -5.640   -6.729   -7.004   -7.380   -7.010   -8.108   -7.282   -6.054   -5.229
1999   -4.823   -2.602   -5.298   -6.171   -4.104   -7.387   -7.248   -7.295   -6.704   -6.414   -4.851   -5.217
2000   -3.223   -3.359   -3.081   -6.756   -7.639   -7.488   -7.949   -7.066   -7.450   -6.698   -5.133   -4.559
2001   -5.687   -3.283   -6.193   -6.879   -6.275   -7.281   -7.462   -7.732   -7.929   -7.379   -6.425   -4.338
2002   -5.405   -3.116   -6.341   -6.489   -5.311   -6.938   -7.600   -7.757   -6.805   -6.103   -5.892   -5.387
2003   -3.942   -3.466   -4.823   -6.807   -6.513   -6.817   -8.753   -7.349   -7.523   -7.132   -5.872   -4.772
2004   -4.553   -2.194   -5.442   -6.816   -7.009   -7.140   -7.585   -8.380   -7.907   -6.043   -5.778   -4.877
2005   -4.838   -4.641   -3.549   -6.321   -5.191   -6.603   -7.705   -7.515   -7.032   -6.003   -6.183   -5.277
2006   -3.000   -4.958   -4.307   -7.046   -6.765   -8.352   -8.474   -7.184   -7.271   -6.874   -5.950   -5.606
2007   -4.658   -5.572   -4.304   -7.136   -7.859   -5.500   -6.648   -8.217   -7.198   -5.899   -5.424   -4.838
2008   -3.192   -1.249   -4.506   -5.901   -6.413   -6.597   -6.899   -7.663   -6.961   -6.738   -6.599   -4.376
2009   -3.470   -2.859   -4.873   -6.957   -6.907   -5.895   -6.887   -5.838   -7.325   -6.245   -5.428   -4.540
2010   -3.310   -4.309   -5.510   -5.303   -6.784   -7.223   -8.246   -6.695   -8.402   -7.123   -5.884   -2.206
2011   -0.475    1.079   -4.586   -5.565   -5.973   -6.236   -6.074   -5.825   -6.368   -4.502   -4.977   -4.109
2012   -2.018   -4.816   -2.713   -5.922   -6.990   -5.554   -7.475   -7.032   -5.216   -5.163   -5.576   -5.434
2013   -3.327   -3.561   -3.791   -5.366   -6.364   -7.366   -7.985   -7.334   -6.253   -5.499   -4.498   -5.568
2014   -3.209   -2.787 -999.999 -999.999 -999.999 -999.999 -999.999 -999.999 -999.999 -999.999 -999.999 -999.999