1948   -0.884   -0.278   -0.035    0.423    1.531    3.880    4.792    4.565    2.747    0.926   -0.251   -1.509
1949   -1.913   -2.775    0.347    0.469    2.072    3.772    3.982    3.673    3.421    0.982   -0.241   -0.680
1950   -1.682   -3.217   -0.405    1.059    2.613    3.650    4.369    3.338    3.633    0.713   -1.402   -1.378
1951   -2.407   -2.826   -0.076    0.202    1.807    4.766    5.107    4.559    4.045    1.208    0.373   -0.700
1952   -1.352   -1.695   -1.304    0.251    1.310    4.128    4.623    5.017    3.278    1.329   -0.697   -1.451
1953   -1.986   -0.731    0.157    0.363    1.468    2.890    4.768    4.709    3.070    1.701   -0.445   -1.079
1954   -2.860   -1.414   -0.304   -0.692    1.263    2.966    3.967    3.943    3.520    1.151   -0.532   -0.854
1955   -2.058   -3.737   -0.562    0.184    2.976    4.730    4.488    3.800    2.317    1.140   -1.009   -1.375
1956   -2.911   -2.877   -0.726    0.579    3.453    4.895    4.786    4.520    3.772    1.978    0.434   -0.292
1957   -1.883   -2.973   -1.067   -0.454    0.944    4.342    5.031    4.680    2.687    1.704    0.410   -0.152
1958   -1.198   -2.213   -1.629   -0.562    1.705    4.389    4.591    4.984    4.083    2.409    0.125   -0.697
1959   -1.486   -1.804   -1.322   -0.416    1.130    4.396    5.994    4.336    3.010    1.008   -0.433   -1.491
1960   -1.783   -2.442   -0.585    0.296    3.327    3.931    4.583    4.740    4.225    1.768    0.228   -1.268
1961   -1.534   -1.626   -0.808    0.628    2.369    3.799    4.837    3.611    3.443    0.571   -0.546   -1.477
1962   -2.483   -2.103   -1.266   -1.280    1.224    1.512    4.600    3.303    2.557    0.596   -1.022   -0.876
1963   -2.178   -1.563   -1.379   -0.369   -0.372    1.949    3.590    3.661    1.943    0.761   -0.500   -1.236
1964   -2.432   -2.189   -1.579   -0.604    0.723    3.140    3.869    4.984    2.969    1.512    0.193   -1.023
1965   -1.490   -2.986   -1.138   -0.469    0.826    3.176    3.801    3.635    3.312    0.817   -0.872   -0.877
1966   -0.977   -1.603   -1.084    0.223    2.237    3.486    3.173    3.414    2.222    1.159   -0.168   -1.465
1967   -1.651   -1.850   -0.317    0.423    0.557    3.244    4.333    4.448    2.480    1.636    0.102   -1.655
1968   -2.775   -1.613   -1.456    0.521    2.015    5.066    5.245    4.717    4.479    1.237    1.089   -0.667
1969   -1.177   -1.315    0.039    1.288    2.758    4.059    5.002    2.895    2.806    1.422   -0.247    0.303
1970   -1.436   -2.720   -1.802    1.055    1.756    2.810    3.755    4.877    3.624    1.059   -0.051   -1.387
1971   -2.025   -4.355   -0.684    0.809    2.476    3.851    4.406    4.554    3.934    2.067   -0.044   -0.319
1972   -0.905   -3.100   -1.098    0.124    1.430    3.701    4.624    3.407    2.606    1.381    0.353   -0.041
1973   -2.234   -2.164   -1.454    0.303    2.623    4.881    5.010    4.834    2.166    1.445    0.320   -1.369
1974   -2.508   -1.770   -0.097    1.141    2.561    3.687    4.816    4.844    3.670    1.938   -0.248   -0.964
1975   -2.071   -2.050   -2.034    0.876    2.258    3.853    3.412    4.598    3.150    2.530    0.195   -0.732
1976   -1.440   -0.937   -0.966    1.009    1.605    2.459    4.466    4.052    2.447    1.125    0.366   -0.432
1977   -1.565   -1.887    0.288    0.104    2.558    4.455    5.461    3.917    3.645    1.566    1.174   -1.399
1978   -2.693   -1.785   -1.363    0.552    2.630    4.834    4.916    5.351    4.862    1.792    1.776    0.238
1979   -1.091   -1.576   -1.653   -0.459    2.467    4.178    4.840    4.472    3.171    2.052    1.302   -0.696
1980   -3.165   -2.481   -1.519    0.411    1.551    4.785    5.280    4.912    3.342    1.316    0.123   -0.306
1981   -2.183   -1.675   -0.209    0.166    1.854    3.841    4.778    5.139    2.857    2.164    0.231   -0.206
1982   -2.251   -2.458   -0.774    0.222    1.707    4.160    4.306    5.008    2.792    0.830    0.200   -1.976
1983   -2.022   -3.656   -1.509   -0.985    1.393    3.545    4.586    4.178    2.682    2.007   -0.025   -1.245
1984   -3.371   -2.684   -0.238    0.208    1.723    4.936    5.878    4.932    2.840    1.200    0.326   -1.795
1985   -1.508   -3.128    0.183   -0.343    1.854    3.987    3.709    4.196    2.957    1.094    0.140   -0.443
1986   -2.229   -2.446   -0.651    0.967    2.466    3.405    3.568    4.134    3.544    2.048    0.538   -0.517
1987   -1.734   -1.341   -2.441   -0.458   -0.052    3.418    3.251    3.845    2.905    1.615    0.335   -1.554
1988   -1.493   -1.759   -1.609    0.234    0.437    4.172    4.204    3.203    2.635    0.332   -0.732   -0.335
1989   -2.209   -2.516   -1.329   -0.652    2.666    4.533    4.489    5.017    3.295    1.760    0.633   -0.982
1990   -2.430   -1.663   -1.180   -0.251    1.840    3.990    4.317    4.718    3.457    0.151    0.482   -1.569
1991   -1.335   -1.770    0.268   -0.411    0.671    1.820    4.222    4.119    2.814    0.144   -1.266   -1.164
1992   -1.513   -4.697   -1.349   -1.174    0.612    3.593    4.446    4.101    2.508    1.369    0.650   -0.748
1993   -1.201   -1.307   -1.703   -0.683    1.152    4.049    4.625    3.736    2.770    1.741    0.910   -1.099
1994   -1.969   -3.555   -0.982   -0.315    1.757    4.028    4.386    3.508    2.598    0.508   -0.377   -0.651
1995   -2.421   -3.204   -1.575   -0.924    1.704    3.128    4.455    4.172    3.586    2.292   -0.820   -0.559
1996   -2.092   -2.483   -1.331   -1.915    0.835    2.917    4.599    4.112    3.512    2.319    0.557   -1.191
1997   -2.850   -3.616   -0.829   -0.937    0.161    3.971    4.709    6.064    3.618    0.559   -0.127   -0.531
1998   -1.331   -2.752   -2.696   -2.191   -0.366    3.940    4.038    3.625    4.160    2.638    0.542   -0.289
1999   -1.883   -1.836   -2.487    0.146    2.512    3.300    3.465    3.035    1.931    1.927   -0.365   -1.385
2000   -2.411   -3.766   -2.079   -0.692    2.211    3.812    2.825    2.465    2.504    1.515   -0.037   -2.120
2001   -4.476   -2.037   -1.621   -0.367    2.391    2.976    4.118    3.232    2.316    2.090   -0.095   -1.263
2002   -4.040   -3.034   -2.781   -1.084    0.902    2.788    4.084    4.461    3.124    2.098   -0.279   -1.113
2003   -2.134   -2.999   -1.516   -0.198    1.044    3.153    2.873    3.036    3.394    0.569    0.024   -1.571
2004   -2.111   -3.659   -2.264   -0.346    0.885    3.352    3.730    5.003    3.134    1.393   -0.419   -1.610
2005   -2.469   -2.764   -1.768   -1.643   -0.803    2.453    4.085    3.904    2.799    1.563    1.733   -1.385
2006   -2.699   -1.668   -1.184    0.350    3.507    3.814    4.359    4.006    3.127    0.909    0.530   -1.471
2007   -2.968   -3.426   -2.778    0.504    3.779    4.700    5.202    4.795    4.205    2.087    0.209   -1.436
2008   -1.724   -3.418   -1.092    1.387    2.840    3.706    3.151    3.236    2.141    0.588   -0.573   -0.966
2009   -2.490   -2.283   -0.726   -0.229    1.915    3.605    5.008    4.479    3.417    1.255    0.528   -1.660
2010   -2.450   -2.594   -1.549   -0.039    2.402    3.574    4.445    4.148    3.839    1.954    0.797   -0.473
2011   -2.641   -2.950   -1.738    1.050    3.544    4.428    4.901    4.666    3.588    1.693   -0.118   -1.934
2012   -3.574   -2.727   -1.786    0.105    1.321    3.083    2.618    3.623    2.316    1.354   -0.209   -1.988
2013   -2.910   -2.561   -1.479   -1.101    1.514    4.322    4.008    3.462    2.774    2.068    0.940   -1.041
2014   -2.221   -3.759 -999.999 -999.999 -999.999 -999.999 -999.999 -999.999 -999.999 -999.999 -999.999 -999.999