385.755165994503
428.680478535104
428.680478535104
423.494971792929
428.680478535104
423.494971792929
428.680478535104
423.494971792929
428.680478535104
428.680478535104
423.494971792929
423.494971792929
423.494971792929
423.494971792929
428.680478535104
428.680478535104
428.680478535104
423.494971792929
396.8997166512
396.8997166512
428.680478535104
428.680478535104
428.680478535104
428.680478535104
428.680478535104
439.893335745017
428.680478535104
396.8997166512
396.8997166512
439.893335745017
423.494971792929
385.755165994503
428.680478535104
385.755165994503
423.494971792929
396.8997166512
439.893335745017
439.893335745017
428.680478535104
428.680478535104
423.494971792929
385.755165994503
396.8997166512
423.494971792929
439.893335745017
428.680478535104
428.680478535104
428.680478535104
439.893335745017
428.680478535104
428.680478535104
423.494971792929
385.755165994503
428.680478535104
428.680478535104
428.680478535104
428.680478535104
360.502389164832
428.680478535104
396.8997166512
385.755165994503
423.494971792929
396.8997166512
428.680478535104
428.680478535104
423.494971792929
439.893335745017
428.680478535104
423.494971792929
385.755165994503
423.494971792929
428.680478535104
428.680478535104
428.680478535104
385.755165994503
439.893335745017
396.8997166512
385.755165994503
396.8997166512
360.502389164832
428.680478535104
428.680478535104
396.8997166512
439.893335745017
428.680478535104
423.494971792929
360.502389164832
360.502389164832
423.494971792929
428.680478535104
428.680478535104
428.680478535104
423.494971792929
396.8997166512
428.680478535104
385.755165994503
428.680478535104
423.494971792929
423.494971792929
423.494971792929
360.502389164832
385.755165994503
428.680478535104
396.8997166512
428.680478535104
423.494971792929
428.680478535104
360.502389164832
360.502389164832
396.8997166512
428.680478535104
396.8997166512
428.680478535104
428.680478535104
396.8997166512
439.893335745017
396.8997166512
428.680478535104
423.494971792929
360.502389164832
428.680478535104
396.8997166512
396.8997166512
428.680478535104
396.8997166512
423.494971792929
428.680478535104
396.8997166512
423.494971792929
428.680478535104
428.680478535104
423.494971792929
428.680478535104
428.680478535104
423.494971792929
428.680478535104
439.893335745017
428.680478535104
423.494971792929
385.755165994503
428.680478535104
428.680478535104
396.8997166512
396.8997166512
428.680478535104
423.494971792929
428.680478535104
423.494971792929
428.680478535104
360.502389164832
428.680478535104
428.680478535104
385.755165994503
396.8997166512
428.680478535104
428.680478535104
385.755165994503
428.680478535104
423.494971792929
428.680478535104
360.502389164832
428.680478535104
428.680478535104
423.494971792929
428.680478535104
423.494971792929
428.680478535104
428.680478535104
428.680478535104
385.755165994503
396.8997166512
428.680478535104
428.680478535104
396.8997166512
396.8997166512
428.680478535104
396.8997166512
428.680478535104
360.502389164832
423.494971792929
385.755165994503
428.680478535104
428.680478535104
423.494971792929
423.494971792929
428.680478535104
360.502389164832
396.8997166512
360.502389164832
423.494971792929
428.680478535104
423.494971792929
428.680478535104
428.680478535104
428.680478535104
396.8997166512
428.680478535104
428.680478535104
428.680478535104
423.494971792929
385.755165994503
423.494971792929
385.755165994503
396.8997166512
396.8997166512
360.502389164832
428.680478535104
396.8997166512
428.680478535104
428.680478535104
423.494971792929
428.680478535104
360.502389164832
428.680478535104
423.494971792929
396.8997166512
428.680478535104
439.893335745017
423.494971792929
396.8997166512
428.680478535104
428.680478535104
385.755165994503
428.680478535104
423.494971792929
396.8997166512
428.680478535104
428.680478535104
423.494971792929
396.8997166512
428.680478535104
360.502389164832
428.680478535104
423.494971792929
385.755165994503
423.494971792929
396.8997166512
423.494971792929
423.494971792929
428.680478535104
428.680478535104
428.680478535104
360.502389164832
423.494971792929
423.494971792929
385.755165994503
423.494971792929
439.893335745017
423.494971792929
385.755165994503
423.494971792929
396.8997166512
385.755165994503
428.680478535104
423.494971792929
423.494971792929
428.680478535104
428.680478535104
428.680478535104
428.680478535104
423.494971792929
385.755165994503
428.680478535104
428.680478535104
439.893335745017
428.680478535104
396.8997166512
428.680478535104
423.494971792929
428.680478535104
428.680478535104
423.494971792929
428.680478535104
385.755165994503
360.502389164832
428.680478535104
360.502389164832
423.494971792929
396.8997166512
428.680478535104
396.8997166512
396.8997166512
423.494971792929
396.8997166512
428.680478535104
428.680478535104
423.494971792929
360.502389164832
385.755165994503
428.680478535104
439.893335745017
423.494971792929
360.502389164832
385.755165994503
439.893335745017
396.8997166512
428.680478535104
396.8997166512
385.755165994503
360.502389164832
