1.55
0.11
1.03
1.03
1.55
-0.27
1.55
-0.04
1.55
1.55
1.55
-0.8
-0.27
-0.04
0.11
1.55
-0.27
1.55
0.11
1.55
1.55
1.55
-0.04
1.03
1.55
1.55
1.55
-0.04
1.55
1.55
-0.04
1.55
0.11
1.03
1.03
-0.8
0.11
1.55
1.55
1.55
-0.8
1.55
-0.27
1.03
-0.04
0.11
-0.04
1.55
1.55
-0.27
1.55
-0.27
1.03
1.55
1.55
1.03
1.55
0.11
0.11
1.55
1.55
1.55
-0.04
0.11
1.55
1.55
-0.8
-0.04
1.55
1.55
-0.27
0.11
1.55
0.11
-0.27
-0.04
1.55
1.55
-0.04
1.03
1.55
1.55
-0.8
1.55
0.11
1.03
1.03
1.55
-0.27
1.55
-0.04
1.55
1.55
1.03
1.55
-0.27
1.55
1.55
1.55
0.11
-0.8
1.55
1.55
1.03
1.55
0.11
1.03
-0.04
1.55
1.55
0.11
-0.27
-0.8
-0.8
-0.27
-0.04
0.11
1.55
0.11
0.11
1.55
1.55
1.03
1.55
1.03
-0.8
1.55
1.03
-0.04
1.55
1.03
0.11
1.03
1.55
0.11
-0.27
-0.27
1.55
-0.8
-0.8
1.55
1.55
1.55
0.11
-0.27
1.03
1.55
-0.27
-0.04
-0.04
-0.27
1.55
-0.8
-0.04
1.55
1.03
1.55
-0.04
1.55
0.11
0.11
0.11
-0.27
1.55
-0.27
1.55
0.11
-0.27
1.55
1.55
1.55
1.55
-0.8
0.11
0.11
1.03
-0.27
1.55
0.11
1.55
1.55
0.11
-0.04
1.55
-0.04
-0.04
-0.04
1.55
1.55
-0.8
1.55
1.55
1.55
0.11
1.55
0.11
0.11
-0.04
1.55
1.55
0.11
1.55
-0.04
-0.27
1.55
1.55
1.03
1.55
1.55
0.11
0.11
1.55
1.55
-0.8
0.11
1.55
1.55
-0.27
1.03
1.55
-0.27
1.55
1.55
1.55
-0.8
-0.27
0.11
0.11
-0.27
1.55
-0.8
1.55
-0.8
0.11
-0.27
0.11
0.11
1.55
-0.27
1.55
1.03
1.55
0.11
0.11
1.55
1.55
1.03
1.55
-0.27
-0.8
0.11
0.11
1.55
1.55
-0.27
1.55
1.03
1.55
1.55
1.55
1.55
-0.8
1.55
1.55
1.03
1.55
1.55
1.55
-0.27
1.55
1.55
1.55
0.11
-0.8
0.11
0.11
-0.27
1.55
-0.8
1.55
-0.8
1.55
0.11
1.55
1.03
0.11
0.11
-0.04
0.11
0.11
-0.27
-0.8
-0.27
-0.27
-0.27
1.55
0.11
-0.8
0.11
-0.27
