-6.385 -5.044 -4.135 -3.94466666666667 -5.26366666666667 -6.398 -7.51433333333333 -7.65066666666667 -7.48366666666667 -6.94666666666667 -6.447 -6.16533333333333 -5.70366666666667 -5.19733333333333 -4.51566666666667 -4.166 -4.903 -5.88766666666667 -6.844 -7.44966666666667 -7.66566666666667 -7.77333333333333 -7.13366666666667 -6.57833333333333 -5.66733333333333 -4.70666666666667 -3.991
-5.70366666666667 -5.19733333333333 -4.51566666666667 -4.166 -4.903 -5.88766666666667 -6.844 -7.44966666666667 -7.66566666666667 -7.77333333333333 -7.13366666666667 -6.57833333333333 -5.66733333333333 -4.70666666666667 -3.991 -3.933 -4.27166666666667 -5.53366666666667 -6.644 -7.583 -7.61966666666667 -7.79833333333333 -7.649 -7.02133333333333 -5.81333333333333 -5.20033333333333 -4.594
-5.66733333333333 -4.70666666666667 -3.991 -3.933 -4.27166666666667 -5.53366666666667 -6.644 -7.583 -7.61966666666667 -7.79833333333333 -7.649 -7.02133333333333 -5.81333333333333 -5.20033333333333 -4.594 -4.495 -4.63 -5.913 -7.16033333333333 -8.15333333333333 -8.28766666666667 -8.27033333333333 -7.78533333333333 -7.024 -6.41433333333333 -5.06066666666667 -4.05366666666667
-5.81333333333333 -5.20033333333333 -4.594 -4.495 -4.63 -5.913 -7.16033333333333 -8.15333333333333 -8.28766666666667 -8.27033333333333 -7.78533333333333 -7.024 -6.41433333333333 -5.06066666666667 -4.05366666666667 -3.216 -4.35266666666667 -5.538 -6.60466666666667 -7.194 -7.73133333333333 -7.94033333333333 -7.524 -7.08666666666667 -6.25 -5.04133333333333 -3.65666666666667
-6.41433333333333 -5.06066666666667 -4.05366666666667 -3.216 -4.35266666666667 -5.538 -6.60466666666667 -7.194 -7.73133333333333 -7.94033333333333 -7.524 -7.08666666666667 -6.25 -5.04133333333333 -3.65666666666667 -3.79066666666667 -4.973 -6.393 -6.99733333333333 -7.468 -7.81933333333333 -7.69733333333333 -7.26866666666667 -6.82533333333333 -6.33366666666667 -5.66533333333333 -5.01933333333333
-6.25 -5.04133333333333 -3.65666666666667 -3.79066666666667 -4.973 -6.393 -6.99733333333333 -7.468 -7.81933333333333 -7.69733333333333 -7.26866666666667 -6.82533333333333 -6.33366666666667 -5.66533333333333 -5.01933333333333 -5.13966666666667 -5.87466666666667 -6.97466666666667 -7.828 -8.52533333333333 -8.406 -7.967 -6.92033333333333 -6.17566666666667 -5.694 -5.34333333333333 -5.18966666666667
-6.33366666666667 -5.66533333333333 -5.01933333333333 -5.13966666666667 -5.87466666666667 -6.97466666666667 -7.828 -8.52533333333333 -8.406 -7.967 -6.92033333333333 -6.17566666666667 -5.694 -5.34333333333333 -5.18966666666667 -4.65766666666667 -4.64566666666667 -5.74766666666667 -6.46166666666667 -7.838 -7.28 -7.46 -6.511 -6.343 -6.06666666666667 -5.58133333333333 -4.57366666666667
-5.694 -5.34333333333333 -5.18966666666667 -4.65766666666667 -4.64566666666667 -5.74766666666667 -6.46166666666667 -7.838 -7.28 -7.46 -6.511 -6.343 -6.06666666666667 -5.58133333333333 -4.57366666666667 -4.66266666666667 -5.32 -6.56633333333333 -7.035 -7.39866666666667 -7.64466666666667 -7.416 -6.94966666666667 -7.019 -6.57033333333333 -6.26633333333333 -4.065
-6.06666666666667 -5.58133333333333 -4.57366666666667 -4.66266666666667 -5.32 -6.56633333333333 -7.035 -7.39866666666667 -7.64466666666667 -7.416 -6.94966666666667 -7.019 -6.57033333333333 -6.26633333333333 -4.065 -3.876 -3.86333333333333 -6.08466666666667 -6.62733333333333 -7.31666666666667 -7.68166666666667 -8.02166666666667 -7.838 -6.86 -6.22866666666667 -5.24333333333333 -4.729
-6.57033333333333 -6.26633333333333 -4.065 -3.876 -3.86333333333333 -6.08466666666667 -6.62733333333333 -7.31666666666667 -7.68166666666667 -8.02166666666667 -7.838 -6.86 -6.22866666666667 -5.24333333333333 -4.729 -4.80833333333333 -5.974 -7.15666666666667 -7.49533333333333 -7.542 -7.734 -7.688 -7.23466666666667 -6.52466666666667 -6.459 -5.71433333333333 -4.47566666666667
-6.22866666666667 -5.24333333333333 -4.729 -4.80833333333333 -5.974 -7.15666666666667 -7.49533333333333 -7.542 -7.734 -7.688 -7.23466666666667 -6.52466666666667 -6.459 -5.71433333333333 -4.47566666666667 -4.34133333333333 -4.761 -6.748 -7.27733333333333 -8.14566666666667 -8.128 -8.07933333333333 -7.64766666666667 -6.98666666666667 -6.481 -6.45133333333333 -5.68766666666667
-6.459 -5.71433333333333 -4.47566666666667 -4.34133333333333 -4.761 -6.748 -7.27733333333333 -8.14566666666667 -8.128 -8.07933333333333 -7.64766666666667 -6.98666666666667 -6.481 -6.45133333333333 -5.68766666666667 -5.533 -5.22866666666667 -6.26033333333333 -7.071 -7.92633333333333 -8.202 -8.041 -7.66933333333333 -6.93366666666667 -6.19833333333333 -5.58533333333333 -4.87
-6.481 -6.45133333333333 -5.68766666666667 -5.533 -5.22866666666667 -6.26033333333333 -7.071 -7.92633333333333 -8.202 -8.041 -7.66933333333333 -6.93366666666667 -6.19833333333333 -5.58533333333333 -4.87 -4.71633333333333 -5.17766666666667 -6.02466666666667 -6.41566666666667 -7.02566666666667 -7.48066666666667 -7.8 -7.03533333333333 -5.836 -5.43466666666667 -4.75033333333333 -5.097
-6.19833333333333 -5.58533333333333 -4.87 -4.71633333333333 -5.17766666666667 -6.02466666666667 -6.41566666666667 -7.02566666666667 -7.48066666666667 -7.8 -7.03533333333333 -5.836 -5.43466666666667 -4.75033333333333 -5.097 -4.43366666666667 -5.30766666666667 -6.19133333333333 -7.83866666666667 -7.86766666666667 -7.828 -7.39866666666667 -7.56366666666667 -7.146 -6.54466666666667 -5.77566666666667 -4.49933333333333
-5.43466666666667 -4.75033333333333 -5.097 -4.43366666666667 -5.30766666666667 -6.19133333333333 -7.83866666666667 -7.86766666666667 -7.828 -7.39866666666667 -7.56366666666667 -7.146 -6.54466666666667 -5.77566666666667 -4.49933333333333 -4.75266666666667 -4.831 -6.168 -6.17366666666667 -6.63633333333333 -7.105 -7.37733333333333 -7.61066666666667 -6.68533333333333 -5.97066666666667 -5.30733333333333 -4.92
-6.54466666666667 -5.77566666666667 -4.49933333333333 -4.75266666666667 -4.831 -6.168 -6.17366666666667 -6.63633333333333 -7.105 -7.37733333333333 -7.61066666666667 -6.68533333333333 -5.97066666666667 -5.30733333333333 -4.92 -5.10866666666667 -5.269 -6.12433333333333 -6.291 -7.26566666666667 -7.54133333333333 -8.149 -7.83966666666667 -7.47033333333333 -6.75866666666667 -5.55333333333333 -4.554
-5.97066666666667 -5.30733333333333 -4.92 -5.10866666666667 -5.269 -6.12433333333333 -6.291 -7.26566666666667 -7.54133333333333 -8.149 -7.83966666666667 -7.47033333333333 -6.75866666666667 -5.55333333333333 -4.554 -4.77033333333333 -5.60866666666667 -7.09366666666667 -7.64433333333333 -8.02533333333333 -8.37566666666667 -8.176 -8.25 -7.61366666666667 -7.18466666666667 -6.165 -5.47766666666667
-6.75866666666667 -5.55333333333333 -4.554 -4.77033333333333 -5.60866666666667 -7.09366666666667 -7.64433333333333 -8.02533333333333 -8.37566666666667 -8.176 -8.25 -7.61366666666667 -7.18466666666667 -6.165 -5.47766666666667 -5.22133333333333 -6.24366666666667 -7.278 -8.00533333333333 -8.13066666666667 -8.007 -7.961 -7.275 -6.97966666666667 -6.36166666666667 -5.91733333333333 -4.96566666666667
-7.18466666666667 -6.165 -5.47766666666667 -5.22133333333333 -6.24366666666667 -7.278 -8.00533333333333 -8.13066666666667 -8.007 -7.961 -7.275 -6.97966666666667 -6.36166666666667 -5.91733333333333 -4.96566666666667 -4.78966666666667 -4.816 -5.846 -6.71466666666667 -7.74266666666667 -8.357 -7.87933333333334 -7.31433333333333 -6.81566666666667 -6.32166666666667 -5.995 -4.77833333333333
-6.36166666666667 -5.91733333333333 -4.96566666666667 -4.78966666666667 -4.816 -5.846 -6.71466666666667 -7.74266666666667 -8.357 -7.87933333333334 -7.31433333333333 -6.81566666666667 -6.32166666666667 -5.995 -4.77833333333333 -5.152 -5.51733333333333 -6.82833333333333 -6.59333333333333 -6.23233333333333 -6.44666666666667 -6.77766666666667 -7.07433333333333 -6.53033333333333 -5.995 -4.96633333333333 -3.73133333333333
-6.32166666666667 -5.995 -4.77833333333333 -5.152 -5.51733333333333 -6.82833333333333 -6.59333333333333 -6.23233333333333 -6.44666666666667 -6.77766666666667 -7.07433333333333 -6.53033333333333 -5.995 -4.96633333333333 -3.73133333333333 -4.276 -5.52733333333333 -6.60066666666667 -7.30133333333333 -7.678 -8.10866666666667 -7.78633333333333 -7.415 -7.01566666666667 -6.229 -5.27966666666667 -5.00766666666667
-5.995 -4.96633333333333 -3.73133333333333 -4.276 -5.52733333333333 -6.60066666666667 -7.30133333333333 -7.678 -8.10866666666667 -7.78633333333333 -7.415 -7.01566666666667 -6.229 -5.27966666666667 -5.00766666666667 -5.19966666666667 -5.61966666666667 -6.03566666666667 -6.45766666666667 -7.03766666666667 -7.13133333333333 -7.49933333333333 -7.46666666666667 -7.148 -6.18833333333333 -5.36866666666667 -4.218
-6.229 -5.27966666666667 -5.00766666666667 -5.19966666666667 -5.61966666666667 -6.03566666666667 -6.45766666666667 -7.03766666666667 -7.13133333333333 -7.49933333333333 -7.46666666666667 -7.148 -6.18833333333333 -5.36866666666667 -4.218 -4.241 -4.69033333333333 -5.191 -5.88733333333333 -6.24633333333333 -7.31 -7.08233333333333 -6.80433333333333 -5.98966666666667 -5.494 -4.43033333333333 -3.933
-6.18833333333333 -5.36866666666667 -4.218 -4.241 -4.69033333333333 -5.191 -5.88733333333333 -6.24633333333333 -7.31 -7.08233333333333 -6.80433333333333 -5.98966666666667 -5.494 -4.43033333333333 -3.933 -3.221 -4.39866666666667 -5.82533333333333 -7.29433333333333 -7.692 -7.501 -7.48833333333333 -7.07133333333333 -6.427 -5.46333333333333 -5.12633333333333 -4.50966666666667
-5.494 -4.43033333333333 -3.933 -3.221 -4.39866666666667 -5.82533333333333 -7.29433333333333 -7.692 -7.501 -7.48833333333333 -7.07133333333333 -6.427 -5.46333333333333 -5.12633333333333 -4.50966666666667 -5.05433333333333 -5.45166666666667 -6.449 -6.81166666666667 -7.006 -7.49166666666667 -7.70766666666667 -7.68 -7.24433333333333 -6.04733333333333 -5.38933333333333 -4.28633333333333
-5.46333333333333 -5.12633333333333 -4.50966666666667 -5.05433333333333 -5.45166666666667 -6.449 -6.81166666666667 -7.006 -7.49166666666667 -7.70766666666667 -7.68 -7.24433333333333 -6.04733333333333 -5.38933333333333 -4.28633333333333 -4.954 -5.31533333333333 -6.047 -6.246 -6.61633333333333 -7.43166666666667 -7.38733333333333 -6.88833333333333 -6.26666666666667 -5.794 -5.07366666666667 -4.265
-6.04733333333333 -5.38933333333333 -4.28633333333333 -4.954 -5.31533333333333 -6.047 -6.246 -6.61633333333333 -7.43166666666667 -7.38733333333333 -6.88833333333333 -6.26666666666667 -5.794 -5.07366666666667 -4.265 -4.077 -5.032 -6.04766666666667 -6.71233333333333 -7.361 -7.63966666666667 -7.875 -7.33466666666667 -6.84233333333333 -5.92533333333333 -5.06566666666667 -3.83966666666667
-5.794 -5.07366666666667 -4.265 -4.077 -5.032 -6.04766666666667 -6.71233333333333 -7.361 -7.63966666666667 -7.875 -7.33466666666667 -6.84233333333333 -5.92533333333333 -5.06566666666667 -3.83966666666667 -4.063 -4.81733333333333 -6.42233333333333 -6.98833333333333 -7.24466666666667 -7.70166666666667 -7.95733333333333 -7.44333333333333 -6.576 -5.566 -5.16433333333333 -4.78533333333333
-5.92533333333333 -5.06566666666667 -3.83966666666667 -4.063 -4.81733333333333 -6.42233333333333 -6.98833333333333 -7.24466666666667 -7.70166666666667 -7.95733333333333 -7.44333333333333 -6.576 -5.566 -5.16433333333333 -4.78533333333333 -4.34266666666667 -4.837 -5.02033333333333 -6.03833333333333 -6.49966666666667 -7.27433333333333 -7.41733333333333 -6.85 -6.406 -5.821 -4.82 -4.41166666666667
-5.566 -5.16433333333333 -4.78533333333333 -4.34266666666667 -4.837 -5.02033333333333 -6.03833333333333 -6.49966666666667 -7.27433333333333 -7.41733333333333 -6.85 -6.406 -5.821 -4.82 -4.41166666666667 -4.08833333333333 -5.437 -6.03933333333333 -7.38766666666667 -7.86366666666667 -8.00333333333333 -7.643 -7.10966666666667 -6.69833333333333 -6.14333333333333 -5.40466666666667 -5.27866666666667
-5.821 -4.82 -4.41166666666667 -4.08833333333333 -5.437 -6.03933333333333 -7.38766666666667 -7.86366666666667 -8.00333333333333 -7.643 -7.10966666666667 -6.69833333333333 -6.14333333333333 -5.40466666666667 -5.27866666666667 -4.84466666666667 -5.67066666666667 -6.433 -6.83166666666667 -6.669 -6.78833333333333 -7.35433333333333 -7.10466666666667 -6.17366666666667 -5.387 -4.48466666666667 -3.093
-6.14333333333333 -5.40466666666667 -5.27866666666667 -4.84466666666667 -5.67066666666667 -6.433 -6.83166666666667 -6.669 -6.78833333333333 -7.35433333333333 -7.10466666666667 -6.17366666666667 -5.387 -4.48466666666667 -3.093 -2.98233333333333 -3.88533333333333 -5.60666666666667 -6.30366666666667 -6.63633333333333 -7.053 -7.17433333333333 -7.12066666666667 -6.766 -5.90433333333333 -4.815 -3.56833333333333
-5.387 -4.48466666666667 -3.093 -2.98233333333333 -3.88533333333333 -5.60666666666667 -6.30366666666667 -6.63633333333333 -7.053 -7.17433333333333 -7.12066666666667 -6.766 -5.90433333333333 -4.815 -3.56833333333333 -3.734 -4.89633333333333 -6.24566666666667 -6.58633333333333 -6.563 -6.20666666666667 -6.68333333333333 -6.46933333333333 -6.33266666666667 -5.40433333333333 -4.426 -4.053
-5.90433333333333 -4.815 -3.56833333333333 -3.734 -4.89633333333333 -6.24566666666667 -6.58633333333333 -6.563 -6.20666666666667 -6.68333333333333 -6.46933333333333 -6.33266666666667 -5.40433333333333 -4.426 -4.053 -4.37633333333333 -5.04066666666667 -5.86566666666667 -6.43666666666667 -7.41766666666667 -7.388 -7.781 -7.40666666666667 -7.13633333333333 -5.071 -2.855 -0.534
-5.40433333333333 -4.426 -4.053 -4.37633333333333 -5.04066666666667 -5.86566666666667 -6.43666666666667 -7.41766666666667 -7.388 -7.781 -7.40666666666667 -7.13633333333333 -5.071 -2.855 -0.534 -1.32733333333333 -3.024 -5.37466666666667 -5.92466666666667 -6.09433333333333 -6.045 -6.089 -5.565 -5.28233333333333 -4.52933333333333 -3.70133333333333 -3.64766666666667
-5.071 -2.855 -0.534 -1.32733333333333 -3.024 -5.37466666666667 -5.92466666666667 -6.09433333333333 -6.045 -6.089 -5.565 -5.28233333333333 -4.52933333333333 -3.70133333333333 -3.64766666666667 -3.18233333333333 -4.48366666666667 -5.20833333333333 -6.15533333333333 -6.673 -6.687 -6.57433333333333 -5.80366666666667 -5.31833333333333 -5.391 -4.779 -4.10733333333333
-4.52933333333333 -3.70133333333333 -3.64766666666667 -3.18233333333333 -4.48366666666667 -5.20833333333333 -6.15533333333333 -6.673 -6.687 -6.57433333333333 -5.80366666666667 -5.31833333333333 -5.391 -4.779 -4.10733333333333 -3.55966666666667 -4.23933333333333 -5.17366666666667 -6.36533333333333 -7.23833333333333 -7.56166666666667 -7.19066666666667 -6.362 -5.41666666666667 -5.18833333333333 -4.425 -3.85466666666667
