0.664333333333333 -0.659 -1.03633333333333 -1.11433333333333 -0.298 0.549333333333333 1.691 2.84333333333333 3.659 3.655 2.54133333333333 1.31266666666667 0.353 -0.543666666666667 -1.29466666666667 -1.05466666666667 -0.498333333333333 0.983333333333333 2.37233333333333 4.158 4.611 4.341 3.04266666666667 2.12833333333333 0.447 -0.972666666666667 -1.959
0.353 -0.543666666666667 -1.29466666666667 -1.05466666666667 -0.498333333333333 0.983333333333333 2.37233333333333 4.158 4.611 4.341 3.04266666666667 2.12833333333333 0.447 -0.972666666666667 -1.959 -1.947 -0.865333333333333 0.606333333333333 2.672 4.12666666666667 5.03366666666667 5.043 4.00166666666667 2.81 1.26866666666667 0.307666666666667 -0.809666666666667
0.447 -0.972666666666667 -1.959 -1.947 -0.865333333333333 0.606333333333333 2.672 4.12666666666667 5.03366666666667 5.043 4.00166666666667 2.81 1.26866666666667 0.307666666666667 -0.809666666666667 -1.44 -1.22933333333333 0.118333333333333 2.062 3.82833333333333 4.49666666666667 4.161 3.23166666666667 2.175 0.886 -0.853 -2.114
1.26866666666667 0.307666666666667 -0.809666666666667 -1.44 -1.22933333333333 0.118333333333333 2.062 3.82833333333333 4.49666666666667 4.161 3.23166666666667 2.175 0.886 -0.853 -2.114 -2.38833333333333 -1.19633333333333 0.147666666666667 2.249 3.872 4.99233333333333 4.51133333333333 3.19 1.59366666666667 0.377666666666667 -0.788666666666667 -1.388
0.886 -0.853 -2.114 -2.38833333333333 -1.19633333333333 0.147666666666667 2.249 3.872 4.99233333333333 4.51133333333333 3.19 1.59366666666667 0.377666666666667 -0.788666666666667 -1.388 -1.35566666666667 -0.572666666666667 0.603666666666667 1.95366666666667 3.491 4.586 4.258 3.38666666666667 1.75066666666667 0.729666666666667 -0.742 -1.63833333333333
0.377666666666667 -0.788666666666667 -1.388 -1.35566666666667 -0.572666666666667 0.603666666666667 1.95366666666667 3.491 4.586 4.258 3.38666666666667 1.75066666666667 0.729666666666667 -0.742 -1.63833333333333 -1.82766666666667 -1.00333333333333 0.385 2.02966666666667 3.391 4.49133333333333 4.03533333333333 2.87666666666667 1.274 -0.315333333333333 -1.266 -2.55133333333333
0.729666666666667 -0.742 -1.63833333333333 -1.82766666666667 -1.00333333333333 0.385 2.02966666666667 3.391 4.49133333333333 4.03533333333333 2.87666666666667 1.274 -0.315333333333333 -1.266 -2.55133333333333 -2.39566666666667 -2.05 -0.367 1.31766666666667 3.17466666666667 4.103 3.81533333333333 2.95566666666667 1.55466666666667 0.245666666666667 -1.547 -2.43333333333333
-0.315333333333333 -1.266 -2.55133333333333 -2.39566666666667 -2.05 -0.367 1.31766666666667 3.17466666666667 4.103 3.81533333333333 2.95566666666667 1.55466666666667 0.245666666666667 -1.547 -2.43333333333333 -2.09766666666667 -0.904666666666667 0.564333333333333 2.289 4.179 5.24866666666667 4.55 2.99066666666667 1.45533333333333 -0.0896666666666666 -0.992333333333333 -2.14366666666667
0.245666666666667 -1.547 -2.43333333333333 -2.09766666666667 -0.904666666666667 0.564333333333333 2.289 4.179 5.24866666666667 4.55 2.99066666666667 1.45533333333333 -0.0896666666666666 -0.992333333333333 -2.14366666666667 -1.48433333333333 -1.096 0.564666666666667 1.83266666666667 3.18333333333333 3.964 3.62066666666667 2.749 1.397 0.263666666666667 -0.844 -1.706
-0.0896666666666666 -0.992333333333333 -2.14366666666667 -1.48433333333333 -1.096 0.564666666666667 1.83266666666667 3.18333333333333 3.964 3.62066666666667 2.749 1.397 0.263666666666667 -0.844 -1.706 -1.77533333333333 -0.71 0.927333333333333 2.27933333333333 3.14633333333333 3.70233333333333 3.74866666666667 3.242 2.04333333333333 0.689666666666667 -0.571 -1.19733333333333
0.263666666666667 -0.844 -1.706 -1.77533333333333 -0.71 0.927333333333333 2.27933333333333 3.14633333333333 3.70233333333333 3.74866666666667 3.242 2.04333333333333 0.689666666666667 -0.571 -1.19733333333333 -1.83866666666667 -1.41333333333333 -0.983666666666667 0.969333333333333 2.20566666666667 3.50466666666667 3.33366666666667 2.78833333333333 1.61833333333333 0.132 -0.904 -1.602
0.689666666666667 -0.571 -1.19733333333333 -1.83866666666667 -1.41333333333333 -0.983666666666667 0.969333333333333 2.20566666666667 3.50466666666667 3.33366666666667 2.78833333333333 1.61833333333333 0.132 -0.904 -1.602 -1.62033333333333 -1.04466666666667 -0.312666666666667 1.61433333333333 2.93766666666667 3.85966666666667 3.34733333333333 2.05666666666667 0.745 -0.245 -1.092 -1.68666666666667
0.132 -0.904 -1.602 -1.62033333333333 -1.04466666666667 -0.312666666666667 1.61433333333333 2.93766666666667 3.85966666666667 3.34733333333333 2.05666666666667 0.745 -0.245 -1.092 -1.68666666666667 -2.018 -1.499 0.228333333333333 2.18233333333333 3.896 4.67966666666667 4.267 3.35733333333333 1.896 0.470333333333333 -0.926333333333333 -1.69166666666667
-0.245 -1.092 -1.68666666666667 -2.018 -1.499 0.228333333333333 2.18233333333333 3.896 4.67966666666667 4.267 3.35733333333333 1.896 0.470333333333333 -0.926333333333333 -1.69166666666667 -1.75766666666667 -1.03133333333333 0.136333333333333 1.85966666666667 3.38233333333333 4.34166666666667 4.164 2.77533333333333 1.36333333333333 -0.312 -0.807333333333333 -1.558
0.470333333333333 -0.926333333333333 -1.69166666666667 -1.75766666666667 -1.03133333333333 0.136333333333333 1.85966666666667 3.38233333333333 4.34166666666667 4.164 2.77533333333333 1.36333333333333 -0.312 -0.807333333333333 -1.558 -0.945666666666667 -0.637666666666667 0.176 0.693333333333333 2.23766666666667 3.387 3.71833333333333 2.359 0.564 -0.762 -1.31433333333333 -2.458
-0.312 -0.807333333333333 -1.558 -0.945666666666667 -0.637666666666667 0.176 0.693333333333333 2.23766666666667 3.387 3.71833333333333 2.359 0.564 -0.762 -1.31433333333333 -2.458 -2.51966666666667 -2.40666666666667 -0.637 1.01033333333333 2.88366666666667 4.04666666666667 3.685 2.65933333333333 1.509 0.423666666666667 -0.433 -1.08533333333333
-0.762 -1.31433333333333 -2.458 -2.51966666666667 -2.40666666666667 -0.637 1.01033333333333 2.88366666666667 4.04666666666667 3.685 2.65933333333333 1.509 0.423666666666667 -0.433 -1.08533333333333 -1.40366666666667 -1.231 -0.411333333333333 1.506 3.27533333333333 4.13666666666667 3.71033333333333 2.749 1.807 0.517333333333333 -0.719333333333333 -2.20766666666667
0.423666666666667 -0.433 -1.08533333333333 -1.40366666666667 -1.231 -0.411333333333333 1.506 3.27533333333333 4.13666666666667 3.71033333333333 2.749 1.807 0.517333333333333 -0.719333333333333 -2.20766666666667 -2.16866666666667 -1.61733333333333 0.153333333333333 1.82333333333333 3.39033333333333 3.974 3.49733333333333 2.20466666666667 0.909666666666667 -0.173333333333333 -1.14966666666667 -2.092
0.517333333333333 -0.719333333333333 -2.20766666666667 -2.16866666666667 -1.61733333333333 0.153333333333333 1.82333333333333 3.39033333333333 3.974 3.49733333333333 2.20466666666667 0.909666666666667 -0.173333333333333 -1.14966666666667 -2.092 -2.4 -1.901 -0.265 1.30266666666667 3.09566666666667 3.91833333333333 4.071 3.35 1.686 0.304333333333333 -1.157 -1.71133333333333
-0.173333333333333 -1.14966666666667 -2.092 -2.4 -1.901 -0.265 1.30266666666667 3.09566666666667 3.91833333333333 4.071 3.35 1.686 0.304333333333333 -1.157 -1.71133333333333 -1.96866666666667 -1.90966666666667 -0.803666666666667 0.612333333333333 2.78366666666667 3.876 4.07433333333333 3.31433333333333 2.12933333333333 0.561666666666667 -1.16133333333333 -2.55233333333333
0.304333333333333 -1.157 -1.71133333333333 -1.96866666666667 -1.90966666666667 -0.803666666666667 0.612333333333333 2.78366666666667 3.876 4.07433333333333 3.31433333333333 2.12933333333333 0.561666666666667 -1.16133333333333 -2.55233333333333 -2.43166666666667 -1.794 -0.535 1.065 2.947 4.91466666666667 4.797 3.41366666666667 1.35 -0.033 -0.663 -1.538
0.561666666666667 -1.16133333333333 -2.55233333333333 -2.43166666666667 -1.794 -0.535 1.065 2.947 4.91466666666667 4.797 3.41366666666667 1.35 -0.033 -0.663 -1.538 -2.25966666666667 -2.54633333333333 -1.751 0.461 2.53733333333333 3.86766666666667 3.941 3.47433333333333 2.44666666666667 0.963666666666667 -0.543333333333333 -1.336
-0.033 -0.663 -1.538 -2.25966666666667 -2.54633333333333 -1.751 0.461 2.53733333333333 3.86766666666667 3.941 3.47433333333333 2.44666666666667 0.963666666666667 -0.543333333333333 -1.336 -2.06866666666667 -1.39233333333333 0.0569999999999999 1.986 3.09233333333333 3.26666666666667 2.81033333333333 2.29766666666667 1.16433333333333 0.059 -1.387 -2.52066666666667
0.963666666666667 -0.543333333333333 -1.336 -2.06866666666667 -1.39233333333333 0.0569999999999999 1.986 3.09233333333333 3.26666666666667 2.81033333333333 2.29766666666667 1.16433333333333 0.059 -1.387 -2.52066666666667 -2.752 -2.179 -0.186666666666667 1.777 2.94933333333333 3.034 2.598 2.16133333333333 1.32733333333333 -0.214 -2.211 -2.87766666666667
0.059 -1.387 -2.52066666666667 -2.752 -2.179 -0.186666666666667 1.777 2.94933333333333 3.034 2.598 2.16133333333333 1.32733333333333 -0.214 -2.211 -2.87766666666667 -2.71133333333333 -1.34166666666667 0.134333333333333 1.66666666666667 3.16166666666667 3.442 3.222 2.546 1.437 0.244 -1.79933333333333 -2.779
-0.214 -2.211 -2.87766666666667 -2.71133333333333 -1.34166666666667 0.134333333333333 1.66666666666667 3.16166666666667 3.442 3.222 2.546 1.437 0.244 -1.79933333333333 -2.779 -3.285 -2.29966666666667 -0.987666666666667 0.868666666666667 2.59133333333333 3.77766666666667 3.88966666666667 3.22766666666667 1.64766666666667 0.235333333333333 -1.17533333333333 -2.082
0.244 -1.79933333333333 -2.779 -3.285 -2.29966666666667 -0.987666666666667 0.868666666666667 2.59133333333333 3.77766666666667 3.88966666666667 3.22766666666667 1.64766666666667 0.235333333333333 -1.17533333333333 -2.082 -2.21633333333333 -1.571 -0.223333333333333 1.333 2.35666666666667 3.02066666666667 3.101 2.333 1.329 -0.326 -1.21933333333333 -2.447
0.235333333333333 -1.17533333333333 -2.082 -2.21633333333333 -1.571 -0.223333333333333 1.333 2.35666666666667 3.02066666666667 3.101 2.333 1.329 -0.326 -1.21933333333333 -2.447 -2.678 -2.08966666666667 -0.575 1.297 2.65566666666667 4.02833333333333 3.95566666666667 3.17666666666667 1.36933333333333 -0.212 -1.49933333333333 -2.281
-0.326 -1.21933333333333 -2.447 -2.678 -2.08966666666667 -0.575 1.297 2.65566666666667 4.02833333333333 3.95566666666667 3.17666666666667 1.36933333333333 -0.212 -1.49933333333333 -2.281 -2.33366666666667 -2.05833333333333 -1.40466666666667 0.00233333333333322 1.91166666666667 3.48066666666667 3.596 2.75533333333333 2.03166666666667 0.637 -0.783666666666667 -1.91733333333333
-0.212 -1.49933333333333 -2.281 -2.33366666666667 -2.05833333333333 -1.40466666666667 0.00233333333333322 1.91166666666667 3.48066666666667 3.596 2.75533333333333 2.03166666666667 0.637 -0.783666666666667 -1.91733333333333 -1.85033333333333 -0.834 0.891 2.557 3.89333333333333 4.05966666666667 3.83066666666667 2.68066666666667 1.522 -0.0106666666666667 -1.303 -2.62166666666667
0.637 -0.783666666666667 -1.91733333333333 -1.85033333333333 -0.834 0.891 2.557 3.89333333333333 4.05966666666667 3.83066666666667 2.68066666666667 1.522 -0.0106666666666667 -1.303 -2.62166666666667 -3.05733333333333 -1.9 0.501666666666667 2.99433333333333 4.56033333333333 4.899 4.734 3.69566666666667 2.167 0.286666666666667 -0.983666666666667 -2.19266666666667
-0.0106666666666667 -1.303 -2.62166666666667 -3.05733333333333 -1.9 0.501666666666667 2.99433333333333 4.56033333333333 4.899 4.734 3.69566666666667 2.167 0.286666666666667 -0.983666666666667 -2.19266666666667 -2.078 -1.041 1.045 2.64433333333333 3.23233333333333 3.36433333333333 2.84266666666667 1.98833333333333 0.718666666666667 -0.317 -1.343 -1.913
0.286666666666667 -0.983666666666667 -2.19266666666667 -2.078 -1.041 1.045 2.64433333333333 3.23233333333333 3.36433333333333 2.84266666666667 1.98833333333333 0.718666666666667 -0.317 -1.343 -1.913 -1.833 -1.07933333333333 0.32 1.76366666666667 3.50933333333333 4.364 4.30133333333333 3.05033333333333 1.73333333333333 0.041 -1.194 -2.23466666666667
-0.317 -1.343 -1.913 -1.833 -1.07933333333333 0.32 1.76366666666667 3.50933333333333 4.364 4.30133333333333 3.05033333333333 1.73333333333333 0.041 -1.194 -2.23466666666667 -2.19766666666667 -1.394 0.271333333333333 1.979 3.47366666666667 4.05566666666667 4.144 3.31366666666667 2.19666666666667 0.759333333333333 -0.772333333333333 -2.02133333333333
0.041 -1.194 -2.23466666666667 -2.19766666666667 -1.394 0.271333333333333 1.979 3.47366666666667 4.05566666666667 4.144 3.31366666666667 2.19666666666667 0.759333333333333 -0.772333333333333 -2.02133333333333 -2.443 -1.21266666666667 0.952 3.00733333333333 4.291 4.665 4.385 3.31566666666667 1.721 -0.119666666666667 -1.87533333333333 -2.745
0.759333333333333 -0.772333333333333 -2.02133333333333 -2.443 -1.21266666666667 0.952 3.00733333333333 4.291 4.665 4.385 3.31566666666667 1.721 -0.119666666666667 -1.87533333333333 -2.745 -2.69566666666667 -1.46933333333333 -0.12 1.503 2.34066666666667 3.108 2.85233333333333 2.431 1.15366666666667 -0.281 -1.70233333333333 -2.48633333333333
-0.119666666666667 -1.87533333333333 -2.745 -2.69566666666667 -1.46933333333333 -0.12 1.503 2.34066666666667 3.108 2.85233333333333 2.431 1.15366666666667 -0.281 -1.70233333333333 -2.48633333333333 -2.31666666666667 -1.71366666666667 -0.355333333333333 1.57833333333333 3.28133333333333 3.93066666666667 3.41466666666667 2.768 1.92733333333333 0.655666666666667 -0.774 -2.34033333333333
