1077.42957927486
890.790686796341
926.954131136451
792.3
926.954131136451
890.790686796341
792.3
926.954131136451
890.790686796341
926.954131136451
926.954131136451
792.3
890.790686796341
896.526832559716
792.3
1077.42957927486
896.526832559716
1077.42957927486
792.3
792.3
1077.42957927486
792.3
926.954131136451
1077.42957927486
926.954131136451
1077.42957927486
890.790686796341
851.243156945025
890.790686796341
792.3
792.3
792.3
890.790686796341
792.3
896.526832559716
792.3
1077.42957927486
792.3
792.3
896.526832559716
792.3
890.790686796341
890.790686796341
851.243156945025
792.3
792.3
792.3
1077.42957927486
1077.42957927486
896.526832559716
792.3
926.954131136451
851.243156945025
792.3
926.954131136451
792.3
896.526832559716
792.3
890.790686796341
792.3
896.526832559716
890.790686796341
792.3
792.3
890.790686796341
896.526832559716
792.3
1077.42957927486
851.243156945025
1077.42957927486
792.3
890.790686796341
1077.42957927486
792.3
792.3
1077.42957927486
792.3
926.954131136451
792.3
890.790686796341
792.3
1077.42957927486
792.3
792.3
926.954131136451
792.3
1077.42957927486
1077.42957927486
890.790686796341
890.790686796341
851.243156945025
890.790686796341
792.3
792.3
792.3
890.790686796341
890.790686796341
792.3
890.790686796341
1077.42957927486
792.3
792.3
890.790686796341
896.526832559716
792.3
851.243156945025
890.790686796341
792.3
792.3
890.790686796341
851.243156945025
792.3
890.790686796341
1077.42957927486
792.3
926.954131136451
890.790686796341
851.243156945025
851.243156945025
896.526832559716
792.3
1077.42957927486
792.3
792.3
792.3
792.3
792.3
890.790686796341
1077.42957927486
792.3
890.790686796341
1077.42957927486
792.3
792.3
890.790686796341
792.3
792.3
1077.42957927486
851.243156945025
792.3
896.526832559716
792.3
896.526832559716
926.954131136451
792.3
792.3
792.3
792.3
792.3
792.3
1077.42957927486
926.954131136451
792.3
792.3
890.790686796341
890.790686796341
890.790686796341
1077.42957927486
792.3
896.526832559716
890.790686796341
890.790686796341
792.3
792.3
792.3
792.3
792.3
792.3
792.3
851.243156945025
792.3
792.3
792.3
792.3
890.790686796341
1077.42957927486
792.3
792.3
1077.42957927486
792.3
792.3
896.526832559716
792.3
792.3
792.3
896.526832559716
792.3
792.3
792.3
792.3
792.3
1077.42957927486
792.3
1077.42957927486
792.3
896.526832559716
792.3
890.790686796341
792.3
926.954131136451
1077.42957927486
792.3
890.790686796341
1077.42957927486
792.3
792.3
792.3
896.526832559716
792.3
890.790686796341
890.790686796341
890.790686796341
851.243156945025
851.243156945025
851.243156945025
792.3
890.790686796341
792.3
1077.42957927486
792.3
792.3
792.3
1077.42957927486
792.3
851.243156945025
890.790686796341
890.790686796341
792.3
890.790686796341
890.790686796341
896.526832559716
926.954131136451
792.3
890.790686796341
792.3
1077.42957927486
792.3
792.3
890.790686796341
792.3
896.526832559716
792.3
792.3
792.3
1077.42957927486
1077.42957927486
792.3
851.243156945025
851.243156945025
792.3
851.243156945025
890.790686796341
1077.42957927486
851.243156945025
890.790686796341
851.243156945025
890.790686796341
896.526832559716
890.790686796341
890.790686796341
792.3
792.3
1077.42957927486
1077.42957927486
926.954131136451
792.3
890.790686796341
890.790686796341
1077.42957927486
792.3
792.3
926.954131136451
851.243156945025
851.243156945025
792.3
792.3
1077.42957927486
890.790686796341
896.526832559716
792.3
890.790686796341
792.3
1077.42957927486
926.954131136451
792.3
926.954131136451
792.3
1077.42957927486
792.3
792.3
792.3
792.3
792.3
890.790686796341
792.3
1077.42957927486
792.3
792.3
792.3
890.790686796341
