1948   15.452   19.220   22.032   24.553   23.918   24.030   23.120   22.845   21.879   19.248   16.743   16.583
1949   14.044   19.513   22.851   23.889   22.759   23.413   22.953   22.871   22.296   20.332   17.161   14.101
1950   16.036   18.176   22.161   25.071   24.076   23.173   22.919   22.912   22.243   20.738   16.497   12.058
1951   13.758   19.417   21.456   25.204   23.380   23.344   22.939   23.037   22.464   20.566   17.423   14.277
1952   15.915   19.458   22.279   22.696   23.983   23.491   23.402   22.668   22.310   21.261   18.422   12.256
1953   14.122   16.886   22.268   23.157   23.140   23.509   23.262   23.037   22.328   21.475   17.445   13.633
1954   17.823   18.612   19.670   24.113   23.228   23.452   23.116   22.970   22.132   20.673   18.310   14.438
1955   12.477   18.758   20.820   22.396   23.422   22.851   22.971   22.615   22.507   20.635   15.855   14.219
1956   13.905   17.524   21.089   22.603   22.496   22.944   22.626   22.511   22.145   19.965   16.102   14.938
1957   16.761   15.951   19.457   21.723   23.177   23.404   23.367   23.133   22.272   19.224   17.921   16.521
1958   14.977   16.483   21.310   22.615   23.670   23.914   23.520   23.024   22.487   19.487   16.853   15.483
1959   14.546   17.238   18.520   21.938   22.671   24.014   23.496   23.328   22.241   20.295   18.037   16.564
1960   15.351   17.030   21.307   21.569   22.864   23.752   23.189   23.604   22.595   20.207   18.747   14.861
1961   14.739   16.822   19.601   21.534   22.558   23.085   23.412   23.136   22.454   20.797   17.810   16.076
1962   12.757   16.445   18.491   20.802   23.015   23.257   23.419   22.860   22.236   19.902   17.207   14.927
1963   12.544   15.861   18.760   21.292   23.307   23.210   23.197   22.887   22.855   20.073   18.507   14.907
1964   16.439   16.204   20.043   22.671   22.789   23.367   23.312   23.409   22.977   21.454   16.827   14.240
1965   15.676   18.139   19.675   22.138   22.913   23.359   23.527   23.474   22.864   21.572   18.812   16.515
1966   17.059   18.493   21.233   22.669   22.661   23.260   23.558   23.060   22.122   21.066   18.483   16.826
1967   13.434   15.940   20.031   21.392   23.486   23.754   24.144   23.914   22.336   19.691   18.188   13.434
1968   15.663   14.472   20.597   20.889   22.782   23.381   23.925   23.761   22.559   20.221   18.798   18.193
1969   16.903   17.549   20.472   22.630   24.236   23.654   23.823   23.288   22.479   20.744   16.340   14.580
1970   15.115   18.404   21.052   21.323   23.256   23.613   23.569   23.489   22.682   19.417   17.130   15.837
1971   13.362   16.293   19.754   21.922   22.380   23.318   23.128   22.803   22.349   18.875   16.062   14.552
1972   14.530   17.338   19.584   20.543   23.533   23.614   23.673   23.251   22.391   21.198   18.391   15.845
1973   15.980   20.243   21.196   23.567   23.467   23.833   23.504   23.285   22.695   19.668   16.468   13.506
1974   15.167   15.709   19.093   21.276   22.800   23.229   23.163   22.852   22.522   20.159   17.761   15.452
1975   15.315   17.675   20.755   23.034   23.328   23.380   23.238   23.276   22.730   20.224   16.298   11.991
1976   13.863   17.543   19.256   21.411   22.294   23.148   23.350   23.039   22.338   20.631   15.470   15.524
1977   13.803   14.542   19.600   21.269   23.247   24.317   23.825   23.628   22.088   20.482   16.232   16.203
1978   14.614   16.072   20.430   21.632   22.563   23.670   23.608   23.669   22.071   19.565   17.417   16.068
1979   16.153   18.311   20.758   21.902   22.859   23.505   24.029   23.581   22.450   19.697   16.399   15.835
1980   15.840   16.077   21.357   22.121   22.855   23.495   23.769   23.601   22.226   20.640   18.833   15.553
1981   15.290   17.728   20.201   21.893   22.121   23.202   23.489   23.790   22.714   20.287   17.477   13.385
1982   15.680   16.508   20.737   19.850   22.841   23.428   23.661   23.499   22.526   21.141   18.003   13.157
1983   13.125   15.938   18.258   22.509   23.164   23.888   24.096   23.648   23.012   20.803   16.663   13.907
1984   13.447   16.336   19.791   22.357   22.173   23.564   23.441   23.375   22.096   19.651   17.918   14.818
1985   15.434   17.281   18.015   20.386   22.791   23.509   23.070   23.611   21.879   20.314   17.846   14.653
1986   14.644   16.449   19.580   21.505   22.443   23.771   23.474   23.497   22.107   19.932   16.862   15.814
1987   15.981   17.782   20.931   21.730   23.443   23.683   23.911   23.537   22.514   21.130   18.414   13.057
1988   16.724   17.729   20.015   20.871   23.578   23.729   23.847   23.587   22.323   19.964   16.279   15.335
1989   15.006   16.949   18.588   22.425   22.559   23.381   23.382   23.551   22.874   20.194   17.137   15.271
1990   15.850   16.668   18.476   21.985   22.115   23.502   23.411   23.940   22.780   20.329   18.056   15.859
1991   16.361   17.595   20.925   21.888   22.849   23.918   23.605   23.450   22.777   20.041   17.002   15.811
1992   13.582   15.553   20.108   23.284   23.114   23.687   23.281   23.756   22.920   18.991   16.053   15.618
1993   13.578   16.896   19.679   21.411   22.708   24.218   24.078   23.618   22.682   19.372   17.498   14.075
1994   16.247   17.674   17.720   22.354   23.356   23.636   23.614   23.536   22.454   19.406   18.256   15.864
1995   14.600   15.715   19.632   22.477   22.916   24.315   23.899   23.789   22.655   20.847   16.965   14.241
1996   15.318   15.155   20.265   20.355   22.712   23.660   23.875   23.575   22.677   20.756   18.246   15.123
1997   15.215   15.961   19.914   20.880   23.415   24.020   23.920   23.950   21.688   20.992   18.631   16.438
1998   16.427   18.043   20.841   22.529   23.764   24.817   24.558   24.220   23.119   21.354   18.823   16.158
1999   15.778   18.416   21.390   22.224   22.136   23.934   24.233   23.661   23.013   21.113   18.087   13.258
2000   15.671   15.787   19.977   21.903   22.685   23.470   23.939   24.089   22.430   20.865   17.378   16.472
2001   16.556   17.204   19.329   22.698   22.551   23.755   23.895   23.865   23.012   21.371   16.940   15.266
2002   15.634   18.244   20.481   22.786   22.823   24.196   24.116   23.358   22.256   20.604   17.924   15.960
2003   15.061   18.210   19.517   23.260   23.802   23.960   24.239   24.227   23.079   20.919   18.893   15.118
2004   15.402   16.952   21.015   21.649   22.722   23.653   23.712   24.019   22.642   20.185   18.193   15.278
2005   15.281   18.659   18.420   22.119   24.352   24.691   24.193   23.832   23.175   20.997   18.786   14.194
2006   16.009   17.684   20.026   22.581   22.919   24.467   24.295   23.824   22.610   21.738   19.382   15.551
2007   14.723   18.626   21.019   20.909   22.748   24.346   24.151   24.009   22.615   20.665   16.804   16.807
2008   14.483   13.083   19.587   22.395   22.671   23.648   23.795   23.705   23.319   21.639   17.330   15.091
2009   13.966   20.431   20.498   21.709   22.564   24.105   24.162   24.271   23.520   21.703   17.080   16.031
2010   16.500   19.033   20.607   22.100   24.084   24.258   24.549   23.873   23.543   20.392   17.752   16.152
2011   12.265   17.245   16.907   21.325   22.543   24.153   24.294   23.721   22.896   20.111   18.638   13.572
2012   14.551   17.294   20.204   22.607   24.070   24.098   23.988   23.960   22.441   21.204   19.163   16.247
2013   14.919   19.063   21.180   22.182   23.368   23.897   23.806   23.811   22.711   20.278   18.237   12.595
2014   14.537   16.396   20.203   22.595   23.735 -999.999 -999.999 -999.999 -999.999 -999.999 -999.999 -999.999