1948    5.856    7.083   10.750   14.303   14.552   17.154   16.849   16.896   15.902   11.522    8.634    4.943
1949    5.219    7.872   12.108   13.883   14.198   16.400   16.598   16.679   16.068   13.551    8.830    4.115
1950    5.862    8.653   11.644   15.221   15.677   16.516   16.680   16.441   16.120   12.970    8.408    5.911
1951    6.051    8.909   12.280   13.873   14.961   16.586   16.724   17.118   15.388   12.957    9.495    5.801
1952    7.319   10.279   11.968   14.639   15.352   16.702   16.894   16.761   16.027   13.633    9.493    5.603
1953    5.486    7.458   13.383   14.880   14.819   16.458   16.957   16.836   15.735   12.784    8.744    5.196
1954    5.827   10.014   12.169   16.013   15.945   16.248   16.409   16.725   16.097   12.669    8.573    5.840
1955    5.247    8.156   12.901   13.345   15.274   16.101   16.531   15.980   15.971   13.696    9.136    4.490
1956    4.534    7.579   12.373   15.474   15.267   16.113   16.245   16.377   15.411   13.000    8.646    5.848
1957    5.784    6.750   10.775   14.457   15.213   15.903   17.279   16.931   15.748   11.765    8.995    6.975
1958    5.688    6.123   11.729   14.192   15.356   17.144   17.289   16.415   16.073   13.572   10.312    6.441
1959    6.038    7.058   10.805   14.425   14.745   16.031   17.051   17.144   15.101   12.596    8.967    7.627
1960    5.346    8.566   10.929   14.761   15.771   16.559   16.970   17.344   15.890   12.678    8.994    7.329
1961    6.319    6.863   10.787   13.680   14.568   16.654   17.407   17.322   15.948   13.256    7.945    4.859
1962    4.640    7.072   10.619   13.756   14.266   16.574   17.490   16.659   15.898   12.426    8.839    6.123
1963    4.314    7.702   10.923   13.241   14.458   16.252   17.229   16.795   16.088   12.459    7.954    5.263
1964    5.471    8.241   12.345   15.590   14.910   16.601   16.824   17.023   16.336   14.171    9.655    5.884
1965    5.221    7.456   10.497   14.860   15.834   16.835   17.114   16.416   15.723   12.386    8.039    7.236
1966    5.596    8.548   12.142   15.263   16.383   16.239   17.110   16.448   14.925   11.141   10.118    7.043
1967    5.572    6.889    8.565   13.233   15.372   16.657   17.404   17.390   16.179   12.327    7.535    6.339
1968    4.966    5.934   11.529   14.343   15.662   16.530   17.234   17.128   16.288   12.523    9.612    7.185
1969    5.967    8.907   13.086   15.413   16.658   17.175   17.670   16.997   15.953   12.836    9.914    7.243
1970    6.036    8.245   12.369   15.049   15.853   17.154   17.648   17.387   16.208   13.423    9.093    6.280
1971    5.758    6.693   11.685   13.122   14.272   16.658   17.091   16.552   15.907   13.078    7.759    4.999
1972    5.827    7.004   11.765   14.044   16.533   17.182   17.769   17.037   15.630   12.947    9.242    6.542
1973    6.705    6.364    9.931   14.443   15.309   16.761   17.238   16.976   16.289   13.495    8.400    5.714
1974    3.295    5.109    9.185   14.478   15.981   16.845   16.608   16.790   15.531   14.110    9.614    3.385
1975    3.894    5.410    9.678   14.703   15.616   16.838   16.770   17.047   15.890   13.643    8.213    3.534
1976    4.152    6.581   10.373   13.194   14.090   15.952   16.717   16.594   15.671   11.548    9.746    5.223
1977    4.554    6.934   11.397   12.759   13.670   16.436   17.549   17.044   16.052   12.052    8.962    5.144
1978    3.539    5.438    8.907   13.644   14.864   16.695   16.635   16.953   15.234   12.400    7.808    6.100
1979    4.831    5.147    9.130   14.533   16.983   17.420   17.685   17.545   15.648   12.171    9.743    4.360
1980    3.703    4.720    9.721   14.813   15.976   17.086   17.496   17.325   16.308   12.080    8.792    5.354
1981    3.945    5.597    9.212   12.799   15.116   16.873   17.537   17.590   15.961   12.886    8.563    4.479
1982    5.509    4.334    9.020   12.688   16.095   16.757   17.464   17.290   16.067   12.733    7.887    3.973
1983    3.395    3.841    8.619   12.677   15.359   16.866   17.690   17.228   16.273   13.473    8.291    4.137
1984    4.424    5.452   10.038   14.714   15.317   17.151   17.074   17.187   15.257   13.037    7.987    4.878
1985    4.404    4.529   10.399   13.992   15.101   16.857   16.803   17.548   15.884   12.613    7.901    5.057
1986    4.791    5.174    9.246   13.079   14.882   17.308   17.308   17.239   15.499   11.639    8.527    4.754
1987    4.630    5.910    9.373   13.695   15.810   17.273   17.513   17.076   16.265   12.672    9.663    4.841
1988    5.612    6.039    9.819   13.741   15.600   16.868   17.590   17.266   16.254   13.641    8.962    5.464
1989    4.096    5.064    9.533   13.304   15.951   16.977   17.416   17.130   16.463   13.463    7.898    3.541
1990    5.705    5.561    8.359   12.976   15.331   17.081   17.296   17.423   16.170   12.576    9.335    5.084
1991    4.016    6.195   10.275   13.609   15.521   17.072   17.621   17.334   16.180   12.913    7.988    4.285
1992    3.379    3.697   10.258   14.490   14.971   16.939   16.773   17.094   15.966   11.987    7.440    3.037
1993    4.453    5.547    8.367   12.197   14.523   16.401   17.317   17.210   15.779   12.717    8.624    5.479
1994    5.996    4.517    9.154   12.778   15.636   16.980   17.245   17.273   16.310   12.001    8.493    4.194
1995    4.407    6.217   10.605   13.208   16.120   17.489   17.200   17.241   15.867   13.428    9.536    5.508
1996    3.954    6.931   11.698   13.510   15.453   16.286   17.328   17.143   16.186   13.178    9.156    6.382
1997    4.115    5.181   10.827   12.120   15.330   16.434   17.589   17.390   15.371   11.422    8.518    5.734
1998    4.416    6.560    9.202   12.967   15.706   17.712   17.737   17.462   16.586   14.306   10.304    6.979
1999    6.174   10.290   12.226   15.330   14.823   17.043   17.236   17.097   16.255   13.130    8.484    5.143
2000    4.487    4.964    8.790   12.869   14.567   16.425   17.095   16.942   15.217   13.148    9.000    6.766
2001    6.032    8.741   10.452   13.839   14.000   16.081   17.444   17.498   16.459   13.534    8.878    6.464
2002    5.719    8.655   10.900   12.828   13.819   16.593   17.461   16.925   15.633   12.207    9.272    6.294
2003    5.592    7.253   10.043   13.911   13.502   15.555   16.501   17.447   16.389   13.745    8.737    6.749
2004    4.802    6.567   12.668   12.969   14.995   15.966   16.612   17.180   15.762   11.933    7.874    5.986
2005    5.836    8.030   10.744   12.878   13.994   16.654   17.596   17.790   16.717   13.463    8.705    6.978
2006    7.790   10.247   11.585   13.564   15.045   16.677   17.887   17.646   16.511   13.134    9.001    6.618
2007    5.822    6.276   10.113   13.247   14.914   16.578   17.613   17.736   16.209   13.823    9.379    6.870
2008    6.333    5.662   10.697   13.327   14.620   16.686   17.390   17.362   16.363   13.309    8.893    6.938
2009    6.663    9.590   11.274   14.023   15.083   16.723   17.865   17.710   16.816   13.897   10.121    6.665
2010    6.729    8.185   12.629   13.985   15.297   16.866   17.913   17.973   16.667   13.959   10.069    6.783
2011    4.887    7.404   10.213   12.192   14.766   16.909   17.607   17.289   16.851   13.178    8.208    6.741
2012    5.016    7.956   10.778   12.824   15.826   17.236   17.956   17.939   16.733   13.225    9.593    7.265
2013    6.453   10.239   12.475   13.793   15.127   17.786   18.047   17.814   16.764   13.497    9.822    6.372
2014    6.669    8.046   10.890   14.182   15.790 -999.999 -999.999 -999.999 -999.999 -999.999 -999.999 -999.999