1948   -1.896   -5.126   -3.437   -2.206   -1.786   -0.927   -0.943    0.898    0.560    3.556    3.854   -0.518
1949   -2.379   -6.480   -5.123   -3.971   -4.084   -1.549   -0.066    0.580    1.002   -0.061   -0.761   -4.734
1950   -5.734   -5.195   -5.017   -4.052   -1.297   -1.883    1.941    0.437    0.857    0.295   -1.242   -2.558
1951   -4.363   -2.952   -3.106   -2.400   -1.080   -0.692    0.530    3.273    2.167    2.613   -0.501   -1.247
1952   -5.477   -5.534   -4.793   -3.224   -0.804    0.308    1.493    2.237    2.672    3.445    1.323    0.565
1953   -3.947   -4.918   -3.865   -2.280   -1.303   -0.703    0.863    3.111    1.465    1.122    1.191   -0.657
1954   -5.134   -4.033   -4.037   -4.209   -2.780   -1.345   -0.222    0.235    0.746   -0.344    0.892   -3.362
1955   -4.547   -5.298   -3.455   -3.028   -3.055   -2.436   -0.357   -0.376   -0.265   -0.817   -0.844   -0.272
1956   -4.739   -4.517   -3.954   -2.950   -2.924   -2.511    0.611    0.430    0.295   -0.066   -0.028   -4.581
1957   -4.325   -4.681   -5.107   -3.553   -2.505   -1.101   -0.450    2.532    1.462    2.003    0.384   -5.122
1958   -4.189   -3.460   -5.612   -5.160   -2.893   -1.529    1.232    0.337    0.818    0.987   -0.277   -1.163
1959   -5.597   -4.830   -4.555   -3.595   -3.530   -1.288    1.124    1.789    2.966    0.537    0.205   -1.755
1960   -4.581   -4.878   -4.429   -3.793   -1.833   -0.945   -0.164    0.612    1.629    1.919   -0.354   -0.368
1961   -1.526   -4.485   -2.300   -4.260   -1.150    1.728    1.941    2.888    3.560    3.742   -2.713   -3.649
1962   -4.816   -4.570   -4.840   -0.509   -2.238   -0.507    1.947    1.268    1.901    0.851    0.379   -2.106
1963   -3.642   -3.657   -3.305   -1.181   -0.890    1.534    2.515    3.876    2.850    5.150   -1.724   -1.072
1964   -4.944   -5.500   -4.565   -3.248   -0.435   -1.050   -0.949    0.484   -0.781    0.155   -0.490   -1.807
1965   -2.465   -4.763   -3.962   -3.572   -2.443   -0.399    1.964    0.322    2.712    0.825   -2.018   -4.730
1966   -5.890   -5.125   -3.578   -3.249   -1.869   -0.644    0.558    0.959    0.828    1.569   -0.630   -2.363
1967   -3.859   -4.365   -2.663   -1.331   -0.588    0.269    2.633    2.978    3.503    2.904   -0.681   -2.407
1968   -3.427   -3.545   -4.203   -2.650   -1.654   -1.474    0.895    1.979    2.484    1.813    2.459   -3.034
1969   -4.907   -4.294   -4.386   -2.841   -2.284   -0.295    2.434    0.279    3.215    1.337    1.433   -1.170
1970   -3.362   -2.891   -4.389   -4.109   -3.510   -1.131    0.713    0.620   -0.370    0.361   -1.772   -3.289
1971   -1.911   -4.089   -1.031    1.651    0.442    0.236    0.922   -0.595    0.425   -1.016    0.767   -4.120
1972   -1.497   -3.673   -2.676   -2.293    0.254    1.435    3.345    2.357    2.905    1.699   -2.855   -3.014
1973   -4.936   -5.621   -5.789   -5.399   -3.904   -2.370   -1.114   -1.293   -1.989   -1.518   -2.897   -2.814
1974   -2.717   -4.613   -2.518   -1.149   -1.130    0.502    0.856    1.073   -0.563    0.897    1.298   -2.652
1975   -3.894   -4.607   -4.355   -5.201   -3.273   -1.951   -0.408   -0.470   -1.414   -0.913    1.377   -3.980
1976   -3.006   -3.233   -3.512   -0.029    1.370    0.096    2.521    2.129    3.996   -1.811   -1.049   -2.038
1977   -4.734   -5.451   -4.707   -3.926   -2.256   -0.496    1.809    2.436    1.622    3.123    0.482   -2.994
1978   -4.624   -4.664   -5.659   -3.663   -3.280   -0.571    0.619    1.067    0.839    1.530    1.969   -4.838
1979   -3.226   -4.021   -3.658   -3.592   -2.113   -1.026    1.105    1.464    0.459    2.605   -0.757   -0.365
1980   -5.033   -4.910   -3.763   -3.572   -0.017   -0.568    1.501    2.524    3.638    1.040   -1.614   -2.115
1981   -2.570   -4.558   -4.792   -3.274   -3.231    0.035   -0.182    2.024    0.209    0.591   -1.091   -1.199
1982   -2.885   -3.259   -3.449   -3.087   -1.118    1.700    4.600    3.571    2.591    2.354   -1.544   -4.303
1983   -5.548   -5.670   -5.566   -5.693   -4.657   -2.125    0.297    0.670    0.552    0.328    1.252   -2.080
1984   -3.833   -5.000   -5.124   -4.675   -3.526   -1.031   -0.217    1.247    0.323    3.912   -0.041   -2.310
1985    0.358   -5.553   -4.161   -1.278   -1.404    1.543    1.057    1.338    2.010   -0.000   -1.690   -0.609
1986   -5.248   -1.136   -4.512   -3.685    0.880    0.483    1.889    2.930    2.202    0.047   -0.765    0.659
1987   -4.857   -4.204   -5.225   -3.066   -2.842   -0.194    1.655    1.641    1.778    0.068   -0.047   -3.294
1988   -4.746   -5.262   -5.598   -4.334   -3.434   -1.263    0.013   -2.215   -0.991    1.131   -1.836   -0.964
1989   -4.350   -2.735   -3.586   -2.164   -3.164   -0.065   -0.147    0.595   -0.172    1.400    1.314   -0.396
1990   -3.969   -4.996   -3.170   -3.446   -1.832    0.886    2.871    2.052    2.245    0.540    3.557   -2.342
1991   -4.791   -5.272   -2.897   -3.261   -1.214    0.292    1.965    3.485    3.525    2.404    0.905   -4.400
1992   -3.581   -5.670   -5.890   -4.101   -3.037   -1.017    0.772    2.860    1.369    3.068    1.270   -3.895
1993   -3.298   -3.307   -2.953   -2.774   -2.648   -0.842    1.586    2.897    1.549    1.406   -1.548   -2.153
1994   -3.164   -3.925   -3.782   -1.764   -0.159    0.101    3.459    3.370    4.375    1.594   -1.931   -2.073
1995   -4.206   -3.857   -4.489   -3.578   -1.452   -2.439   -0.678   -0.131    0.581    0.927   -2.176   -2.720
1996   -3.428   -3.423   -4.342   -2.490   -0.810   -2.661   -0.261   -1.018    0.961   -0.839    0.351    0.061
1997   -1.125   -3.696   -1.468   -0.291   -0.621    1.213    2.588    4.247    2.493    0.630   -1.375   -2.745
1998   -4.989   -4.625   -4.634   -5.134   -4.607   -3.189   -2.029   -1.059   -1.223   -1.591   -1.953   -2.751
1999   -4.885   -1.803   -3.828   -2.393   -2.197   -1.522    1.011    0.239   -0.733   -2.021    0.002   -3.842
2000   -4.418   -4.105   -3.822   -3.699   -0.648   -1.781    0.271    1.558   -0.903   -0.187   -2.188   -2.340
2001   -4.020   -4.368   -4.348   -3.795   -1.111    0.516    1.554    3.170    0.397    0.793    0.853   -2.071
2002   -4.297   -2.716   -2.708   -2.655    0.108    0.321    3.350    4.374    4.253    2.304   -0.395   -2.781
2003   -3.249   -4.042   -3.546   -1.541    0.963   -0.437    2.184    1.907    3.114    2.220    1.322   -2.051
2004   -4.202   -1.771   -1.922    0.097   -1.942    4.135    1.104    4.372    1.212    3.066    0.909   -1.119
2005   -2.468   -4.418   -3.198   -1.226   -1.317   -1.103    1.782    1.768    2.320   -0.200   -0.273   -3.029
2006   -4.073   -4.980   -3.903   -3.869   -1.469   -0.562    3.432    3.598    3.217    3.596   -1.740   -2.659
2007   -4.447   -3.693   -2.992   -2.861   -0.472   -2.612    0.338    1.281    1.451    0.285    2.264   -4.110
2008   -4.002   -4.545   -4.462   -3.492   -0.467   -2.265   -0.622   -0.376    0.297   -2.004   -3.998   -2.879
2009   -2.895   -4.343   -3.611   -2.814   -1.520    0.106    3.774    2.276    3.518    2.131   -0.863   -1.593
2010   -4.381   -4.411   -2.946   -4.243   -4.096   -3.030   -3.241   -1.618   -3.149   -1.995   -3.595   -3.034
2011   -3.529   -2.532   -2.932   -1.598   -1.208   -0.763    1.611    1.724    1.863   -1.376   -2.298   -4.089
2012   -4.562   -4.114   -4.188   -3.017    0.286    0.757    0.911    1.800    2.663    0.152   -3.371   -4.565
2013   -4.277   -5.040   -3.097   -3.512   -3.205   -1.076   -0.488    0.012    2.152    3.173   -3.595   -4.390
2014   -1.149   -2.317   -2.346   -0.634   -2.838 -999.999 -999.999 -999.999 -999.999 -999.999 -999.999 -999.999