914.327483816495
483.569993730408
483.569993730408
485.610663245094
482.341835661385
549.60595574176
914.327483816495
768.885836772469
549.60595574176
914.327483816495
485.610663245094
549.60595574176
914.327483816495
482.341835661385
483.569993730408
914.327483816495
485.610663245094
768.885836772469
768.885836772469
485.610663245094
483.569993730408
768.885836772469
485.610663245094
914.327483816495
483.569993730408
914.327483816495
549.60595574176
549.60595574176
483.569993730408
768.885836772469
483.569993730408
485.610663245094
482.341835661385
549.60595574176
914.327483816495
485.610663245094
482.341835661385
483.569993730408
914.327483816495
483.569993730408
549.60595574176
482.341835661385
768.885836772469
483.569993730408
914.327483816495
549.60595574176
485.610663245094
914.327483816495
914.327483816495
483.569993730408
483.569993730408
914.327483816495
483.569993730408
768.885836772469
483.569993730408
483.569993730408
914.327483816495
483.569993730408
483.569993730408
483.569993730408
549.60595574176
483.569993730408
483.569993730408
549.60595574176
914.327483816495
483.569993730408
485.610663245094
914.327483816495
549.60595574176
483.569993730408
483.569993730408
483.569993730408
914.327483816495
914.327483816495
914.327483816495
483.569993730408
549.60595574176
549.60595574176
482.341835661385
483.569993730408
549.60595574176
482.341835661385
549.60595574176
914.327483816495
483.569993730408
549.60595574176
914.327483816495
914.327483816495
768.885836772469
549.60595574176
549.60595574176
482.341835661385
483.569993730408
914.327483816495
485.610663245094
914.327483816495
483.569993730408
483.569993730408
549.60595574176
483.569993730408
483.569993730408
914.327483816495
483.569993730408
482.341835661385
549.60595574176
485.610663245094
485.610663245094
549.60595574176
914.327483816495
914.327483816495
483.569993730408
483.569993730408
485.610663245094
483.569993730408
483.569993730408
482.341835661385
914.327483816495
549.60595574176
483.569993730408
485.610663245094
482.341835661385
485.610663245094
485.610663245094
768.885836772469
914.327483816495
482.341835661385
914.327483816495
768.885836772469
483.569993730408
483.569993730408
483.569993730408
483.569993730408
914.327483816495
914.327483816495
914.327483816495
768.885836772469
549.60595574176
483.569993730408
483.569993730408
549.60595574176
483.569993730408
549.60595574176
483.569993730408
485.610663245094
483.569993730408
482.341835661385
483.569993730408
914.327483816495
768.885836772469
483.569993730408
914.327483816495
482.341835661385
914.327483816495
483.569993730408
483.569993730408
483.569993730408
549.60595574176
485.610663245094
483.569993730408
483.569993730408
914.327483816495
914.327483816495
768.885836772469
482.341835661385
483.569993730408
914.327483816495
482.341835661385
483.569993730408
549.60595574176
549.60595574176
483.569993730408
768.885836772469
485.610663245094
914.327483816495
483.569993730408
483.569993730408
549.60595574176
549.60595574176
914.327483816495
914.327483816495
914.327483816495
914.327483816495
482.341835661385
483.569993730408
768.885836772469
482.341835661385
768.885836772469
914.327483816495
483.569993730408
483.569993730408
914.327483816495
483.569993730408
485.610663245094
483.569993730408
549.60595574176
549.60595574176
549.60595574176
914.327483816495
549.60595574176
483.569993730408
768.885836772469
483.569993730408
914.327483816495
483.569993730408
483.569993730408
483.569993730408
914.327483816495
483.569993730408
483.569993730408
483.569993730408
914.327483816495
483.569993730408
914.327483816495
483.569993730408
914.327483816495
914.327483816495
485.610663245094
483.569993730408
483.569993730408
483.569993730408
483.569993730408
483.569993730408
483.569993730408
914.327483816495
483.569993730408
549.60595574176
549.60595574176
483.569993730408
483.569993730408
485.610663245094
914.327483816495
549.60595574176
483.569993730408
483.569993730408
483.569993730408
914.327483816495
483.569993730408
483.569993730408
483.569993730408
914.327483816495
914.327483816495
768.885836772469
483.569993730408
914.327483816495
914.327483816495
914.327483816495
483.569993730408
914.327483816495
483.569993730408
914.327483816495
914.327483816495
768.885836772469
549.60595574176
549.60595574176
483.569993730408
483.569993730408
914.327483816495
483.569993730408
483.569993730408
483.569993730408
549.60595574176
914.327483816495
483.569993730408
483.569993730408
768.885836772469
485.610663245094
483.569993730408
914.327483816495
483.569993730408
768.885836772469
483.569993730408
914.327483816495
483.569993730408
483.569993730408
485.610663245094
483.569993730408
549.60595574176
549.60595574176
483.569993730408
914.327483816495
768.885836772469
483.569993730408
483.569993730408
914.327483816495
483.569993730408
485.610663245094
483.569993730408
549.60595574176
768.885836772469
768.885836772469
768.885836772469
483.569993730408
482.341835661385
914.327483816495
914.327483816495
485.610663245094
483.569993730408
914.327483816495
549.60595574176
483.569993730408
