16.171 14.0506666666667 14.4656666666667 16.8873333333333 19.4033333333333 20.987 22.2843333333333 22.9306666666667 23.179 22.909 22.0026666666667 19.4796666666667 17.2083333333333 14.9323333333333 14.623 15.9816666666667 18.4703333333333 21.372 22.9443333333333 23.7963333333333 23.9233333333333 23.1803333333333 22.066 19.6006666666667 17.639 15.683 15.6296666666667
17.2083333333333 14.9323333333333 14.623 15.9816666666667 18.4703333333333 21.372 22.9443333333333 23.7963333333333 23.9233333333333 23.1803333333333 22.066 19.6006666666667 17.639 15.683 15.6296666666667 17.0386666666667 19.378 21.5416666666667 22.6216666666667 23.2803333333333 23.649 23.116 21.7683333333333 19.6843333333333 17.6833333333333 16.546 16.844
17.639 15.683 15.6296666666667 17.0386666666667 19.378 21.5416666666667 22.6216666666667 23.2803333333333 23.649 23.116 21.7683333333333 19.6843333333333 17.6833333333333 16.546 16.844 18.4073333333333 20.3236666666667 21.8396666666667 22.7553333333333 23.4643333333333 23.705 23.3533333333333 21.9093333333333 19.5153333333333 17.3103333333333 16.0246666666667 15.9173333333333
17.6833333333333 16.546 16.844 18.4073333333333 20.3236666666667 21.8396666666667 22.7553333333333 23.4643333333333 23.705 23.3533333333333 21.9093333333333 19.5153333333333 17.3103333333333 16.0246666666667 15.9173333333333 17.758 19.8516666666667 22.111 22.8236666666667 23.373 23.6216666666667 23.1986666666667 22.1556666666667 20.5663333333333 18.342 16.5586666666667 16.1903333333333
17.3103333333333 16.0246666666667 15.9173333333333 17.758 19.8516666666667 22.111 22.8236666666667 23.373 23.6216666666667 23.1986666666667 22.1556666666667 20.5663333333333 18.342 16.5586666666667 16.1903333333333 17.7396666666667 19.9406666666667 21.405 22.4053333333333 22.9373333333333 23.4936666666667 23.331 22.2636666666667 20.1593333333333 17.0496666666667 15.514 15.191
18.342 16.5586666666667 16.1903333333333 17.7396666666667 19.9406666666667 21.405 22.4053333333333 22.9373333333333 23.4936666666667 23.331 22.2636666666667 20.1593333333333 17.0496666666667 15.514 15.191 17.6416666666667 19.0316666666667 21.1426666666667 22.0396666666667 23.31 23.5293333333333 23.2286666666667 22.3886666666667 20.5566666666667 17.4336666666667 14.7616666666667 14.0733333333333
17.0496666666667 15.514 15.191 17.6416666666667 19.0316666666667 21.1426666666667 22.0396666666667 23.31 23.5293333333333 23.2286666666667 22.3886666666667 20.5566666666667 17.4336666666667 14.7616666666667 14.0733333333333 15.7736666666667 18.9016666666667 21.3103333333333 23.187 23.716 23.8773333333333 23.5853333333333 22.4876666666667 20.1593333333333 17.1243333333333 14.6723333333333 14.5633333333333
17.4336666666667 14.7616666666667 14.0733333333333 15.7736666666667 18.9016666666667 21.3103333333333 23.187 23.716 23.8773333333333 23.5853333333333 22.4876666666667 20.1593333333333 17.1243333333333 14.6723333333333 14.5633333333333 16.5246666666667 19.4946666666667 21.4403333333333 22.698 23.0593333333333 23.46 22.9706666666667 21.7073333333333 19.8883333333333 17.4623333333333 16.0566666666667 15.8443333333333
17.1243333333333 14.6723333333333 14.5633333333333 16.5246666666667 19.4946666666667 21.4403333333333 22.698 23.0593333333333 23.46 22.9706666666667 21.7073333333333 19.8883333333333 17.4623333333333 16.0566666666667 15.8443333333333 16.91 18.5606666666667 20.3973333333333 22.2286666666667 23.1233333333333 23.3966666666667 22.8533333333333 21.9346666666667 20.013 17.6043333333333 15.7143333333333 15.2486666666667
17.4623333333333 16.0566666666667 15.8443333333333 16.91 18.5606666666667 20.3973333333333 22.2286666666667 23.1233333333333 23.3966666666667 22.8533333333333 21.9346666666667 20.013 17.6043333333333 15.7143333333333 15.2486666666667 16.891 19.178 21.176 22.573 23.2293333333333 23.5806666666667 23.026 21.8453333333333 19.6336666666667 17.536 16.219 16.5256666666667
17.6043333333333 15.7143333333333 15.2486666666667 16.891 19.178 21.176 22.573 23.2293333333333 23.5806666666667 23.026 21.8453333333333 19.6336666666667 17.536 16.219 16.5256666666667 18.2313333333333 20.1476666666667 22.0346666666667 22.952 23.679 23.7103333333333 23.3206666666667 22.3936666666667 20.686 17.5336666666667 16.065 15.8366666666667
17.536 16.219 16.5256666666667 18.2313333333333 20.1476666666667 22.0346666666667 22.952 23.679 23.7103333333333 23.3206666666667 22.3936666666667 20.686 17.5336666666667 16.065 15.8366666666667 18.156 19.5383333333333 21.488 22.726 23.718 23.721 23.2523333333333 21.958 19.522 17.1926666666667 15.54 15.7633333333333
17.5336666666667 16.065 15.8366666666667 18.156 19.5383333333333 21.488 22.726 23.718 23.721 23.2523333333333 21.958 19.522 17.1926666666667 15.54 15.7633333333333 16.8476666666667 19.3206666666667 21.1906666666667 22.7883333333333 23.1073333333333 23.438 23.269 22.2063333333333 20.0683333333333 17.534 16.086 15.9296666666667
17.1926666666667 15.54 15.7633333333333 16.8476666666667 19.3206666666667 21.1906666666667 22.7883333333333 23.1073333333333 23.438 23.269 22.2063333333333 20.0683333333333 17.534 16.086 15.9296666666667 16.998 19.043 20.8586666666667 22.534 23.0093333333333 23.6176666666667 23.377 22.3496666666667 20.3883333333333 18.0813333333333 16.7586666666667 16.605
17.534 16.086 15.9296666666667 16.998 19.043 20.8586666666667 22.534 23.0093333333333 23.6176666666667 23.377 22.3496666666667 20.3883333333333 18.0813333333333 16.7586666666667 16.605 18.2936666666667 20.136 21.8873333333333 22.885 23.4573333333333 23.6576666666667 23.2773333333333 22.0893333333333 19.94 17.618 15.465 14.982
18.0813333333333 16.7586666666667 16.605 18.2936666666667 20.136 21.8873333333333 22.885 23.4573333333333 23.6576666666667 23.2773333333333 22.0893333333333 19.94 17.618 15.465 14.982 16.4143333333333 19.6483333333333 22.1686666666667 23.3616666666667 23.3606666666667 23.5746666666667 23.319 21.889 19.3213333333333 16.8873333333333 15.083 15.364
17.618 15.465 14.982 16.4143333333333 19.6483333333333 22.1686666666667 23.3616666666667 23.3606666666667 23.5746666666667 23.319 21.889 19.3213333333333 16.8873333333333 15.083 15.364 16.7176666666667 19.3286666666667 21.266 22.779 23.668 23.9713333333333 23.4593333333333 21.8906666666667 19.8506666666667 16.9816666666667 15.94 15.9986666666667
16.8873333333333 15.083 15.364 16.7176666666667 19.3286666666667 21.266 22.779 23.668 23.9713333333333 23.4593333333333 21.8906666666667 19.8506666666667 16.9816666666667 15.94 15.9986666666667 17.2136666666667 19.2493333333333 21.1433333333333 23.1153333333333 23.5353333333333 23.5953333333333 23.2013333333333 21.7986666666667 20.0386666666667 17.842 16.24 15.393
16.9816666666667 15.94 15.9986666666667 17.2136666666667 19.2493333333333 21.1433333333333 23.1153333333333 23.5353333333333 23.5953333333333 23.2013333333333 21.7986666666667 20.0386666666667 17.842 16.24 15.393 16.649 19.2746666666667 21.675 23.236 23.71 24.001 23.4476666666667 22.4303333333333 20.1556666666667 17.351 15.508 14.9046666666667
17.842 16.24 15.393 16.649 19.2746666666667 21.675 23.236 23.71 24.001 23.4476666666667 22.4303333333333 20.1556666666667 17.351 15.508 14.9046666666667 16.9126666666667 18.5916666666667 21.1106666666667 22.2423333333333 23.4156666666667 23.7033333333333 23.3756666666667 22.336 20.5596666666667 18.0416666666667 16.1946666666667 15.433
17.351 15.508 14.9046666666667 16.9126666666667 18.5916666666667 21.1106666666667 22.2423333333333 23.4156666666667 23.7033333333333 23.3756666666667 22.336 20.5596666666667 18.0416666666667 16.1946666666667 15.433 17.03 18.9183333333333 21.403 22.7716666666667 23.785 23.9633333333333 23.186 22.21 20.437 18.687 17.1653333333333 16.9693333333333
18.0416666666667 16.1946666666667 15.433 17.03 18.9183333333333 21.403 22.7716666666667 23.785 23.9633333333333 23.186 22.21 20.437 18.687 17.1653333333333 16.9693333333333 18.437 20.471 22.378 23.7033333333333 24.3796666666667 24.5316666666667 23.9656666666667 22.8976666666667 21.0986666666667 18.7783333333333 16.9196666666667 16.784
18.687 17.1653333333333 16.9693333333333 18.437 20.471 22.378 23.7033333333333 24.3796666666667 24.5316666666667 23.9656666666667 22.8976666666667 21.0986666666667 18.7783333333333 16.9196666666667 16.784 18.528 20.6766666666667 21.9166666666667 22.7646666666667 23.4343333333333 23.9426666666667 23.6356666666667 22.5956666666667 20.7376666666667 17.486 15.672 14.9053333333333
18.7783333333333 16.9196666666667 16.784 18.528 20.6766666666667 21.9166666666667 22.7646666666667 23.4343333333333 23.9426666666667 23.6356666666667 22.5956666666667 20.7376666666667 17.486 15.672 14.9053333333333 17.145 19.2223333333333 21.5216666666667 22.686 23.3646666666667 23.8326666666667 23.486 22.4613333333333 20.2243333333333 18.2383333333333 16.802 16.744
17.486 15.672 14.9053333333333 17.145 19.2223333333333 21.5216666666667 22.686 23.3646666666667 23.8326666666667 23.486 22.4613333333333 20.2243333333333 18.2383333333333 16.802 16.744 17.6963333333333 19.7436666666667 21.526 23.0013333333333 23.4003333333333 23.8383333333333 23.5906666666667 22.7493333333333 20.441 17.859 15.9466666666667 16.3813333333333
18.2383333333333 16.802 16.744 17.6963333333333 19.7436666666667 21.526 23.0013333333333 23.4003333333333 23.8383333333333 23.5906666666667 22.7493333333333 20.441 17.859 15.9466666666667 16.3813333333333 18.1196666666667 20.5036666666667 22.03 23.2683333333333 23.7116666666667 23.89 23.2433333333333 22.0726666666667 20.2613333333333 18.1626666666667 16.315 16.4103333333333
17.859 15.9466666666667 16.3813333333333 18.1196666666667 20.5036666666667 22.03 23.2683333333333 23.7116666666667 23.89 23.2433333333333 22.0726666666667 20.2613333333333 18.1626666666667 16.315 16.4103333333333 17.596 20.329 22.193 23.674 24.0003333333333 24.142 23.8483333333333 22.7416666666667 20.9636666666667 18.31 16.471 15.824
18.1626666666667 16.315 16.4103333333333 17.596 20.329 22.193 23.674 24.0003333333333 24.142 23.8483333333333 22.7416666666667 20.9636666666667 18.31 16.471 15.824 17.7896666666667 19.872 21.7953333333333 22.6746666666667 23.3623333333333 23.7946666666667 23.4576666666667 22.282 20.34 17.8853333333333 16.2506666666667 16.406
18.31 16.471 15.824 17.7896666666667 19.872 21.7953333333333 22.6746666666667 23.3623333333333 23.7946666666667 23.4576666666667 22.282 20.34 17.8853333333333 16.2506666666667 16.406 17.4533333333333 19.7326666666667 21.6303333333333 23.7206666666667 24.412 24.2386666666667 23.7333333333333 22.668 20.986 17.9923333333333 16.3296666666667 15.9623333333333
17.8853333333333 16.2506666666667 16.406 17.4533333333333 19.7326666666667 21.6303333333333 23.7206666666667 24.412 24.2386666666667 23.7333333333333 22.668 20.986 17.9923333333333 16.3296666666667 15.9623333333333 17.9063333333333 20.097 21.842 23.3223333333333 23.8936666666667 24.1953333333333 23.5763333333333 22.724 21.2433333333333 18.8903333333333 16.552 16.3
17.9923333333333 16.3296666666667 15.9623333333333 17.9063333333333 20.097 21.842 23.3223333333333 23.8936666666667 24.1953333333333 23.5763333333333 22.724 21.2433333333333 18.8903333333333 16.552 16.3 18.1226666666667 20.1846666666667 21.5586666666667 22.6676666666667 23.7483333333333 24.1686666666667 23.5916666666667 22.4296666666667 20.028 18.092 16.0313333333333 14.791
18.8903333333333 16.552 16.3 18.1226666666667 20.1846666666667 21.5586666666667 22.6676666666667 23.7483333333333 24.1686666666667 23.5916666666667 22.4296666666667 20.028 18.092 16.0313333333333 14.791 15.7176666666667 18.355 21.551 22.9046666666667 23.3713333333333 23.716 23.6063333333333 22.8876666666667 20.7626666666667 18.02 15.4623333333333 16.496
18.092 16.0313333333333 14.791 15.7176666666667 18.355 21.551 22.9046666666667 23.3713333333333 23.716 23.6063333333333 22.8876666666667 20.7626666666667 18.02 15.4623333333333 16.496 18.2983333333333 20.8793333333333 21.5903333333333 22.7926666666667 23.6103333333333 24.1793333333333 23.9843333333333 23.1646666666667 20.7676666666667 18.2713333333333 16.537 17.188
18.02 15.4623333333333 16.496 18.2983333333333 20.8793333333333 21.5903333333333 22.7926666666667 23.6103333333333 24.1793333333333 23.9843333333333 23.1646666666667 20.7676666666667 18.2713333333333 16.537 17.188 18.7133333333333 20.58 22.2636666666667 23.4806666666667 24.297 24.2266666666667 23.9883333333333 22.6026666666667 20.5623333333333 18.0986666666667 15.3896666666667 15.2206666666667
18.2713333333333 16.537 17.188 18.7133333333333 20.58 22.2636666666667 23.4806666666667 24.297 24.2266666666667 23.9883333333333 22.6026666666667 20.5623333333333 18.0986666666667 15.3896666666667 15.2206666666667 15.4723333333333 18.4923333333333 20.2583333333333 22.6736666666667 23.6633333333333 24.056 23.637 22.2426666666667 20.5483333333333 17.4403333333333 15.587 15.139
18.0986666666667 15.3896666666667 15.2206666666667 15.4723333333333 18.4923333333333 20.2583333333333 22.6736666666667 23.6633333333333 24.056 23.637 22.2426666666667 20.5483333333333 17.4403333333333 15.587 15.139 17.3496666666667 20.035 22.2936666666667 23.5916666666667 24.052 24.0153333333333 23.463 22.535 20.936 18.8713333333333 16.7763333333333 16.743
17.4403333333333 15.587 15.139 17.3496666666667 20.035 22.2936666666667 23.5916666666667 24.052 24.0153333333333 23.463 22.535 20.936 18.8713333333333 16.7763333333333 16.743 18.3873333333333 20.8083333333333 22.2433333333333 23.149 23.6903333333333 23.838 23.4426666666667 22.2666666666667 20.4086666666667 17.0366666666667 15.123 14.5093333333333
