8.46333333333333 5.29966666666667 4.75566666666667 7.03533333333333 10.0493333333333 12.5523333333333 14.412 15.5863333333333 16.421 16.3273333333333 14.6043333333333 12.3216666666667 8.839 6.50766666666667 5.57033333333333 7.62833333333333 10.3633333333333 12.6086666666667 14.2883333333333 15.885 17.0096666666667 16.8816666666667 15.0493333333333 12.3553333333333 8.71933333333333 5.88166666666667 4.707
8.839 6.50766666666667 5.57033333333333 7.62833333333333 10.3633333333333 12.6086666666667 14.2883333333333 15.885 17.0096666666667 16.8816666666667 15.0493333333333 12.3553333333333 8.71933333333333 5.88166666666667 4.707 5.96133333333333 9.32966666666667 12.4716666666667 15.0676666666667 16.0646666666667 16.761 16.274 14.8623333333333 11.814 8.76933333333333 6.24633333333333 5.35933333333333
8.71933333333333 5.88166666666667 4.707 5.96133333333333 9.32966666666667 12.4716666666667 15.0676666666667 16.0646666666667 16.761 16.274 14.8623333333333 11.814 8.76933333333333 6.24633333333333 5.35933333333333 6.36933333333333 9.60333333333333 13.5486666666667 16.312 17.3626666666667 17.55 16.9593333333333 15.1213333333333 12.5206666666667 8.758 5.93533333333333 4.261
8.76933333333333 6.24633333333333 5.35933333333333 6.36933333333333 9.60333333333333 13.5486666666667 16.312 17.3626666666667 17.55 16.9593333333333 15.1213333333333 12.5206666666667 8.758 5.93533333333333 4.261 6.048 9.75133333333333 13.5033333333333 15.9583333333333 16.8526666666667 17.3023333333333 17.043 15.2376666666667 12.3933333333333 8.742 6.03033333333333 4.96533333333333
8.758 5.93533333333333 4.261 6.048 9.75133333333333 13.5033333333333 15.9583333333333 16.8526666666667 17.3023333333333 17.043 15.2376666666667 12.3933333333333 8.742 6.03033333333333 4.96533333333333 6.25133333333333 9.20266666666667 12.3756666666667 14.9293333333333 16.5086666666667 17.3333333333333 17.0293333333333 15.479 12.47 8.64266666666667 6.18366666666667 4.774
8.742 6.03033333333333 4.96533333333333 6.25133333333333 9.20266666666667 12.3756666666667 14.9293333333333 16.5086666666667 17.3333333333333 17.0293333333333 15.479 12.47 8.64266666666667 6.18366666666667 4.774 6.28766666666667 8.68066666666667 12.601 15.18 16.772 17.1703333333333 16.9403333333333 15.3633333333333 12.229 8.19766666666667 5.085 3.73633333333333
8.64266666666667 6.18366666666667 4.774 6.28766666666667 8.68066666666667 12.601 15.18 16.772 17.1703333333333 16.9403333333333 15.3633333333333 12.229 8.19766666666667 5.085 3.73633333333333 5.285 8.379 12.2183333333333 14.9673333333333 16.6383333333333 17.2613333333333 17.0636666666667 15.658 12.679 8.63366666666667 5.61733333333333 4.671
8.19766666666667 5.085 3.73633333333333 5.285 8.379 12.2183333333333 14.9673333333333 16.6383333333333 17.2613333333333 17.0636666666667 15.658 12.679 8.63366666666667 5.61733333333333 4.671 6.638 10.068 13.3563333333333 15.7273333333333 16.514 17.1373333333333 16.506 15.1603333333333 12.0936666666667 8.634 5.75633333333333 4.60366666666667
8.63366666666667 5.61733333333333 4.671 6.638 10.068 13.3563333333333 15.7273333333333 16.514 17.1373333333333 16.506 15.1603333333333 12.0936666666667 8.634 5.75633333333333 4.60366666666667 6.444 9.64 13.164 15.3166666666667 16.2536666666667 17.0693333333333 16.745 15.3483333333333 12.1326666666667 8.52366666666667 5.91633333333333 5.00733333333333
8.634 5.75633333333333 4.60366666666667 6.444 9.64 13.164 15.3166666666667 16.2536666666667 17.0693333333333 16.745 15.3483333333333 12.1326666666667 8.52366666666667 5.91633333333333 5.00733333333333 6.40366666666667 9.16633333333333 12.4023333333333 15.0896666666667 16.4993333333333 17.285 16.682 14.7923333333333 11.8883333333333 8.30666666666666 5.97033333333333 5.098
8.52366666666667 5.91633333333333 5.00733333333333 6.40366666666667 9.16633333333333 12.4023333333333 15.0896666666667 16.4993333333333 17.285 16.682 14.7923333333333 11.8883333333333 8.30666666666666 5.97033333333333 5.098 6.63766666666667 9.65933333333333 12.9593333333333 15.5926666666667 16.8653333333333 17.2873333333333 16.9513333333333 15.3376666666667 12.8666666666667 9.05866666666667 6.70533333333333 5.49733333333333
8.30666666666666 5.97033333333333 5.098 6.63766666666667 9.65933333333333 12.9593333333333 15.5926666666667 16.8653333333333 17.2873333333333 16.9513333333333 15.3376666666667 12.8666666666667 9.05866666666667 6.70533333333333 5.49733333333333 7.15666666666667 9.86633333333333 13.0533333333333 15.403 16.686 17.2413333333333 17.0366666666667 15.7203333333333 12.9523333333333 9.35566666666667 6.174 4.87466666666667
9.05866666666667 6.70533333333333 5.49733333333333 7.15666666666667 9.86633333333333 13.0533333333333 15.403 16.686 17.2413333333333 17.0366666666667 15.7203333333333 12.9523333333333 9.35566666666667 6.174 4.87466666666667 6.231 9.30033333333333 12.9293333333333 15.4106666666667 16.7813333333333 17.1743333333333 17.003 15.6853333333333 12.608 8.30066666666667 5.71466666666667 4.93566666666667
9.35566666666667 6.174 4.87466666666667 6.231 9.30033333333333 12.9293333333333 15.4106666666667 16.7813333333333 17.1743333333333 17.003 15.6853333333333 12.608 8.30066666666667 5.71466666666667 4.93566666666667 6.54166666666667 8.96533333333333 12.222 15.1293333333333 16.5693333333333 17.2666666666667 16.963 15.3896666666667 12.6936666666667 8.99833333333333 6.145 5.09833333333333
8.30066666666667 5.71466666666667 4.93566666666667 6.54166666666667 8.96533333333333 12.222 15.1293333333333 16.5693333333333 17.2666666666667 16.963 15.3896666666667 12.6936666666667 8.99833333333333 6.145 5.09833333333333 6.82866666666667 10.0263333333333 13.135 15.4006666666667 16.738 17.3423333333333 17.045 15.4756666666667 12.3603333333333 8.39533333333333 5.21733333333333 3.787
8.99833333333333 6.145 5.09833333333333 6.82866666666667 10.0263333333333 13.135 15.4006666666667 16.738 17.3423333333333 17.045 15.4756666666667 12.3603333333333 8.39533333333333 5.21733333333333 3.787 5.778 9.48166666666667 13.2396666666667 15.4666666666667 16.2276666666667 16.9353333333333 16.611 15.0156666666667 11.7976666666667 7.488 4.97666666666667 4.34566666666667
8.39533333333333 5.21733333333333 3.787 5.778 9.48166666666667 13.2396666666667 15.4666666666667 16.2276666666667 16.9353333333333 16.611 15.0156666666667 11.7976666666667 7.488 4.97666666666667 4.34566666666667 6.12233333333333 8.70366666666667 11.6956666666667 14.3736666666667 16.0803333333333 16.976 16.7686666666667 15.2353333333333 12.3733333333333 8.94 6.69966666666667 5.33066666666667
7.488 4.97666666666667 4.34566666666667 6.12233333333333 8.70366666666667 11.6956666666667 14.3736666666667 16.0803333333333 16.976 16.7686666666667 15.2353333333333 12.3733333333333 8.94 6.69966666666667 5.33066666666667 6.55566666666667 8.81633333333333 12.5226666666667 15.1313333333333 16.6203333333333 17.166 16.9426666666667 15.1946666666667 12.268 8.22933333333333 5.698 4.93933333333333
8.94 6.69966666666667 5.33066666666667 6.55566666666667 8.81633333333333 12.5226666666667 15.1313333333333 16.6203333333333 17.166 16.9426666666667 15.1946666666667 12.268 8.22933333333333 5.698 4.93933333333333 7.07633333333333 10.01 13.311 15.6056666666667 16.9363333333333 17.31 16.7693333333333 15.512 12.9436666666667 9.49066666666667 6.33266666666667 5.46433333333333
8.22933333333333 5.698 4.93933333333333 7.07633333333333 10.01 13.311 15.6056666666667 16.9363333333333 17.31 16.7693333333333 15.512 12.9436666666667 9.49066666666667 6.33266666666667 5.46433333333333 7.52766666666667 10.713 13.5536666666667 15.083 16.3556666666667 16.919 16.8856666666667 15.5023333333333 12.84 9.572 6.551 5.226
9.49066666666667 6.33266666666667 5.46433333333333 7.52766666666667 10.713 13.5536666666667 15.083 16.3556666666667 16.919 16.8856666666667 15.5023333333333 12.84 9.572 6.551 5.226 6.70766666666667 9.376 12.759 14.628 16.451 17.1376666666667 16.7833333333333 14.7276666666667 11.7703333333333 8.558 6.22266666666667 5.57
9.572 6.551 5.226 6.70766666666667 9.376 12.759 14.628 16.451 17.1376666666667 16.7833333333333 14.7276666666667 11.7703333333333 8.558 6.22266666666667 5.57 6.726 9.57633333333333 12.625 15.4616666666667 17.0516666666667 17.637 17.2616666666667 16.118 13.732 10.5296666666667 7.819 7.81433333333333
8.558 6.22266666666667 5.57 6.726 9.57633333333333 12.625 15.4616666666667 17.0516666666667 17.637 17.2616666666667 16.118 13.732 10.5296666666667 7.819 7.81433333333333 9.56333333333333 12.6153333333333 14.1263333333333 15.732 16.3673333333333 17.1253333333333 16.8626666666667 15.494 12.623 8.919 6.038 4.86466666666667
10.5296666666667 7.819 7.81433333333333 9.56333333333333 12.6153333333333 14.1263333333333 15.732 16.3673333333333 17.1253333333333 16.8626666666667 15.494 12.623 8.919 6.038 4.86466666666667 6.08033333333333 8.87433333333333 12.0753333333333 14.6203333333333 16.029 16.8206666666667 16.418 15.1023333333333 12.455 9.638 7.266 7.17966666666667
8.919 6.038 4.86466666666667 6.08033333333333 8.87433333333333 12.0753333333333 14.6203333333333 16.029 16.8206666666667 16.418 15.1023333333333 12.455 9.638 7.266 7.17966666666667 8.40833333333333 11.0106666666667 12.7636666666667 14.64 15.8416666666667 17.0076666666667 17.1336666666667 15.8303333333333 12.957 9.62533333333333 7.02033333333333 6.946
9.638 7.266 7.17966666666667 8.40833333333333 11.0106666666667 12.7636666666667 14.64 15.8416666666667 17.0076666666667 17.1336666666667 15.8303333333333 12.957 9.62533333333333 7.02033333333333 6.946 8.42466666666667 10.7943333333333 12.5156666666667 14.4133333333333 15.9576666666667 16.993 16.673 14.9216666666667 12.3706666666667 9.25766666666667 7.05266666666667 6.37966666666667
9.62533333333333 7.02033333333333 6.946 8.42466666666667 10.7943333333333 12.5156666666667 14.4133333333333 15.9576666666667 16.993 16.673 14.9216666666667 12.3706666666667 9.25766666666667 7.05266666666667 6.37966666666667 7.62933333333333 10.4023333333333 12.4853333333333 14.3226666666667 15.186 16.501 16.779 15.8603333333333 12.957 9.74366666666667 6.76266666666667 6.03933333333333
9.25766666666667 7.05266666666667 6.37966666666667 7.62933333333333 10.4023333333333 12.4853333333333 14.3226666666667 15.186 16.501 16.779 15.8603333333333 12.957 9.74366666666667 6.76266666666667 6.03933333333333 8.01233333333333 10.7346666666667 13.544 14.6433333333333 15.8576666666667 16.586 16.518 14.9583333333333 11.8563333333333 8.59766666666667 6.56533333333333 6.61733333333333
9.74366666666667 6.76266666666667 6.03933333333333 8.01233333333333 10.7346666666667 13.544 14.6433333333333 15.8576666666667 16.586 16.518 14.9583333333333 11.8563333333333 8.59766666666667 6.56533333333333 6.61733333333333 8.20333333333333 10.5506666666667 12.5386666666667 14.5086666666667 16.0813333333333 17.3466666666667 17.3676666666667 15.99 12.9616666666667 9.71533333333333 7.82433333333333 8.33833333333333
8.59766666666667 6.56533333333333 6.61733333333333 8.20333333333333 10.5506666666667 12.5386666666667 14.5086666666667 16.0813333333333 17.3466666666667 17.3676666666667 15.99 12.9616666666667 9.71533333333333 7.82433333333333 8.33833333333333 9.874 11.7986666666667 13.398 15.0953333333333 16.5363333333333 17.4033333333333 17.348 15.7636666666667 12.882 9.58433333333333 7.147 6.23866666666667
9.71533333333333 7.82433333333333 8.33833333333333 9.874 11.7986666666667 13.398 15.0953333333333 16.5363333333333 17.4033333333333 17.348 15.7636666666667 12.882 9.58433333333333 7.147 6.23866666666667 7.40366666666667 9.87866666666667 12.758 14.913 16.3683333333333 17.309 17.186 15.9226666666667 13.137 10.024 7.52733333333333 6.28833333333333
9.58433333333333 7.147 6.23866666666667 7.40366666666667 9.87866666666667 12.758 14.913 16.3683333333333 17.309 17.186 15.9226666666667 13.137 10.024 7.52733333333333 6.28833333333333 7.564 9.89533333333333 12.8813333333333 14.8776666666667 16.232 17.146 17.0383333333333 15.678 12.855 9.71333333333333 7.498 7.73033333333333
10.024 7.52733333333333 6.28833333333333 7.564 9.89533333333333 12.8813333333333 14.8776666666667 16.232 17.146 17.0383333333333 15.678 12.855 9.71333333333333 7.498 7.73033333333333 9.17566666666667 11.629 13.46 15.2763333333333 16.557 17.4326666666667 17.4636666666667 16.141 13.6113333333333 10.2276666666667 7.83833333333333 7.193
9.71333333333333 7.498 7.73033333333333 9.17566666666667 11.629 13.46 15.2763333333333 16.557 17.4326666666667 17.4636666666667 16.141 13.6113333333333 10.2276666666667 7.83833333333333 7.193 9.181 11.5996666666667 13.9703333333333 15.3826666666667 16.692 17.584 17.5176666666667 16.1996666666667 13.565 10.2703333333333 7.24633333333333 6.358
10.2276666666667 7.83833333333333 7.193 9.181 11.5996666666667 13.9703333333333 15.3826666666667 16.692 17.584 17.5176666666667 16.1996666666667 13.565 10.2703333333333 7.24633333333333 6.358 7.50133333333333 9.93633333333333 12.3903333333333 14.6223333333333 16.4273333333333 17.2683333333333 17.249 15.7726666666667 12.7456666666667 9.37566666666667 6.655 6.571
10.2703333333333 7.24633333333333 6.358 7.50133333333333 9.93633333333333 12.3903333333333 14.6223333333333 16.4273333333333 17.2683333333333 17.249 15.7726666666667 12.7456666666667 9.37566666666667 6.655 6.571 7.91666666666667 10.5193333333333 13.1426666666667 15.2953333333333 17.006 17.7103333333333 17.5426666666667 15.9656666666667 13.1836666666667 10.0276666666667 7.77033333333333 7.98566666666667
9.37566666666667 6.655 6.571 7.91666666666667 10.5193333333333 13.1426666666667 15.2953333333333 17.006 17.7103333333333 17.5426666666667 15.9656666666667 13.1836666666667 10.0276666666667 7.77033333333333 7.98566666666667 9.72233333333333 12.169 13.7983333333333 15.5686666666667 16.9866666666667 17.8823333333333 17.5416666666667 16.025 13.361 9.897 7.621 7.029
