-1.172 -1.86966666666667 -3.40633333333333 -3.25033333333333 -2.258 -0.723666666666667 0.479 1.329 1.582 2.882 1.438 0.378666666666667 -1.63266666666667 -2.607 -4.07433333333333 -4.964 -4.69466666666667 -3.62966666666667 -2.226 -0.314333333333333 1.24966666666667 1.95566666666667 2.39366666666667 1.74233333333333 0.203666666666667 -2.37866666666667 -4.094
-1.63266666666667 -2.607 -4.07433333333333 -4.964 -4.69466666666667 -3.62966666666667 -2.226 -0.314333333333333 1.24966666666667 1.95566666666667 2.39366666666667 1.74233333333333 0.203666666666667 -2.37866666666667 -4.094 -4.98233333333333 -4.662 -4.20066666666667 -2.50466666666667 -1.07733333333333 0.371666666666667 0.841666666666667 1.14533333333333 1.446 -0.446333333333333 -2.03166666666667 -4.02833333333333
0.203666666666667 -2.37866666666667 -4.094 -4.98233333333333 -4.662 -4.20066666666667 -2.50466666666667 -1.07733333333333 0.371666666666667 0.841666666666667 1.14533333333333 1.446 -0.446333333333333 -2.03166666666667 -4.02833333333333 -3.635 -3.757 -3.121 -2.24366666666667 -0.678 0.514333333333333 1.00933333333333 1.50933333333333 0.769 0.494333333333333 -2.05166666666667 -3.436
-0.446333333333333 -2.03166666666667 -4.02833333333333 -3.635 -3.757 -3.121 -2.24366666666667 -0.678 0.514333333333333 1.00933333333333 1.50933333333333 0.769 0.494333333333333 -2.05166666666667 -3.436 -4.56866666666667 -4.08166666666667 -2.45066666666667 -1.38566666666667 0.305333333333333 1.15233333333333 2.55433333333333 2.40066666666667 1.02133333333333 -0.896333333333333 -2.09966666666667 -3.081
0.494333333333333 -2.05166666666667 -3.436 -4.56866666666667 -4.08166666666667 -2.45066666666667 -1.38566666666667 0.305333333333333 1.15233333333333 2.55433333333333 2.40066666666667 1.02133333333333 -0.896333333333333 -2.09966666666667 -3.081 -3.97333333333333 -4.208 -3.76566666666667 -2.15666666666667 -1.126 0.625666666666667 0.683666666666667 0.941333333333333 -0.097 -0.566333333333333 -1.725 -2.44766666666667
-0.896333333333333 -2.09966666666667 -3.081 -3.97333333333333 -4.208 -3.76566666666667 -2.15666666666667 -1.126 0.625666666666667 0.683666666666667 0.941333333333333 -0.097 -0.566333333333333 -1.725 -2.44766666666667 -3.19766666666667 -3.265 -2.55133333333333 -0.835 1.72733333333333 3.29033333333333 3.58733333333333 2.83866666666667 1.13366666666667 -1.16433333333333 -3.79833333333333 -5.17366666666667
-0.566333333333333 -1.725 -2.44766666666667 -3.19766666666667 -3.265 -2.55133333333333 -0.835 1.72733333333333 3.29033333333333 3.58733333333333 2.83866666666667 1.13366666666667 -1.16433333333333 -3.79833333333333 -5.17366666666667 -5.59466666666667 -5.643 -5.30533333333333 -4.15833333333333 -2.16166666666667 -0.386 0.506333333333333 0.516666666666667 0.710666666666667 -0.166666666666667 -1.55366666666667 -3.63766666666667
-1.16433333333333 -3.79833333333333 -5.17366666666667 -5.59466666666667 -5.643 -5.30533333333333 -4.15833333333333 -2.16166666666667 -0.386 0.506333333333333 0.516666666666667 0.710666666666667 -0.166666666666667 -1.55366666666667 -3.63766666666667 -4.65233333333333 -4.933 -4.44166666666667 -3.07733333333333 -1.59133333333333 -0.000333333333333297 0.451 1.82733333333333 1.398 0.520333333333333 -0.664333333333333 -2.50166666666667
-0.166666666666667 -1.55366666666667 -3.63766666666667 -4.65233333333333 -4.933 -4.44166666666667 -3.07733333333333 -1.59133333333333 -0.000333333333333297 0.451 1.82733333333333 1.398 0.520333333333333 -0.664333333333333 -2.50166666666667 -3.11866666666667 -3.664 -2.281 -0.379666666666667 0.398666666666667 1.31266666666667 1.46833333333333 1.116 0.106666666666667 -0.766333333333333 -2.51566666666667 -2.331
0.520333333333333 -0.664333333333333 -2.50166666666667 -3.11866666666667 -3.664 -2.281 -0.379666666666667 0.398666666666667 1.31266666666667 1.46833333333333 1.116 0.106666666666667 -0.766333333333333 -2.51566666666667 -2.331 -3.632 -3.111 -2.439 -0.774 1.084 1.76733333333333 2.34033333333333 1.72633333333333 0.494666666666667 -0.0196666666666666 -1.65433333333333 -2.80066666666667
-0.766333333333333 -2.51566666666667 -2.331 -3.632 -3.111 -2.439 -0.774 1.084 1.76733333333333 2.34033333333333 1.72633333333333 0.494666666666667 -0.0196666666666666 -1.65433333333333 -2.80066666666667 -4.762 -4.165 -3.711 -2.034 -0.460333333333333 1.034 1.69133333333333 1.16233333333333 0.599666666666667 -1.091 -2.69566666666667 -4.434
-0.0196666666666666 -1.65433333333333 -2.80066666666667 -4.762 -4.165 -3.711 -2.034 -0.460333333333333 1.034 1.69133333333333 1.16233333333333 0.599666666666667 -1.091 -2.69566666666667 -4.434 -5.202 -5.06466666666667 -4.45533333333333 -3.01033333333333 -1.56133333333333 -1.155 -1.06433333333333 -0.691666666666667 -0.565333333333333 -0.556333333333333 -2.38333333333333 -2.683
-1.091 -2.69566666666667 -4.434 -5.202 -5.06466666666667 -4.45533333333333 -3.01033333333333 -1.56133333333333 -1.155 -1.06433333333333 -0.691666666666667 -0.565333333333333 -0.556333333333333 -2.38333333333333 -2.683 -3.557 -2.82833333333333 -2.97133333333333 -1.79766666666667 -1.12533333333333 0.127666666666667 0.092 0.607666666666667 0.847333333333333 0.772666666666667 -1.017 -3.12033333333333
-0.556333333333333 -2.38333333333333 -2.683 -3.557 -2.82833333333333 -2.97133333333333 -1.79766666666667 -1.12533333333333 0.127666666666667 0.092 0.607666666666667 0.847333333333333 0.772666666666667 -1.017 -3.12033333333333 -4.045 -3.87066666666667 -2.816 -1.464 0.641666666666667 1.93633333333333 2.38933333333333 1.61233333333333 2.114 0.585 -1.192 -4.135
0.772666666666667 -1.017 -3.12033333333333 -4.045 -3.87066666666667 -2.816 -1.464 0.641666666666667 1.93633333333333 2.38933333333333 1.61233333333333 2.114 0.585 -1.192 -4.135 -4.32 -3.81 -2.45733333333333 -1.39433333333333 0.347666666666667 1.914 2.99166666666667 3.138 2.278 -0.363666666666667 -2.35866666666667 -4.55033333333333
0.585 -1.192 -4.135 -4.32 -3.81 -2.45733333333333 -1.39433333333333 0.347666666666667 1.914 2.99166666666667 3.138 2.278 -0.363666666666667 -2.35866666666667 -4.55033333333333 -5.047 -5.22033333333333 -4.34266666666667 -2.71833333333333 -1.094 0.871666666666667 1.667 2.43233333333333 1.90233333333333 0.147666666666667 -1.97433333333333 -3.5
-0.363666666666667 -2.35866666666667 -4.55033333333333 -5.047 -5.22033333333333 -4.34266666666667 -2.71833333333333 -1.094 0.871666666666667 1.667 2.43233333333333 1.90233333333333 0.147666666666667 -1.97433333333333 -3.5 -3.186 -3.01133333333333 -2.79166666666667 -2.088 -0.634666666666667 1.21366666666667 2.01066666666667 1.95066666666667 0.469 -0.765 -2.28833333333333 -3.08066666666667
0.147666666666667 -1.97433333333333 -3.5 -3.186 -3.01133333333333 -2.79166666666667 -2.088 -0.634666666666667 1.21366666666667 2.01066666666667 1.95066666666667 0.469 -0.765 -2.28833333333333 -3.08066666666667 -3.62366666666667 -3.157 -1.90166666666667 -0.607333333333333 1.13366666666667 2.31 3.73466666666667 3.113 1.346 -0.803333333333333 -2.73666666666667 -3.37866666666667
-0.765 -2.28833333333333 -3.08066666666667 -3.62366666666667 -3.157 -1.90166666666667 -0.607333333333333 1.13366666666667 2.31 3.73466666666667 3.113 1.346 -0.803333333333333 -2.73666666666667 -3.37866666666667 -4.184 -3.97466666666667 -3.173 -2.48966666666667 -1.523 -1.08266666666667 -0.076 0.459 -0.222666666666667 -1.323 -2.77466666666667 -3.19033333333333
-0.803333333333333 -2.73666666666667 -3.37866666666667 -4.184 -3.97466666666667 -3.173 -2.48966666666667 -1.523 -1.08266666666667 -0.076 0.459 -0.222666666666667 -1.323 -2.77466666666667 -3.19033333333333 -3.731 -3.41833333333333 -2.54733333333333 -1.987 -1.244 -1.31333333333333 -0.106 -0.298666666666667 0.157666666666667 -0.142333333333333 -0.237666666666667 -1.58666666666667
-1.323 -2.77466666666667 -3.19033333333333 -3.731 -3.41833333333333 -2.54733333333333 -1.987 -1.244 -1.31333333333333 -0.106 -0.298666666666667 0.157666666666667 -0.142333333333333 -0.237666666666667 -1.58666666666667 -2.09633333333333 -1.81833333333333 -0.793333333333333 0.100333333333333 1.06 2.68266666666667 3.10933333333333 2.45666666666667 0.582666666666667 -1.16333333333333 -3.03633333333333 -4.11966666666667
-0.142333333333333 -0.237666666666667 -1.58666666666667 -2.09633333333333 -1.81833333333333 -0.793333333333333 0.100333333333333 1.06 2.68266666666667 3.10933333333333 2.45666666666667 0.582666666666667 -1.16333333333333 -3.03633333333333 -4.11966666666667 -4.74933333333333 -4.79766666666667 -4.79166666666667 -4.31 -3.275 -2.09233333333333 -1.437 -1.291 -1.589 -2.09833333333333 -3.19633333333333 -3.14633333333333
-1.16333333333333 -3.03633333333333 -4.11966666666667 -4.74933333333333 -4.79766666666667 -4.79166666666667 -4.31 -3.275 -2.09233333333333 -1.437 -1.291 -1.589 -2.09833333333333 -3.19633333333333 -3.14633333333333 -3.50533333333333 -2.67466666666667 -2.806 -2.03733333333333 -0.902666666666667 -0.0906666666666667 0.172333333333333 -0.838333333333333 -0.917333333333333 -1.95366666666667 -2.75266666666667 -4.12166666666667
-2.09833333333333 -3.19633333333333 -3.14633333333333 -3.50533333333333 -2.67466666666667 -2.806 -2.03733333333333 -0.902666666666667 -0.0906666666666667 0.172333333333333 -0.838333333333333 -0.917333333333333 -1.95366666666667 -2.75266666666667 -4.12166666666667 -4.115 -3.87533333333333 -2.723 -2.04266666666667 -0.719333333333333 0.0160000000000001 0.308666666666667 0.156 -1.09266666666667 -1.57166666666667 -2.84933333333333 -3.576
-1.95366666666667 -2.75266666666667 -4.12166666666667 -4.115 -3.87533333333333 -2.723 -2.04266666666667 -0.719333333333333 0.0160000000000001 0.308666666666667 0.156 -1.09266666666667 -1.57166666666667 -2.84933333333333 -3.576 -4.24533333333333 -4.17033333333333 -3.08466666666667 -1.46333333333333 0.319666666666667 1.74666666666667 1.707 1.45333333333333 0.681 -0.141666666666667 -1.83833333333333 -3.028
-1.57166666666667 -2.84933333333333 -3.576 -4.24533333333333 -4.17033333333333 -3.08466666666667 -1.46333333333333 0.319666666666667 1.74666666666667 1.707 1.45333333333333 0.681 -0.141666666666667 -1.83833333333333 -3.028 -3.24033333333333 -2.693 -1.75166666666667 -0.742 1.25966666666667 2.68166666666667 3.99233333333333 3.64366666666667 2.054 -0.290666666666667 -2.14166666666667 -3.35733333333333
-0.141666666666667 -1.83833333333333 -3.028 -3.24033333333333 -2.693 -1.75166666666667 -0.742 1.25966666666667 2.68166666666667 3.99233333333333 3.64366666666667 2.054 -0.290666666666667 -2.14166666666667 -3.35733333333333 -3.61233333333333 -3.043 -1.37466666666667 -0.338333333333333 0.903333333333333 1.218 2.40166666666667 2.41366666666667 2.21866666666667 0.497 -1.64366666666667 -2.67466666666667
-0.290666666666667 -2.14166666666667 -3.35733333333333 -3.61233333333333 -3.043 -1.37466666666667 -0.338333333333333 0.903333333333333 1.218 2.40166666666667 2.41366666666667 2.21866666666667 0.497 -1.64366666666667 -2.67466666666667 -2.63166666666667 -1.19866666666667 -1.25566666666667 0.763333333333333 1.099 3.20366666666667 2.22933333333333 2.88333333333333 1.729 0.952 -0.892666666666667 -2.66833333333333
0.497 -1.64366666666667 -2.67466666666667 -2.63166666666667 -1.19866666666667 -1.25566666666667 0.763333333333333 1.099 3.20366666666667 2.22933333333333 2.88333333333333 1.729 0.952 -0.892666666666667 -2.66833333333333 -3.36133333333333 -2.94733333333333 -1.91366666666667 -1.21533333333333 -0.212666666666667 0.815666666666667 1.95666666666667 1.296 0.615666666666666 -1.16733333333333 -2.45833333333333 -4.02733333333333
0.952 -0.892666666666667 -2.66833333333333 -3.36133333333333 -2.94733333333333 -1.91366666666667 -1.21533333333333 -0.212666666666667 0.815666666666667 1.95666666666667 1.296 0.615666666666666 -1.16733333333333 -2.45833333333333 -4.02733333333333 -4.31866666666667 -4.25066666666667 -3.08033333333333 -1.96666666666667 0.467 2.156 3.41566666666667 3.47033333333333 1.691 -0.267666666666667 -2.94866666666667 -3.59966666666667
-1.16733333333333 -2.45833333333333 -4.02733333333333 -4.31866666666667 -4.25066666666667 -3.08033333333333 -1.96666666666667 0.467 2.156 3.41566666666667 3.47033333333333 1.691 -0.267666666666667 -2.94866666666667 -3.59966666666667 -3.71066666666667 -3.182 -2.10833333333333 -1.98166666666667 -0.915333333333333 -0.331 1.02333333333333 1.00566666666667 1.33333333333333 -0.520333333333333 -1.94933333333333 -4.219
-0.267666666666667 -2.94866666666667 -3.59966666666667 -3.71066666666667 -3.182 -2.10833333333333 -1.98166666666667 -0.915333333333333 -0.331 1.02333333333333 1.00566666666667 1.33333333333333 -0.520333333333333 -1.94933333333333 -4.219 -4.33633333333333 -4.16633333333333 -2.807 -2.07466666666667 -1.118 -1.08766666666667 -0.233666666666667 -0.694333333333333 -1.90166666666667 -2.96033333333333 -3.25733333333333 -3.37233333333333
-0.520333333333333 -1.94933333333333 -4.219 -4.33633333333333 -4.16633333333333 -2.807 -2.07466666666667 -1.118 -1.08766666666667 -0.233666666666667 -0.694333333333333 -1.90166666666667 -2.96033333333333 -3.25733333333333 -3.37233333333333 -3.61633333333333 -3.58933333333333 -2.64833333333333 -1.40933333333333 0.786666666666667 2.052 3.18933333333333 2.64166666666667 1.59533333333333 -0.108333333333333 -2.279 -3.46166666666667
-2.96033333333333 -3.25733333333333 -3.37233333333333 -3.61633333333333 -3.58933333333333 -2.64833333333333 -1.40933333333333 0.786666666666667 2.052 3.18933333333333 2.64166666666667 1.59533333333333 -0.108333333333333 -2.279 -3.46166666666667 -3.91266666666667 -3.86666666666667 -3.76166666666667 -3.78966666666667 -3.45566666666667 -2.62966666666667 -2.66933333333333 -2.254 -2.913 -2.87466666666667 -3.386 -3.03166666666667
-0.108333333333333 -2.279 -3.46166666666667 -3.91266666666667 -3.86666666666667 -3.76166666666667 -3.78966666666667 -3.45566666666667 -2.62966666666667 -2.66933333333333 -2.254 -2.913 -2.87466666666667 -3.386 -3.03166666666667 -2.99766666666667 -2.354 -1.91266666666667 -1.18966666666667 -0.12 0.857333333333333 1.73266666666667 0.737 -0.603666666666667 -2.58766666666667 -3.64966666666667 -4.255
-2.87466666666667 -3.386 -3.03166666666667 -2.99766666666667 -2.354 -1.91266666666667 -1.18966666666667 -0.12 0.857333333333333 1.73266666666667 0.737 -0.603666666666667 -2.58766666666667 -3.64966666666667 -4.255 -4.288 -3.773 -2.30633333333333 -0.658 0.651333333333333 1.156 1.79133333333333 1.53833333333333 -0.185333333333333 -2.59466666666667 -4.071 -4.62733333333333
-2.58766666666667 -3.64966666666667 -4.255 -4.288 -3.773 -2.30633333333333 -0.658 0.651333333333333 1.156 1.79133333333333 1.53833333333333 -0.185333333333333 -2.59466666666667 -4.071 -4.62733333333333 -4.138 -3.883 -3.27133333333333 -2.59766666666667 -1.58966666666667 -0.517333333333333 0.558666666666667 1.779 0.576666666666667 -1.604 -3.04466666666667 -2.61866666666667
