384.351881382393
506.079720884366
506.079720884366
384.351881382393
276.903727649727
384.351881382393
506.079720884366
532.897284557209
276.903727649727
506.079720884366
506.079720884366
276.903727649727
276.903727649727
506.079720884366
312.760194520807
506.079720884366
384.351881382393
276.903727649727
276.903727649727
276.903727649727
506.079720884366
276.903727649727
532.897284557209
384.351881382393
506.079720884366
506.079720884366
384.351881382393
276.903727649727
532.897284557209
506.079720884366
532.897284557209
312.760194520807
276.903727649727
532.897284557209
276.903727649727
506.079720884366
276.903727649727
532.897284557209
506.079720884366
506.079720884366
291.798812509801
384.351881382393
312.760194520807
506.079720884366
506.079720884366
276.903727649727
276.903727649727
312.760194520807
291.798812509801
506.079720884366
312.760194520807
506.079720884366
506.079720884366
291.798812509801
506.079720884366
506.079720884366
506.079720884366
506.079720884366
276.903727649727
312.760194520807
506.079720884366
506.079720884366
532.897284557209
312.760194520807
506.079720884366
506.079720884366
506.079720884366
506.079720884366
506.079720884366
276.903727649727
312.760194520807
506.079720884366
276.903727649727
276.903727649727
532.897284557209
532.897284557209
506.079720884366
506.079720884366
506.079720884366
506.079720884366
506.079720884366
276.903727649727
532.897284557209
384.351881382393
506.079720884366
506.079720884366
506.079720884366
312.760194520807
506.079720884366
384.351881382393
506.079720884366
312.760194520807
532.897284557209
506.079720884366
506.079720884366
276.903727649727
532.897284557209
532.897284557209
532.897284557209
291.798812509801
506.079720884366
506.079720884366
506.079720884366
506.079720884366
291.798812509801
276.903727649727
312.760194520807
291.798812509801
506.079720884366
506.079720884366
506.079720884366
506.079720884366
506.079720884366
532.897284557209
506.079720884366
506.079720884366
506.079720884366
276.903727649727
506.079720884366
506.079720884366
506.079720884366
276.903727649727
506.079720884366
291.798812509801
506.079720884366
506.079720884366
384.351881382393
276.903727649727
506.079720884366
506.079720884366
291.798812509801
276.903727649727
276.903727649727
291.798812509801
276.903727649727
312.760194520807
506.079720884366
506.079720884366
506.079720884366
312.760194520807
532.897284557209
384.351881382393
506.079720884366
312.760194520807
276.903727649727
506.079720884366
384.351881382393
506.079720884366
506.079720884366
506.079720884366
384.351881382393
532.897284557209
506.079720884366
291.798812509801
506.079720884366
276.903727649727
312.760194520807
291.798812509801
506.079720884366
312.760194520807
276.903727649727
276.903727649727
384.351881382393
291.798812509801
276.903727649727
506.079720884366
276.903727649727
276.903727649727
291.798812509801
312.760194520807
312.760194520807
506.079720884366
384.351881382393
506.079720884366
384.351881382393
506.079720884366
384.351881382393
506.079720884366
506.079720884366
291.798812509801
276.903727649727
291.798812509801
276.903727649727
291.798812509801
276.903727649727
506.079720884366
506.079720884366
276.903727649727
312.760194520807
312.760194520807
312.760194520807
506.079720884366
506.079720884366
506.079720884366
506.079720884366
276.903727649727
506.079720884366
506.079720884366
506.079720884366
506.079720884366
291.798812509801
276.903727649727
506.079720884366
291.798812509801
384.351881382393
291.798812509801
384.351881382393
384.351881382393
506.079720884366
506.079720884366
276.903727649727
506.079720884366
276.903727649727
312.760194520807
506.079720884366
291.798812509801
506.079720884366
291.798812509801
506.079720884366
506.079720884366
276.903727649727
506.079720884366
506.079720884366
506.079720884366
506.079720884366
506.079720884366
312.760194520807
506.079720884366
384.351881382393
532.897284557209
276.903727649727
506.079720884366
384.351881382393
291.798812509801
506.079720884366
312.760194520807
276.903727649727
506.079720884366
276.903727649727
532.897284557209
312.760194520807
506.079720884366
384.351881382393
506.079720884366
384.351881382393
532.897284557209
506.079720884366
532.897284557209
506.079720884366
384.351881382393
312.760194520807
506.079720884366
506.079720884366
532.897284557209
312.760194520807
312.760194520807
312.760194520807
506.079720884366
506.079720884366
384.351881382393
384.351881382393
532.897284557209
276.903727649727
276.903727649727
506.079720884366
506.079720884366
384.351881382393
384.351881382393
506.079720884366
291.798812509801
506.079720884366
312.760194520807
384.351881382393
506.079720884366
506.079720884366
384.351881382393
506.079720884366
506.079720884366
276.903727649727
276.903727649727
532.897284557209
532.897284557209
506.079720884366
276.903727649727
312.760194520807
506.079720884366
312.760194520807
291.798812509801
276.903727649727
506.079720884366
506.079720884366
506.079720884366
384.351881382393
276.903727649727
291.798812509801
384.351881382393
506.079720884366
276.903727649727
276.903727649727
506.079720884366
