1948 1013.140 1013.776 1012.855 1011.273 1010.065 1009.687 1009.468 1006.281 1008.462 1008.235 1008.917 1011.848
1949 1013.108 1013.059 1012.280 1011.916 1010.911 1009.776 1009.445 1009.124 1008.429 1008.562 1009.467 1009.856
1950 1011.041 1011.164 1011.259 1009.763 1008.939 1008.983 1007.966 1008.083 1008.138 1009.420 1008.560 1011.161
1951 1012.768 1011.065 1012.280 1011.163 1010.655 1009.652 1009.812 1008.230 1009.649 1009.374 1010.980 1011.877
1952 1013.783 1012.863 1012.260 1012.226 1010.113 1009.527 1008.984 1007.995 1009.082 1008.491 1008.773 1011.961
1953 1013.284 1014.132 1012.236 1010.917 1010.674 1009.708 1009.810 1006.836 1009.763 1010.094 1010.184 1011.470
1954 1011.499 1012.111 1012.211 1011.141 1010.018 1009.993 1009.288 1007.645 1007.619 1009.374 1008.786 1011.413
1955 1014.611 1010.964 1012.043 1010.265 1009.726 1010.280 1009.362 1009.340 1008.985 1008.745 1009.394 1010.492
1956 1011.432 1011.359 1012.698 1009.891 1010.200 1010.319 1008.695 1008.341 1008.135 1009.642 1009.588 1011.263
1957 1012.119 1013.215 1013.029 1011.903 1011.013 1009.544 1009.463 1006.862 1008.376 1010.297 1010.998 1012.519
1958 1014.957 1013.659 1013.957 1012.631 1010.562 1008.836 1008.329 1009.214 1008.115 1008.779 1010.202 1011.992
1959 1014.859 1014.812 1013.120 1011.506 1010.438 1010.404 1009.408 1007.422 1007.998 1009.745 1009.073 1011.248
1960 1012.723 1012.815 1012.185 1010.915 1009.716 1009.379 1009.474 1006.879 1008.880 1008.163 1011.440 1010.535
1961 1012.673 1011.760 1012.987 1011.397 1009.718 1008.452 1008.482 1007.386 1007.196 1008.719 1012.123 1011.106
1962 1011.933 1013.766 1012.436 1010.739 1010.224 1010.062 1007.246 1009.513 1008.584 1008.824 1009.845 1012.184
1963 1012.531 1014.913 1013.095 1011.409 1010.018 1008.751 1008.760 1008.310 1008.622 1009.397 1012.347 1012.039
1964 1013.540 1013.811 1012.945 1011.304 1008.580 1008.861 1008.993 1006.796 1007.904 1008.633 1008.488 1010.364
1965 1011.413 1011.797 1012.104 1011.744 1009.804 1010.003 1007.756 1009.087 1008.068 1010.733 1012.063 1012.423
1966 1014.938 1013.418 1012.066 1011.276 1010.422 1010.681 1008.935 1008.271 1007.473 1010.174 1010.232 1010.547
1967 1012.808 1012.920 1012.648 1011.708 1009.768 1008.474 1006.912 1007.126 1007.665 1008.540 1010.984 1012.966
1968 1011.995 1013.420 1012.518 1012.630 1010.477 1010.579 1008.228 1007.868 1007.257 1009.794 1011.219 1012.697
1969 1013.320 1013.802 1013.713 1013.077 1010.592 1010.119 1008.557 1010.060 1007.183 1009.786 1009.597 1011.895
1970 1013.619 1013.491 1012.564 1012.743 1010.906 1009.905 1009.416 1007.314 1008.717 1008.700 1010.525 1011.137
1971 1011.903 1011.316 1011.016 1009.184 1009.255 1009.831 1007.256 1009.222 1008.496 1009.606 1010.160 1011.478
1972 1011.118 1011.011 1012.689 1012.457 1010.483 1009.271 1005.638 1009.245 1009.063 1010.975 1012.415 1013.329
1973 1013.711 1015.217 1014.033 1012.295 1011.380 1009.920 1008.981 1008.802 1011.061 1008.358 1009.971 1010.829
1974 1010.641 1011.606 1012.365 1010.729 1010.138 1008.469 1008.707 1006.581 1009.588 1007.735 1008.106 1011.476
1975 1013.333 1013.277 1012.159 1011.463 1010.164 1010.097 1009.134 1007.548 1009.204 1008.768 1009.622 1010.934
1976 1011.740 1012.227 1011.936 1010.988 1008.787 1008.948 1008.583 1009.378 1008.347 1011.351 1010.053 1011.008
1977 1011.494 1013.470 1014.420 1012.372 1010.643 1010.233 1007.957 1007.955 1007.419 1010.274 1010.704 1012.878
1978 1013.997 1015.402 1013.226 1012.185 1009.453 1009.191 1007.352 1007.432 1008.678 1007.975 1009.967 1012.966
1979 1014.000 1013.126 1012.752 1011.558 1010.343 1010.367 1009.217 1007.890 1009.729 1008.272 1010.518 1012.222
1980 1012.966 1014.186 1013.469 1012.273 1010.232 1010.783 1009.249 1009.164 1007.997 1010.301 1010.492 1010.752
1981 1013.079 1013.541 1014.641 1012.391 1010.449 1009.296 1008.746 1006.273 1008.949 1009.683 1010.366 1012.114
1982 1012.830 1013.041 1012.548 1012.018 1010.711 1009.710 1007.690 1007.954 1008.984 1010.064 1012.312 1012.679
1983 1015.644 1015.857 1015.178 1013.676 1012.204 1010.893 1009.866 1008.962 1009.555 1010.105 1009.473 1012.471
1984 1012.442 1012.379 1012.775 1011.199 1010.027 1008.719 1008.677 1006.002 1009.659 1008.365 1010.167 1010.024
1985 1011.442 1010.628 1012.248 1008.886 1009.026 1007.311 1009.346 1007.243 1008.868 1009.861 1011.008 1010.377
1986 1012.264 1012.266 1012.497 1012.012 1009.240 1008.392 1008.754 1004.865 1008.536 1011.211 1010.871 1012.205
1987 1014.551 1015.232 1014.762 1012.706 1011.737 1009.261 1009.061 1009.310 1008.328 1010.058 1010.556 1012.393
1988 1012.427 1013.173 1011.884 1012.223 1010.067 1009.821 1008.554 1010.372 1008.494 1007.345 1010.582 1010.766
1989 1011.156 1011.491 1011.315 1010.127 1010.049 1009.765 1008.272 1007.584 1008.480 1008.785 1010.721 1012.116
1990 1013.079 1015.211 1014.099 1011.664 1009.812 1008.676 1008.047 1006.613 1008.568 1010.534 1009.373 1012.758
1991 1013.875 1014.283 1013.600 1011.875 1011.046 1010.161 1009.071 1006.666 1008.374 1007.755 1010.807 1013.695
1992 1015.264 1015.072 1015.274 1012.333 1010.642 1009.234 1010.151 1007.385 1008.323 1007.760 1010.328 1014.555
1993 1013.538 1014.367 1013.947 1012.707 1011.679 1010.728 1009.144 1008.954 1009.696 1010.188 1010.830 1011.255
1994 1012.601 1012.756 1013.725 1010.953 1009.849 1009.836 1006.371 1008.274 1007.492 1009.397 1012.801 1013.706
1995 1014.723 1014.412 1013.443 1012.631 1010.823 1010.405 1009.734 1009.404 1009.357 1008.977 1010.664 1011.932
1996 1012.204 1012.737 1012.519 1010.481 1009.939 1011.136 1007.860 1009.447 1006.662 1009.801 1008.684 1011.464
1997 1012.988 1012.551 1013.891 1012.196 1010.590 1009.525 1008.297 1007.804 1010.923 1011.963 1012.976 1013.736
1998 1015.536 1015.960 1015.302 1014.358 1011.785 1011.405 1010.349 1010.184 1008.816 1009.697 1010.044 1010.915
1999 1010.867 1012.574 1009.641 1009.543 1010.289 1009.812 1007.704 1009.550 1009.263 1010.489 1009.284 1010.921
2000 1012.310 1011.697 1010.846 1010.660 1008.555 1010.181 1007.672 1007.482 1008.347 1008.990 1009.778 1009.619
2001 1011.323 1010.520 1011.761 1010.877 1009.860 1008.866 1007.143 1006.071 1008.874 1009.306 1009.223 1013.467
2002 1014.138 1014.849 1012.123 1011.655 1010.065 1009.520 1006.940 1007.797 1008.975 1009.680 1010.721 1013.472
2003 1014.165 1014.080 1013.513 1011.034 1008.809 1009.887 1009.378 1008.533 1008.503 1008.744 1009.703 1012.634
2004 1013.634 1012.325 1011.463 1010.492 1010.600 1007.401 1010.328 1005.900 1010.563 1008.903 1010.751 1011.317
2005 1013.079 1014.948 1013.922 1012.406 1010.631 1009.807 1008.806 1008.263 1008.404 1010.027 1010.236 1012.452
2006 1012.691 1014.217 1012.462 1012.033 1011.418 1010.628 1007.874 1007.265 1009.313 1008.621 1011.732 1011.901
2007 1013.596 1013.294 1012.881 1012.152 1010.496 1009.517 1009.060 1008.431 1007.523 1008.830 1008.126 1011.043
2008 1012.250 1012.226 1011.959 1011.044 1008.467 1010.481 1009.022 1009.352 1008.484 1010.950 1011.256 1010.681
2009 1012.277 1011.838 1012.124 1010.856 1009.309 1009.384 1007.560 1006.893 1006.254 1008.340 1009.964 1011.918
2010 1013.973 1014.375 1013.350 1012.966 1010.274 1010.359 1010.609 1009.284 1010.049 1008.695 1010.451 1009.096
2011 1011.340 1011.080 1011.654 1010.767 1009.679 1009.004 1007.008 1007.208 1007.458 1009.769 1010.553 1010.815
2012 1012.253 1011.755 1011.948 1011.980 1008.668 1007.992 1007.293 1007.669 1007.919 1008.964 1011.674 1011.682
2013 1012.755 1012.920 1012.473 1010.879 1010.371 1008.449 1008.971 1008.646 1007.078 1007.575 1011.233 1011.105
2014 1012.222 1012.522 1013.245 1010.635 1010.820 1008.364 1007.054 -999.999 -999.999 -999.999 -999.999 -999.999