1948    1.928    2.536    0.646   -2.143    0.275    0.783    3.685   -0.713   -1.796   -3.963   -4.180   -0.553
1949    2.445    5.881    3.090    1.279    0.274    2.438   -1.109    1.621   -2.040   -0.491   -2.695    2.712
1950    4.384    2.390    0.498   -0.084   -1.471    0.170   -2.446   -0.032   -2.354   -1.411   -1.972    0.336
1951    2.583    0.544   -0.438   -1.285    0.806    1.921    1.007   -0.798   -0.246   -2.578   -0.039    0.788
1952    2.475    2.786    1.954   -1.047   -0.536    2.195   -0.067   -0.175   -1.420   -2.710   -2.192    0.609
1953    5.308    1.531    0.746   -1.582   -1.181    2.282   -0.242   -1.438   -1.349   -0.865   -0.385   -2.626
1954    3.896    1.365   -0.157   -1.521    0.621    2.008    1.709   -2.897   -5.533    0.072   -0.756    0.470
1955    3.817    2.125   -1.595   -1.226    0.874    2.326   -1.617   -0.002   -2.174   -2.275   -2.424    1.665
1956    4.680    3.981   -0.149   -0.020   -0.454    1.516    1.491    1.241   -2.833   -4.200   -2.038    3.066
1957    1.512    1.909    3.911   -1.260   -0.458    2.719    1.974   -3.543   -1.474   -2.224   -3.063    1.067
1958    3.416    2.104    2.150   -0.456    0.578    1.011   -0.485   -0.796   -1.559   -3.635   -1.416   -1.111
1959    3.669   -0.517    0.599   -2.415    0.395    1.816   -0.132   -0.275   -2.752   -1.773   -2.400   -1.128
1960    3.461    1.398    0.614   -1.295   -0.040   -0.099    1.418   -4.746   -2.882   -3.547   -1.099    1.324
1961    2.896    5.054    0.397   -2.547   -0.679   -0.712   -0.368   -0.771   -4.640   -5.548   -2.006    3.770
1962    5.885    5.285    2.046   -2.818    0.515    0.460   -1.042   -1.688   -2.102   -3.605   -1.595    0.360
1963   10.064    6.195    1.684   -4.361   -2.484   -1.623   -1.265   -0.028    0.167   -3.763   -0.770   -1.240
1964    2.031    3.965    1.954   -4.359   -2.029    0.818   -1.356   -1.364   -1.983   -4.029   -2.176   -2.102
1965    1.800    2.649    2.625   -0.267   -1.294    2.464    0.218   -0.550   -2.549   -2.619   -2.262    1.978
1966    5.004    1.042    2.272   -0.297   -1.112    1.159   -2.220   -2.229   -3.531   -3.184   -2.257    2.045
1967    3.075    1.980   -0.926   -3.258   -1.869    2.244   -3.969    0.451   -3.849   -2.283   -3.988   -0.081
1968    4.853    3.501   -0.089   -2.572   -0.324    0.641   -0.445   -1.705   -4.245   -1.771   -3.385    0.408
1969    3.614    0.975    0.390   -0.585    1.217    0.093   -1.266   -0.258   -2.593   -2.253   -3.585   -0.520
1970    3.340    1.760    2.056   -0.861   -1.495    0.399   -0.226   -3.524   -1.787   -3.938   -0.779    0.834
1971    2.788    1.414   -0.749   -2.973   -1.808    3.042   -0.318   -2.365   -1.345   -2.033   -1.991   -1.530
1972   -0.698    2.152    1.509   -2.775   -0.478    0.531   -4.743   -1.850   -2.750   -4.013   -0.619    0.339
1973   -0.231    2.968    4.158   -0.431   -0.216    2.719   -0.683   -4.336   -0.455   -2.850   -1.261    1.835
1974    4.631    1.467    0.326   -2.465   -3.361    0.981   -0.029   -3.439   -1.768   -1.811   -2.343    0.433
1975    3.821    3.966    1.865    0.166   -0.707    1.457   -1.714   -2.451   -2.076   -2.378   -3.629    1.348
1976    3.107   -0.296   -0.393   -2.270   -1.379   -0.182   -2.384   -0.719   -2.869   -1.183   -2.786    0.865
1977    2.327    2.610   -1.352   -0.967   -1.163    1.821    0.610    0.312   -3.660   -4.255   -3.316   -0.653
1978    5.552    5.810    1.500   -0.177   -1.956   -1.867   -3.895   -2.984   -1.154   -3.539   -2.567   -1.145
1979    0.844    1.937    1.365   -1.443   -1.233   -2.883    1.231   -2.180   -4.188   -3.357   -4.586   -2.192
1980    3.252    3.797    0.908   -2.649   -1.785    0.910    1.091    0.577   -3.725   -3.225   -1.962    3.779
1981    5.706    3.712    0.437   -0.505    0.415    1.155   -2.837   -3.252   -1.700   -2.192   -1.950   -0.520
1982    2.380    2.563   -0.486   -2.286   -1.119    0.930   -0.896   -3.016   -3.738   -3.327   -1.816    0.291
1983    2.761    3.601    1.776   -2.578    0.046    1.899    0.862   -0.454   -0.981   -2.362   -0.579    2.787
1984    4.592    3.475    1.906   -3.233    0.230   -1.927   -0.517   -1.763   -1.608   -2.915   -3.170   -0.549
1985    1.970    2.917   -2.792   -2.685   -2.828   -0.001   -0.720   -4.986   -1.766   -2.226   -0.574   -0.046
1986    3.670    4.205    1.897   -2.665   -1.355   -0.175   -1.085   -5.859   -2.159   -0.967   -1.896   -1.360
1987    1.873    3.629    2.991   -1.569   -2.145   -0.305    0.233   -0.738   -4.115   -2.912   -2.459   -0.436
1988    1.117    2.890    0.406   -1.863   -0.968    1.914   -0.134    0.611   -2.101   -1.700    0.615   -0.735
1989   -1.520   -1.462    1.289   -2.160   -0.484    0.715   -3.156   -2.814   -3.914   -3.620   -3.131    1.082
1990    0.336   -1.283    1.596   -1.070   -1.989   -0.348   -1.363   -2.678   -3.953   -2.967   -3.947    0.731
1991    4.821    4.408   -0.750   -1.397   -0.211    1.596    1.316   -2.847   -3.520   -2.480   -3.253   -0.904
1992    2.181    4.359    0.848    0.615   -0.501    1.507    1.128   -4.558   -2.980   -3.620   -4.916    0.941
1993    1.189    3.385    2.291    1.448    0.053    2.145   -1.124   -1.262   -2.237   -3.119   -4.453   -1.117
1994    1.764    5.073    0.724   -1.429   -2.110    1.949   -0.610   -3.673   -1.724   -3.376   -3.000    0.166
1995    4.112    3.834    1.749   -0.691   -1.849    2.101    0.109   -0.934   -0.926   -3.031    0.229    3.458
1996    2.565    1.924    2.201    0.733   -1.211    1.365   -1.662    1.098   -2.005   -2.307   -3.316   -1.616
1997    4.945    2.755   -0.512   -2.147   -0.584   -1.024   -0.929   -3.137   -1.807   -0.268   -2.748   -1.086
1998    3.253    2.183    2.163   -1.987   -1.734    1.220    0.510   -0.084   -3.195   -2.082   -2.114   -1.096
1999    2.889    1.780   -2.376   -1.093   -1.457    0.383   -1.697   -0.860   -2.386   -1.770   -3.651   -0.037
2000   -0.513    4.743    1.123   -0.528   -1.266    0.523   -1.542   -1.840   -3.510   -1.845   -2.027   -0.874
2001    3.178   -0.100    2.755   -2.222   -0.503    1.111   -2.168   -4.110   -3.097   -3.196   -1.398    1.040
2002    4.039    1.821   -0.183   -1.083   -1.587    1.233   -3.444   -3.402   -3.535   -2.131    0.950    1.255
2003    3.980    3.517    0.993   -1.214   -3.222    0.428    0.607   -2.705   -3.208   -3.457   -4.550    1.664
2004    3.446    1.321   -1.909   -1.100   -1.903   -3.722    0.025   -5.086   -6.067   -5.275   -3.758   -2.717
2005    3.741    3.000    0.438   -2.017   -0.246    0.764   -0.126   -1.127   -4.184   -2.616   -0.587    5.363
2006    1.751   -0.364    2.005    1.180   -2.648    0.321   -0.787   -3.831   -2.297   -3.992   -1.150   -0.732
2007    1.349    1.322    0.254   -1.052    0.702    0.183    1.310   -3.672   -4.224   -3.014   -1.916    0.463
2008    2.011    3.172    0.939   -0.742   -0.333    1.001   -1.212    0.327    0.114   -1.554   -0.097   -0.720
2009    0.782    2.378   -0.332   -0.800   -2.098    1.280   -3.231   -2.958   -2.932   -1.463   -3.649    1.546
2010    3.778    1.461   -0.644   -2.076   -1.059   -1.227   -2.053   -3.591   -1.302   -2.524   -1.243    1.435
2011    5.694   -1.225    1.329   -2.206   -0.251    0.574   -2.481   -4.557   -4.144   -3.292   -3.030    1.195
2012    2.839    1.303    0.635   -1.600   -1.073    1.269   -2.429   -4.690   -4.022   -2.702    0.690    1.603
2013    3.329    1.434   -0.328   -0.934   -1.367    1.078    0.378    1.525   -5.989   -5.713   -0.838    3.223
2014   -0.025   -0.438    0.270   -2.655   -1.052    0.817   -0.655 -999.999 -999.999 -999.999 -999.999 -999.999