446.488610166172
265.416632842317
659.856269823347
265.416632842317
265.416632842317
446.488610166172
249.406745819563
249.406745819563
659.856269823347
265.416632842317
265.416632842317
265.416632842317
265.416632842317
249.406745819563
249.406745819563
249.406745819563
249.406745819563
416.592411990904
265.416632842317
265.416632842317
249.406745819563
249.406745819563
249.406745819563
249.406745819563
416.592411990904
249.406745819563
416.592411990904
249.406745819563
446.488610166172
249.406745819563
265.416632842317
341.340907493058
249.406745819563
249.406745819563
416.592411990904
341.340907493058
249.406745819563
265.416632842317
265.416632842317
341.340907493058
659.856269823347
249.406745819563
446.488610166172
446.488610166172
249.406745819563
249.406745819563
446.488610166172
249.406745819563
265.416632842317
249.406745819563
249.406745819563
341.340907493058
249.406745819563
659.856269823347
446.488610166172
249.406745819563
249.406745819563
416.592411990904
249.406745819563
249.406745819563
265.416632842317
265.416632842317
249.406745819563
659.856269823347
341.340907493058
446.488610166172
249.406745819563
659.856269823347
265.416632842317
249.406745819563
446.488610166172
249.406745819563
249.406745819563
416.592411990904
249.406745819563
249.406745819563
659.856269823347
659.856269823347
416.592411990904
446.488610166172
249.406745819563
341.340907493058
249.406745819563
659.856269823347
249.406745819563
416.592411990904
659.856269823347
446.488610166172
659.856269823347
659.856269823347
416.592411990904
249.406745819563
249.406745819563
249.406745819563
659.856269823347
659.856269823347
446.488610166172
341.340907493058
416.592411990904
249.406745819563
249.406745819563
249.406745819563
249.406745819563
341.340907493058
446.488610166172
249.406745819563
446.488610166172
249.406745819563
249.406745819563
446.488610166172
416.592411990904
446.488610166172
249.406745819563
249.406745819563
416.592411990904
341.340907493058
446.488610166172
446.488610166172
249.406745819563
249.406745819563
249.406745819563
446.488610166172
265.416632842317
659.856269823347
446.488610166172
265.416632842317
249.406745819563
446.488610166172
446.488610166172
249.406745819563
265.416632842317
249.406745819563
416.592411990904
446.488610166172
446.488610166172
659.856269823347
659.856269823347
249.406745819563
249.406745819563
341.340907493058
265.416632842317
659.856269823347
446.488610166172
249.406745819563
249.406745819563
249.406745819563
446.488610166172
249.406745819563
416.592411990904
249.406745819563
446.488610166172
249.406745819563
265.416632842317
446.488610166172
249.406745819563
249.406745819563
249.406745819563
265.416632842317
265.416632842317
659.856269823347
265.416632842317
416.592411990904
249.406745819563
249.406745819563
249.406745819563
446.488610166172
249.406745819563
249.406745819563
659.856269823347
249.406745819563
265.416632842317
446.488610166172
249.406745819563
341.340907493058
341.340907493058
416.592411990904
659.856269823347
446.488610166172
249.406745819563
249.406745819563
249.406745819563
659.856269823347
265.416632842317
659.856269823347
265.416632842317
659.856269823347
659.856269823347
249.406745819563
265.416632842317
446.488610166172
446.488610166172
446.488610166172
249.406745819563
265.416632842317
341.340907493058
265.416632842317
249.406745819563
341.340907493058
446.488610166172
446.488610166172
446.488610166172
249.406745819563
416.592411990904
446.488610166172
659.856269823347
446.488610166172
249.406745819563
249.406745819563
341.340907493058
265.416632842317
249.406745819563
249.406745819563
341.340907493058
249.406745819563
446.488610166172
446.488610166172
446.488610166172
265.416632842317
249.406745819563
341.340907493058
446.488610166172
249.406745819563
416.592411990904
265.416632842317
249.406745819563
249.406745819563
249.406745819563
446.488610166172
265.416632842317
446.488610166172
249.406745819563
416.592411990904
249.406745819563
249.406745819563
249.406745819563
659.856269823347
659.856269823347
446.488610166172
249.406745819563
659.856269823347
265.416632842317
446.488610166172
265.416632842317
416.592411990904
249.406745819563
446.488610166172
265.416632842317
416.592411990904
249.406745819563
659.856269823347
416.592411990904
249.406745819563
249.406745819563
249.406745819563
446.488610166172
341.340907493058
341.340907493058
249.406745819563
249.406745819563
249.406745819563
249.406745819563
249.406745819563
416.592411990904
249.406745819563
446.488610166172
265.416632842317
249.406745819563
249.406745819563
341.340907493058
416.592411990904
249.406745819563
249.406745819563
446.488610166172
341.340907493058
249.406745819563
416.592411990904
249.406745819563
249.406745819563
265.416632842317
249.406745819563
249.406745819563
249.406745819563
249.406745819563
249.406745819563
249.406745819563
249.406745819563
249.406745819563
446.488610166172
446.488610166172
249.406745819563
249.406745819563
265.416632842317
341.340907493058
249.406745819563
659.856269823347
416.592411990904
446.488610166172
265.416632842317
249.406745819563
249.406745819563
