0.19
-1.03
1.34
-1.03
-1.03
0.19
-1.17
-1.17
1.34
-1.03
-1.03
-1.03
-1.03
-1.17
-1.17
-1.17
-1.17
0.04
-1.03
-1.03
-1.17
-1.17
-1.17
-1.17
0.04
-1.17
0.04
-1.17
0.19
-1.17
-1.03
-0.43
-1.17
-1.17
0.04
-0.43
-1.17
-1.03
-1.03
-0.43
1.34
-1.17
0.19
0.19
-1.17
-1.17
0.19
-1.17
-1.03
-1.17
-1.17
-0.43
-1.17
1.34
0.19
-1.17
-1.17
0.04
-1.17
-1.17
-1.03
-1.03
-1.17
1.34
-0.43
0.19
-1.17
1.34
-1.03
-1.17
0.19
-1.17
-1.17
0.04
-1.17
-1.17
1.34
1.34
0.04
0.19
-1.17
-0.43
-1.17
1.34
-1.17
0.04
1.34
0.19
1.34
1.34
0.04
-1.17
-1.17
-1.17
1.34
1.34
0.19
-0.43
0.04
-1.17
-1.17
-1.17
-1.17
-0.43
0.19
-1.17
0.19
-1.17
-1.17
0.19
0.04
0.19
-1.17
-1.17
0.04
-0.43
0.19
0.19
-1.17
-1.17
-1.17
0.19
-1.03
1.34
0.19
-1.03
-1.17
0.19
0.19
-1.17
-1.03
-1.17
0.04
0.19
0.19
1.34
1.34
-1.17
-1.17
-0.43
-1.03
1.34
0.19
-1.17
-1.17
-1.17
0.19
-1.17
0.04
-1.17
0.19
-1.17
-1.03
0.19
-1.17
-1.17
-1.17
-1.03
-1.03
1.34
-1.03
0.04
-1.17
-1.17
-1.17
0.19
-1.17
-1.17
1.34
-1.17
-1.03
0.19
-1.17
-0.43
-0.43
0.04
1.34
0.19
-1.17
-1.17
-1.17
1.34
-1.03
1.34
-1.03
1.34
1.34
-1.17
-1.03
0.19
0.19
0.19
-1.17
-1.03
-0.43
-1.03
-1.17
-0.43
0.19
0.19
0.19
-1.17
0.04
0.19
1.34
0.19
-1.17
-1.17
-0.43
-1.03
-1.17
-1.17
-0.43
-1.17
0.19
0.19
0.19
-1.03
-1.17
-0.43
0.19
-1.17
0.04
-1.03
-1.17
-1.17
-1.17
0.19
-1.03
0.19
-1.17
0.04
-1.17
-1.17
-1.17
1.34
1.34
0.19
-1.17
1.34
-1.03
0.19
-1.03
0.04
-1.17
0.19
-1.03
0.04
-1.17
1.34
0.04
-1.17
-1.17
-1.17
0.19
-0.43
-0.43
-1.17
-1.17
-1.17
-1.17
-1.17
0.04
-1.17
0.19
-1.03
-1.17
-1.17
-0.43
0.04
-1.17
-1.17
0.19
-0.43
-1.17
0.04
-1.17
-1.17
-1.03
-1.17
-1.17
-1.17
-1.17
-1.17
-1.17
-1.17
-1.17
0.19
0.19
-1.17
-1.17
-1.03
-0.43
-1.17
1.34
0.04
0.19
-1.03
-1.17
-1.17
