-1.553 0.275333333333333 1.38633333333333 0.806 -0.986333333333333 -1.34733333333333 -1.277 -1.315 -1.095 -1.99066666666667 -1.59033333333333 -2.27933333333333 -1.03466666666667 0.135333333333333 1.934 1.195 0.0969999999999999 -1.16066666666667 -0.103 0.422666666666667 0.914333333333333 -0.912666666666667 -2.53433333333333 -3.74366666666667 -2.74133333333333 0.527666666666667 3.56966666666667
-1.03466666666667 0.135333333333333 1.934 1.195 0.0969999999999999 -1.16066666666667 -0.103 0.422666666666667 0.914333333333333 -0.912666666666667 -2.53433333333333 -3.74366666666667 -2.74133333333333 0.527666666666667 3.56966666666667 4.28733333333333 2.37766666666667 -0.211 -1.33333333333333 -2.57266666666667 -2.91533333333333 -2.67766666666667 -2.559 -2.42 -2.417 -0.956 0.545333333333333
-2.74133333333333 0.527666666666667 3.56966666666667 4.28733333333333 2.37766666666667 -0.211 -1.33333333333333 -2.57266666666667 -2.91533333333333 -2.67766666666667 -2.559 -2.42 -2.417 -0.956 0.545333333333333 1.382 0.619666666666667 -0.437 -1.853 -0.961666666666667 -1.27733333333333 -1.71233333333333 -3.24166666666667 -4.04366666666667 -3.37833333333333 -1.17533333333333 1.619
-2.417 -0.956 0.545333333333333 1.382 0.619666666666667 -0.437 -1.853 -0.961666666666667 -1.27733333333333 -1.71233333333333 -3.24166666666667 -4.04366666666667 -3.37833333333333 -1.17533333333333 1.619 2.65233333333333 0.685333333333333 -1.17533333333333 -1.17466666666667 0.072 0.859333333333333 -0.685666666666667 -2.12433333333333 -2.97066666666667 -0.469333333333333 2.50766666666667 4.399
-3.37833333333333 -1.17533333333333 1.619 2.65233333333333 0.685333333333333 -1.17533333333333 -1.17466666666667 0.072 0.859333333333333 -0.685666666666667 -2.12433333333333 -2.97066666666667 -0.469333333333333 2.50766666666667 4.399 3.285 1.21466666666667 0.115666666666667 0.355 -0.422333333333333 -1.64466666666667 -2.59633333333333 -2.38133333333333 -1.94733333333333 -1.554 -0.03 1.47433333333333
-0.469333333333333 2.50766666666667 4.399 3.285 1.21466666666667 0.115666666666667 0.355 -0.422333333333333 -1.64466666666667 -2.59633333333333 -2.38133333333333 -1.94733333333333 -1.554 -0.03 1.47433333333333 1.48566666666667 -0.0696666666666667 -1.297 -0.825 -0.361666666666667 -0.994 -2.55 -3.36033333333333 -2.96033333333333 -1.61733333333333 0.412 2.21766666666667
-1.554 -0.03 1.47433333333333 1.48566666666667 -0.0696666666666667 -1.297 -0.825 -0.361666666666667 -0.994 -2.55 -3.36033333333333 -2.96033333333333 -1.61733333333333 0.412 2.21766666666667 2.71266666666667 0.933 -0.252 -0.211 0.935666666666667 0.769 -0.191 -1.26566666666667 -1.30733333333333 -0.0513333333333333 2.26666666666667 3.618
-1.61733333333333 0.412 2.21766666666667 2.71266666666667 0.933 -0.252 -0.211 0.935666666666667 0.769 -0.191 -1.26566666666667 -1.30733333333333 -0.0513333333333333 2.26666666666667 3.618 3.32433333333333 0.716 -0.365666666666667 -1.64333333333333 -0.738 -1.40233333333333 -1.296 -2.09533333333333 -2.56433333333333 -2.21133333333333 -0.583 1.446
-0.0513333333333333 2.26666666666667 3.618 3.32433333333333 0.716 -0.365666666666667 -1.64333333333333 -0.738 -1.40233333333333 -1.296 -2.09533333333333 -2.56433333333333 -2.21133333333333 -0.583 1.446 0.698333333333333 -0.853333333333333 -2.76833333333333 -1.838 -1.183 -1.90233333333333 -2.49066666666667 -2.99266666666667 -1.522 -0.948666666666667 1.01666666666667 2.60966666666667
-2.21133333333333 -0.583 1.446 0.698333333333333 -0.853333333333333 -2.76833333333333 -1.838 -1.183 -1.90233333333333 -2.49066666666667 -2.99266666666667 -1.522 -0.948666666666667 1.01666666666667 2.60966666666667 3.25733333333333 1.14566666666667 -0.707666666666667 -1.39833333333333 -0.871666666666667 -2.373 -3.03433333333333 -2.995 -1.674 -1.40766666666667 -0.461 1.38066666666667
-0.948666666666667 1.01666666666667 2.60966666666667 3.25733333333333 1.14566666666667 -0.707666666666667 -1.39833333333333 -0.871666666666667 -2.373 -3.03433333333333 -2.995 -1.674 -1.40766666666667 -0.461 1.38066666666667 2.831 1.68366666666667 -0.241 -1.33966666666667 -0.739 -0.27 -1.54 -2.58833333333333 -3.162 -1.93566666666667 -0.592666666666667 1.19033333333333
-1.40766666666667 -0.461 1.38066666666667 2.831 1.68366666666667 -0.241 -1.33966666666667 -0.739 -0.27 -1.54 -2.58833333333333 -3.162 -1.93566666666667 -0.592666666666667 1.19033333333333 1.471 0.477666666666667 -0.808333333333333 -0.305666666666667 0.270666666666667 0.797 -0.541333333333333 -1.06333333333333 -1.062 -0.606666666666667 -0.546666666666667 -1.239
-1.93566666666667 -0.592666666666667 1.19033333333333 1.471 0.477666666666667 -0.808333333333333 -0.305666666666667 0.270666666666667 0.797 -0.541333333333333 -1.06333333333333 -1.062 -0.606666666666667 -0.546666666666667 -1.239 -0.564333333333333 -0.777666666666667 -0.451666666666667 -0.643 -0.975 -1.75166666666667 -3.29466666666667 -3.44933333333333 -3.555 -1.88966666666667 -0.571 0.0450000000000001
-0.606666666666667 -0.546666666666667 -1.239 -0.564333333333333 -0.777666666666667 -0.451666666666667 -0.643 -0.975 -1.75166666666667 -3.29466666666667 -3.44933333333333 -3.555 -1.88966666666667 -0.571 0.0450000000000001 0.216333333333333 -0.252333333333333 -0.487666666666667 -1.13566666666667 -1.23333333333333 -1.463 -2.66466666666667 -3.19933333333333 -3.62233333333333 -2.061 0.535 3.32
-1.88966666666667 -0.571 0.0450000000000001 0.216333333333333 -0.252333333333333 -0.487666666666667 -1.13566666666667 -1.23333333333333 -1.463 -2.66466666666667 -3.19933333333333 -3.62233333333333 -2.061 0.535 3.32 2.82633333333333 0.753666666666667 -0.786 -0.004 0.900333333333333 0.0216666666666667 -1.68366666666667 -2.949 -3.08433333333333 -2.21233333333333 -0.658666666666667 1.87866666666667
-2.061 0.535 3.32 2.82633333333333 0.753666666666667 -0.786 -0.004 0.900333333333333 0.0216666666666667 -1.68366666666667 -2.949 -3.08433333333333 -2.21233333333333 -0.658666666666667 1.87866666666667 2.46266666666667 1.94066666666667 0.320666666666667 0.540333333333333 0.711333333333333 -0.641 -2.13666666666667 -3.71933333333333 -3.83866666666667 -2.53166666666667 -0.928666666666667 1.83833333333333
-2.21233333333333 -0.658666666666667 1.87866666666667 2.46266666666667 1.94066666666667 0.320666666666667 0.540333333333333 0.711333333333333 -0.641 -2.13666666666667 -3.71933333333333 -3.83866666666667 -2.53166666666667 -0.928666666666667 1.83833333333333 2.28833333333333 2.37466666666667 1.264 1.21533333333333 0.358 -0.0803333333333334 -1.541 -2.206 -3.26966666666667 -2.89633333333333 -1.26866666666667 1.90666666666667
-2.53166666666667 -0.928666666666667 1.83833333333333 2.28833333333333 2.37466666666667 1.264 1.21533333333333 0.358 -0.0803333333333334 -1.541 -2.206 -3.26966666666667 -2.89633333333333 -1.26866666666667 1.90666666666667 2.52033333333333 1.456 -0.938333333333333 -0.53 -0.257 -0.778 -2.00233333333333 -2.92433333333333 -2.7 -2.07 0.426 2.704
-2.89633333333333 -1.26866666666667 1.90666666666667 2.52033333333333 1.456 -0.938333333333333 -0.53 -0.257 -0.778 -2.00233333333333 -2.92433333333333 -2.7 -2.07 0.426 2.704 3.23166666666667 1.63066666666667 -0.263666666666667 -0.146333333333333 0.120333333333333 0.425333333333333 -0.583666666666667 -1.63033333333333 -1.24266666666667 0.218666666666667 2.084 2.649
-2.07 0.426 2.704 3.23166666666667 1.63066666666667 -0.263666666666667 -0.146333333333333 0.120333333333333 0.425333333333333 -0.583666666666667 -1.63033333333333 -1.24266666666667 0.218666666666667 2.084 2.649 2.23 1.61933333333333 0.574333333333333 0.295666666666667 -0.502666666666667 0.267 -0.856333333333333 -1.07133333333333 -2.54266666666667 -2.413 0.0043333333333333 2.028
0.218666666666667 2.084 2.649 2.23 1.61933333333333 0.574333333333333 0.295666666666667 -0.502666666666667 0.267 -0.856333333333333 -1.07133333333333 -2.54266666666667 -2.413 0.0043333333333333 2.028 2.396 0.032 -1.081 -1.25166666666667 -0.845666666666667 -1.69666666666667 -1.95766666666667 -1.73733333333333 -1.60766666666667 -1.36733333333333 -0.193666666666667 1.45
-2.413 0.0043333333333333 2.028 2.396 0.032 -1.081 -1.25166666666667 -0.845666666666667 -1.69666666666667 -1.95766666666667 -1.73733333333333 -1.60766666666667 -1.36733333333333 -0.193666666666667 1.45 2.533 0.786333333333333 -0.519333333333333 -0.833666666666667 -0.00133333333333333 0.548666666666667 -0.923 -1.787 -2.46366666666667 -1.764 -0.107 1.191
-1.36733333333333 -0.193666666666667 1.45 2.533 0.786333333333333 -0.519333333333333 -0.833666666666667 -0.00133333333333333 0.548666666666667 -0.923 -1.787 -2.46366666666667 -1.764 -0.107 1.191 0.764333333333333 -0.563 -1.642 -0.722333333333333 -0.923666666666667 -0.724666666666667 -1.64766666666667 -1.672 -2.60233333333333 -1.81933333333333 -1.40033333333333 1.39766666666667
-1.764 -0.107 1.191 0.764333333333333 -0.563 -1.642 -0.722333333333333 -0.923666666666667 -0.724666666666667 -1.64766666666667 -1.672 -2.60233333333333 -1.81933333333333 -1.40033333333333 1.39766666666667 1.78433333333333 1.77933333333333 -0.223666666666667 -0.423666666666667 -0.761666666666667 -0.953 -2.29733333333333 -2.39833333333333 -2.46066666666667 -1.582 0.0923333333333332 0.734666666666667
-1.81933333333333 -1.40033333333333 1.39766666666667 1.78433333333333 1.77933333333333 -0.223666666666667 -0.423666666666667 -0.761666666666667 -0.953 -2.29733333333333 -2.39833333333333 -2.46066666666667 -1.582 0.0923333333333332 0.734666666666667 1.94433333333333 0.144333333333333 0.00999999999999997 -0.538 -0.52 -1.72233333333333 -3.125 -3.46766666666667 -2.56366666666667 -1.18466666666667 1.227 2.3
-1.582 0.0923333333333332 0.734666666666667 1.94433333333333 0.144333333333333 0.00999999999999997 -0.538 -0.52 -1.72233333333333 -3.125 -3.46766666666667 -2.56366666666667 -1.18466666666667 1.227 2.3 1.89233333333333 0.185 -0.951 -0.479 -1.266 -1.871 -3.46033333333333 -3.02266666666667 -1.572 0.0246666666666667 2.06166666666667 2.91733333333333
-1.18466666666667 1.227 2.3 1.89233333333333 0.185 -0.951 -0.479 -1.266 -1.871 -3.46033333333333 -3.02266666666667 -1.572 0.0246666666666667 2.06166666666667 2.91733333333333 2.83 1.09866666666667 -1.14766666666667 -1.336 -0.729 -0.556666666666667 -1.76866666666667 -3.12333333333333 -3.73833333333333 -2.11433333333333 0.186666666666667 2.14366666666667
0.0246666666666667 2.06166666666667 2.91733333333333 2.83 1.09866666666667 -1.14766666666667 -1.336 -0.729 -0.556666666666667 -1.76866666666667 -3.12333333333333 -3.73833333333333 -2.11433333333333 0.186666666666667 2.14366666666667 0.952666666666667 -0.562666666666667 -1.63733333333333 -2.24166666666667 -1.86666666666667 -2.92766666666667 -3.70933333333333 -5.476 -5.03333333333333 -3.91666666666667 -0.911333333333333 1.34133333333333
-2.11433333333333 0.186666666666667 2.14366666666667 0.952666666666667 -0.562666666666667 -1.63733333333333 -2.24166666666667 -1.86666666666667 -2.92766666666667 -3.70933333333333 -5.476 -5.03333333333333 -3.91666666666667 -0.911333333333333 1.34133333333333 2.393 0.473666666666667 -0.608333333333333 -0.499666666666667 0.130666666666667 -0.163 -1.81233333333333 -2.64233333333333 -2.46233333333333 0.72 2.17566666666667 2.25
-3.91666666666667 -0.911333333333333 1.34133333333333 2.393 0.473666666666667 -0.608333333333333 -0.499666666666667 0.130666666666667 -0.163 -1.81233333333333 -2.64233333333333 -2.46233333333333 0.72 2.17566666666667 2.25 1.13066666666667 0.940333333333333 0.179 -0.382333333333333 -1.038 -1.43233333333333 -2.305 -3.37333333333333 -2.47966666666667 -1.958 -0.177666666666667 0.646333333333333
0.72 2.17566666666667 2.25 1.13066666666667 0.940333333333333 0.179 -0.382333333333333 -1.038 -1.43233333333333 -2.305 -3.37333333333333 -2.47966666666667 -1.958 -0.177666666666667 0.646333333333333 0.975 0.174666666666667 -0.032 -0.0556666666666667 0.731666666666667 -0.726333333333333 -2.19533333333333 -3.63666666666667 -3.05133333333333 -1.489 0.186 1.882
-1.958 -0.177666666666667 0.646333333333333 0.975 0.174666666666667 -0.032 -0.0556666666666667 0.731666666666667 -0.726333333333333 -2.19533333333333 -3.63666666666667 -3.05133333333333 -1.489 0.186 1.882 2.04066666666667 1.123 -0.0453333333333334 -0.0246666666666667 -0.181333333333333 0.0386666666666666 -0.257 -0.371 -0.512333333333333 -0.790333333333333 -0.0116666666666666 0.813333333333333
-1.489 0.186 1.882 2.04066666666667 1.123 -0.0453333333333334 -0.0246666666666667 -0.181333333333333 0.0386666666666666 -0.257 -0.371 -0.512333333333333 -0.790333333333333 -0.0116666666666666 0.813333333333333 0.942666666666667 0.415333333333333 -1.07666666666667 -0.539333333333333 -1.34966666666667 -1.63633333333333 -3.04033333333333 -2.451 -2.68133333333333 -1.18866666666667 0.558333333333333 2.26166666666667
-0.790333333333333 -0.0116666666666666 0.813333333333333 0.942666666666667 0.415333333333333 -1.07666666666667 -0.539333333333333 -1.34966666666667 -1.63633333333333 -3.04033333333333 -2.451 -2.68133333333333 -1.18866666666667 0.558333333333333 2.26166666666667 1.53166666666667 -0.419666666666667 -1.25966666666667 -1.454 -1.44633333333333 -2.29033333333333 -2.31533333333333 -2.47233333333333 -1.68966666666667 -0.777333333333333 1.962 1.968
-1.18866666666667 0.558333333333333 2.26166666666667 1.53166666666667 -0.419666666666667 -1.25966666666667 -1.454 -1.44633333333333 -2.29033333333333 -2.31533333333333 -2.47233333333333 -1.68966666666667 -0.777333333333333 1.962 1.968 1.93266666666667 -0.700666666666667 -0.376 -0.627666666666667 -0.719333333333333 -2.15466666666667 -3.72733333333333 -3.99766666666667 -3.48866666666667 -1.709 0.334666666666667 1.779
-0.777333333333333 1.962 1.968 1.93266666666667 -0.700666666666667 -0.376 -0.627666666666667 -0.719333333333333 -2.15466666666667 -3.72733333333333 -3.99766666666667 -3.48866666666667 -1.709 0.334666666666667 1.779 1.59233333333333 0.112666666666667 -0.679333333333333 -0.468 -0.744333333333333 -1.95 -3.71366666666667 -3.80466666666667 -2.01133333333333 -0.136333333333333 1.874 2.122
-1.709 0.334666666666667 1.779 1.59233333333333 0.112666666666667 -0.679333333333333 -0.468 -0.744333333333333 -1.95 -3.71366666666667 -3.80466666666667 -2.01133333333333 -0.136333333333333 1.874 2.122 1.47833333333333 0.0573333333333333 -0.876333333333333 -0.407666666666667 0.0296666666666667 0.993666666666667 -1.362 -3.39233333333333 -4.18 -1.10933333333333 0.786666666666667 0.92
