1182.03693883726
850.968675588756
950.46
896.551475867139
950.46
896.551475867139
950.46
1182.03693883726
950.46
850.968675588756
896.551475867139
950.46
950.46
896.551475867139
1182.03693883726
896.551475867139
1182.03693883726
933.024707268443
1182.03693883726
950.46
950.46
896.551475867139
1182.03693883726
933.024707268443
959.176487289933
950.46
950.46
950.46
950.46
850.968675588756
950.46
950.46
896.551475867139
950.46
933.024707268443
933.024707268443
950.46
950.46
1182.03693883726
950.46
1182.03693883726
950.46
1182.03693883726
896.551475867139
896.551475867139
950.46
896.551475867139
1182.03693883726
1182.03693883726
896.551475867139
933.024707268443
950.46
1182.03693883726
896.551475867139
950.46
1182.03693883726
950.46
950.46
1182.03693883726
950.46
896.551475867139
950.46
950.46
950.46
950.46
950.46
950.46
950.46
850.968675588756
850.968675588756
1182.03693883726
933.024707268443
950.46
950.46
1182.03693883726
950.46
933.024707268443
950.46
896.551475867139
950.46
950.46
959.176487289933
1182.03693883726
1182.03693883726
933.024707268443
950.46
950.46
933.024707268443
1182.03693883726
950.46
933.024707268443
850.968675588756
950.46
896.551475867139
950.46
959.176487289933
950.46
896.551475867139
896.551475867139
896.551475867139
950.46
896.551475867139
850.968675588756
950.46
1182.03693883726
1182.03693883726
1182.03693883726
950.46
850.968675588756
950.46
896.551475867139
950.46
1182.03693883726
950.46
959.176487289933
959.176487289933
950.46
896.551475867139
959.176487289933
1182.03693883726
1182.03693883726
959.176487289933
950.46
959.176487289933
950.46
896.551475867139
950.46
1182.03693883726
950.46
850.968675588756
950.46
950.46
950.46
959.176487289933
850.968675588756
850.968675588756
896.551475867139
950.46
850.968675588756
950.46
1182.03693883726
950.46
950.46
896.551475867139
950.46
950.46
896.551475867139
950.46
959.176487289933
950.46
850.968675588756
850.968675588756
950.46
950.46
933.024707268443
933.024707268443
850.968675588756
850.968675588756
950.46
850.968675588756
896.551475867139
933.024707268443
950.46
896.551475867139
950.46
850.968675588756
950.46
933.024707268443
950.46
896.551475867139
950.46
1182.03693883726
896.551475867139
850.968675588756
850.968675588756
896.551475867139
950.46
950.46
850.968675588756
896.551475867139
896.551475867139
950.46
1182.03693883726
896.551475867139
950.46
933.024707268443
850.968675588756
950.46
896.551475867139
950.46
933.024707268443
950.46
950.46
850.968675588756
1182.03693883726
950.46
950.46
850.968675588756
1182.03693883726
1182.03693883726
850.968675588756
950.46
896.551475867139
896.551475867139
896.551475867139
950.46
950.46
950.46
896.551475867139
1182.03693883726
950.46
933.024707268443
950.46
1182.03693883726
950.46
896.551475867139
896.551475867139
896.551475867139
959.176487289933
950.46
850.968675588756
896.551475867139
933.024707268443
1182.03693883726
950.46
1182.03693883726
933.024707268443
850.968675588756
896.551475867139
933.024707268443
950.46
850.968675588756
896.551475867139
950.46
959.176487289933
950.46
896.551475867139
896.551475867139
896.551475867139
950.46
1182.03693883726
950.46
896.551475867139
1182.03693883726
850.968675588756
950.46
896.551475867139
950.46
950.46
950.46
933.024707268443
850.968675588756
950.46
959.176487289933
950.46
950.46
959.176487289933
950.46
1182.03693883726
950.46
950.46
959.176487289933
950.46
896.551475867139
896.551475867139
950.46
950.46
896.551475867139
950.46
959.176487289933
933.024707268443
950.46
950.46
959.176487289933
1182.03693883726
950.46
950.46
1182.03693883726
896.551475867139
950.46
850.968675588756
896.551475867139
950.46
950.46
950.46
896.551475867139
933.024707268443
933.024707268443
950.46
896.551475867139
1182.03693883726
950.46
950.46
933.024707268443
896.551475867139
896.551475867139
959.176487289933
850.968675588756
950.46
850.968675588756
