
1948 1011.395 1011.694 1010.424 1010.369 1009.509 1008.973 1008.911 1008.815 1009.848 1010.592 1011.913 1011.544
1949 1012.545 1010.826 1011.415 1011.007 1010.015 1010.319 1010.314 1010.541 1010.539 1010.851 1010.949 1009.860
1950 1010.300 1010.391 1010.407 1009.258 1009.315 1008.907 1009.741 1010.173 1010.491 1010.661 1009.693 1011.461
1951 1011.137 1010.018 1010.846 1010.866 1010.971 1009.891 1010.390 1011.082 1011.127 1011.653 1011.432 1011.734
1952 1011.789 1010.704 1010.334 1011.009 1009.775 1010.152 1010.171 1009.885 1011.153 1010.962 1010.628 1012.962
1953 1011.660 1012.404 1011.006 1010.679 1010.906 1010.064 1010.708 1010.787 1011.160 1011.824 1011.711 1011.947
1954 1009.373 1010.438 1010.085 1009.229 1008.218 1008.650 1008.613 1008.656 1009.266 1010.624 1010.872 1009.604
1955 1011.413 1008.430 1009.735 1008.940 1008.284 1008.787 1009.192 1008.803 1009.366 1009.610 1009.241 1010.188
1956 1009.161 1009.313 1009.677 1008.368 1007.924 1008.853 1009.097 1008.972 1009.058 1009.920 1010.461 1010.537
1957 1010.083 1010.362 1010.534 1010.019 1009.283 1008.926 1008.342 1008.656 1009.671 1010.376 1010.918 1009.902
1958 1011.692 1011.360 1010.039 1009.168 1008.359 1008.279 1008.538 1008.410 1009.185 1009.535 1009.927 1010.567
1959 1010.798 1010.488 1010.053 1009.093 1007.636 1008.607 1008.895 1008.369 1008.893 1009.898 1009.241 1009.833
1960 1010.182 1009.769 1009.521 1008.677 1008.007 1008.694 1008.545 1008.712 1008.982 1010.179 1010.078 1010.207
1961 1010.547 1008.405 1010.403 1008.354 1008.071 1008.914 1008.654 1008.969 1009.664 1009.903 1009.528 1008.802
1962 1008.480 1010.106 1009.013 1008.780 1007.469 1008.302 1008.327 1009.552 1008.689 1009.089 1009.571 1009.945
1963 1009.121 1010.086 1009.334 1008.584 1007.616 1009.297 1008.742 1008.943 1009.851 1010.667 1009.744 1010.406
1964 1010.357 1009.195 1009.569 1007.934 1007.916 1008.347 1008.544 1008.627 1008.416 1009.318 1009.613 1009.870
1965 1010.559 1008.733 1010.214 1009.138 1008.127 1010.032 1009.776 1009.439 1010.090 1010.117 1010.311 1009.031
1966 1010.978 1009.638 1008.997 1008.653 1009.241 1009.787 1008.545 1009.037 1009.786 1010.006 1009.178 1008.479
1967 1010.152 1009.547 1009.763 1009.506 1008.339 1008.447 1008.717 1009.871 1010.256 1010.600 1009.973 1010.416
1968 1009.846 1011.000 1008.883 1009.755 1008.868 1009.284 1009.698 1010.170 1010.226 1010.535 1011.258 1009.724
1969 1009.405 1010.390 1010.216 1009.792 1008.540 1009.404 1009.978 1010.160 1009.907 1010.219 1010.348 1010.633
1970 1010.985 1010.797 1009.451 1009.668 1008.431 1009.063 1009.817 1008.741 1008.925 1009.348 1009.317 1009.485
1971 1009.468 1008.825 1010.161 1009.146 1008.263 1009.568 1009.040 1009.436 1009.276 1010.557 1010.827 1009.592
1972 1010.531 1009.629 1010.418 1010.024 1009.690 1008.764 1009.633 1010.097 1010.310 1010.944 1010.101 1011.314
1973 1010.658 1010.993 1010.069 1008.838 1008.798 1008.633 1008.692 1009.204 1009.994 1008.917 1009.500 1009.665
1974 1009.312 1009.224 1010.094 1009.047 1008.985 1009.215 1009.381 1009.235 1009.578 1009.440 1009.666 1009.982
1975 1010.184 1010.487 1009.830 1008.518 1008.506 1008.714 1009.399 1008.397 1009.303 1009.220 1010.185 1009.615
1976 1010.428 1010.270 1009.485 1009.998 1009.764 1009.470 1009.961 1010.056 1011.135 1010.486 1009.711 1010.506
1977 1010.614 1010.820 1011.351 1009.559 1009.487 1009.085 1008.338 1009.975 1010.559 1011.493 1010.853 1011.206
1978 1011.252 1012.202 1010.117 1010.310 1008.202 1008.928 1008.692 1009.741 1010.299 1010.312 1011.134 1010.943
1979 1011.090 1010.326 1010.259 1009.463 1009.831 1009.597 1010.846 1010.042 1010.488 1011.927 1009.750 1011.489
1980 1010.077 1010.753 1011.185 1009.454 1009.510 1009.655 1010.021 1010.803 1010.745 1010.768 1010.041 1010.227
1981 1011.743 1011.125 1010.922 1010.082 1008.795 1009.681 1009.497 1010.043 1010.385 1010.632 1010.121 1011.346
1982 1011.021 1010.814 1010.378 1010.243 1009.930 1010.247 1009.968 1010.811 1011.623 1011.123 1010.409 1010.629
1983 1011.616 1011.727 1011.165 1009.901 1009.565 1009.802 1009.612 1009.947 1010.412 1010.001 1011.685 1010.919
1984 1009.726 1008.659 1010.034 1009.100 1008.987 1009.213 1009.210 1010.009 1010.389 1011.520 1010.346 1009.504
1985 1010.825 1007.445 1010.258 1008.649 1008.307 1010.196 1010.390 1009.965 1010.314 1010.489 1010.730 1010.561
1986 1010.306 1010.868 1009.821 1009.581 1009.424 1008.918 1010.811 1010.107 1011.108 1011.555 1011.348 1011.065
1987 1011.336 1012.131 1010.536 1010.667 1010.412 1009.649 1011.008 1010.520 1011.223 1010.880 1010.738 1011.519
1988 1010.104 1010.390 1009.071 1009.619 1008.742 1009.674 1009.392 1009.714 1009.368 1010.134 1010.100 1010.904
1989 1008.930 1010.610 1009.654 1009.397 1008.711 1010.231 1009.438 1009.803 1010.094 1010.529 1010.701 1010.882
1990 1010.218 1010.834 1011.293 1008.865 1008.558 1009.573 1010.382 1010.292 1010.422 1010.383 1010.741 1010.527
1991 1010.276 1011.230 1010.156 1009.442 1009.208 1009.522 1009.724 1010.323 1011.318 1010.075 1011.427 1010.771
1992 1012.050 1011.237 1010.954 1010.044 1009.260 1008.844 1010.087 1010.354 1010.174 1010.693 1010.648 1011.258
1993 1010.888 1011.567 1010.941 1010.286 1009.361 1009.620 1009.740 1011.023 1010.917 1011.174 1009.413 1010.263
1994 1009.937 1009.454 1010.551 1009.602 1009.749 1008.925 1009.671 1010.463 1011.623 1011.164 1010.217 1011.132
1995 1010.821 1010.385 1010.190 1009.281 1009.111 1008.733 1008.617 1009.465 1010.381 1009.458 1009.570 1011.153
1996 1009.798 1009.600 1009.222 1009.083 1009.617 1009.087 1009.231 1009.880 1008.938 1009.927 1009.640 1010.352
1997 1010.500 1009.925 1011.277 1010.556 1009.800 1010.358 1010.292 1011.247 1011.978 1012.390 1011.484 1011.115
1998 1010.971 1011.914 1010.511 1009.840 1008.547 1009.218 1009.096 1009.859 1009.863 1009.828 1009.560 1010.064
1999 1008.730 1010.670 1007.733 1008.985 1009.376 1010.110 1009.456 1010.432 1009.861 1009.777 1009.864 1009.577
2000 1009.137 1009.000 1008.928 1008.452 1009.024 1008.655 1008.671 1009.741 1010.132 1009.859 1008.658 1009.412
2001 1008.656 1009.234 1009.349 1009.300 1009.067 1009.257 1009.370 1009.835 1009.995 1009.868 1009.832 1011.219
2002 1009.842 1011.049 1009.524 1008.612 1009.093 1009.449 1010.006 1010.574 1011.278 1010.613 1010.423 1010.587
2003 1011.407 1010.156 1010.141 1009.534 1009.112 1009.438 1009.957 1010.225 1010.641 1010.666 1010.294 1010.588
2004 1010.068 1010.351 1009.800 1009.620 1009.407 1010.764 1009.587 1010.321 1010.431 1011.158 1010.249 1010.003
2005 1010.258 1010.970 1010.699 1010.381 1009.117 1008.731 1010.080 1010.090 1010.200 1010.381 1010.038 1009.540
2006 1010.088 1010.055 1009.530 1009.258 1009.600 1009.448 1010.152 1010.232 1010.859 1011.500 1009.681 1009.835
2007 1010.827 1010.105 1009.767 1009.670 1009.245 1008.009 1009.486 1009.570 1009.695 1009.917 1009.578 1008.826
2008 1009.787 1009.732 1009.026 1008.620 1009.526 1009.716 1009.430 1009.380 1010.297 1009.959 1008.845 1009.579
2009 1010.417 1009.558 1009.650 1009.217 1008.489 1009.708 1009.940 1009.877 1010.286 1010.501 1009.361 1009.925
2010 1010.862 1010.378 1010.427 1009.952 1007.940 1009.234 1009.175 1009.135 1009.288 1009.330 1008.770 1007.979
2011 1008.583 1008.878 1008.857 1009.209 1009.165 1008.901 1009.041 1009.587 1010.266 1009.388 1009.062 1008.626
2012 1009.362 1008.734 1009.499 1009.695 1008.853 1009.202 1009.162 1010.077 1010.683 1010.109 1009.752 1008.836
2013 1010.366 1009.451 1010.011 1009.069 1008.779 1008.197 1008.959 1009.533 1009.938 1010.644 1009.174 1009.166
2014 1010.691 1009.390 1009.903 1009.901 1009.184 1008.282 1009.675 1010.115 -999.999 -999.999 -999.999 -999.999