1948   24.365   24.703   24.935   25.560   26.016   26.367   25.993   26.070   25.730   25.381   24.837   24.995
1949   24.541   25.013   24.707   25.641   25.708   25.829   25.759   25.593   25.622   25.498   25.328   25.358
1950   25.292   25.292   25.644   25.982   26.105   26.228   25.802   25.796   25.807   25.492   25.440   25.140
1951   25.084   25.017   25.314   25.897   26.090   26.140   25.867   26.066   26.035   26.114   25.945   25.705
1952   25.442   25.538   25.735   26.111   26.454   26.238   25.941   25.840   25.723   26.007   25.727   25.469
1953   25.211   25.213   25.692   26.120   26.261   26.358   26.098   25.989   26.133   26.148   26.090   25.720
1954   25.633   25.519   25.686   26.323   26.505   26.419   26.007   26.105   25.952   25.919   25.691   25.290
1955   24.982   25.035   25.353   25.967   26.428   26.080   25.671   25.823   25.906   25.808   25.722   24.945
1956   24.872   24.924   25.253   25.952   25.989   26.012   25.827   26.026   25.911   25.919   25.876   25.356
1957   25.055   24.851   25.535   26.003   26.418   26.666   26.189   26.126   26.041   25.949   25.729   25.543
1958   25.116   25.494   25.512   25.843   26.461   26.584   26.215   26.278   26.328   26.284   25.766   25.256
1959   24.904   24.945   25.295   25.778   26.462   26.444   26.019   25.522   25.891   26.084   26.154   25.701
1960   25.105   24.874   25.268   26.124   26.541   26.328   26.191   26.151   26.178   26.101   25.945   25.314
1961   24.328   24.848   24.979   25.839   26.332   26.027   25.519   25.711   25.720   25.609   25.430   25.416
1962   24.843   24.164   24.903   25.431   25.946   25.827   25.883   25.438   25.638   25.953   25.342   24.780
1963   24.454   24.137   24.367   25.109   25.999   25.975   25.530   25.549   25.764   25.558   25.420   25.196
1964   25.636   25.390   25.667   26.441   26.878   26.409   26.417   26.116   26.617   26.436   26.048   25.408
1965   24.769   25.105   25.243   26.081   26.774   26.651   26.144   26.340   26.484   26.408   26.396   25.780
1966   25.102   25.175   25.781   26.625   26.880   26.561   26.374   26.441   26.584   26.499   26.533   26.226
1967   25.189   24.986   25.207   26.047   26.623   26.461   26.141   26.272   26.186   26.178   25.925   25.522
1968   24.891   24.617   25.379   26.151   26.816   26.946   26.756   26.767   26.560   26.436   26.148   25.846
1969   25.562   25.500   25.813   26.472   27.278   27.196   26.584   26.410   26.694   26.789   26.680   26.134
1970   25.799   25.445   26.073   26.454   27.099   27.130   26.599   26.347   26.732   26.895   26.500   26.112
1971   25.235   25.187   25.416   26.112   26.771   26.566   26.087   26.082   26.507   26.379   26.308   25.985
1972   25.146   25.483   25.229   26.068   26.667   26.647   26.527   26.508   26.698   26.767   26.676   26.178
1973   25.790   25.647   25.943   26.713   27.137   27.414   27.184   27.023   26.969   26.898   26.507   26.131
1974   25.151   25.357   25.228   26.266   26.862   26.817   26.586   26.894   26.861   26.819   26.461   25.886
1975   25.424   25.370   25.725   26.418   26.893   26.829   26.464   26.640   26.574   26.586   26.085   25.748
1976   24.867   24.772   25.428   26.037   26.617   26.361   26.253   26.142   26.498   26.641   26.737   26.096
1977   25.706   25.292   25.278   26.204   26.908   26.977   26.695   26.491   26.783   26.606   26.421   25.861
1978   25.453   25.268   26.041   26.426   27.313   27.184   26.809   26.934   26.700   26.751   26.387   26.067
1979   25.277   25.518   25.878   26.692   27.319   27.088   26.753   26.680   26.814   26.547   26.509   25.741
1980   25.517   25.363   25.599   26.342   27.208   27.124   26.775   26.519   26.599   26.734   26.443   26.069
1981   25.075   25.195   25.728   26.588   27.269   27.257   26.848   26.850   26.813   26.620   26.388   25.723
1982   25.260   25.170   25.787   26.600   27.218   27.082   26.390   26.514   26.486   26.439   26.488   26.355
1983   25.797   25.705   26.163   26.874   27.049   27.388   26.943   26.882   26.812   26.991   26.683   25.912
1984   25.516   25.389   26.054   26.829   27.261   27.017   26.625   26.853   26.545   26.595   26.525   26.199
1985   25.558   26.047   26.403   26.906   27.206   27.377   26.515   26.724   26.478   26.540   26.668   26.242
1986   25.715   25.568   25.888   26.663   27.290   27.395   27.048   27.078   26.900   26.794   26.668   25.879
1987   25.463   25.083   25.956   26.798   27.387   27.544   27.193   26.998   27.107   27.301   27.226   26.660
1988   26.617   26.286   26.709   27.160   27.781   27.352   27.106   27.103   27.123   27.148   26.635   25.583
1989   26.033   25.589   25.928   26.848   27.366   26.932   26.866   26.864   26.806   26.793   26.496   25.776
1990   25.697   25.870   25.822   26.874   27.409   27.435   26.855   26.995   26.760   26.814   26.636   26.012
1991   25.655   25.542   25.858   26.597   27.150   27.256   26.870   26.839   26.866   26.591   26.254   26.011
1992   25.420   25.488   25.736   26.687   27.185   27.142   26.604   26.854   26.693   26.437   24.971   24.734
1993   24.281   23.946   25.468   26.118   26.674   27.017   26.741   26.596   26.371   26.374   26.495   26.212
1994   25.576   25.537   25.708   26.347   26.826   26.892   26.727   26.368   26.420   26.330   26.147   25.843
1995   25.429   25.256   25.552   26.209   26.900   26.972   26.524   26.717   26.768   26.680   26.604   25.968
1996   25.311   25.018   25.656   26.367   26.859   26.810   26.964   26.744   26.794   26.702   26.515   25.832
1997   25.088   25.503   25.539   26.383   27.009   27.151   26.975   26.985   26.849   26.990   26.741   26.368
1998   25.921   25.880   26.307   26.690   27.466   27.520   27.167   27.059   27.313   27.096   26.836   26.526
1999   26.116   25.609   26.100   26.464   26.755   26.827   26.687   26.608   26.681   26.661   26.524   26.263
2000   25.902   25.578   25.922   26.582   27.090   26.725   26.683   26.844   26.818   26.778   26.509   26.405
2001   25.923   25.862   26.161   26.889   27.241   26.953   26.847   26.948   26.849   26.756   26.486   25.921
2002   25.534   25.160   25.653   26.498   27.081   27.033   27.077   26.694   26.426   26.763   26.797   26.339
2003   25.768   25.262   25.591   26.399   26.928   26.762   26.760   26.866   26.622   26.515   26.481   25.883
2004   25.543   25.323   25.898   26.827   26.768   26.829   26.379   26.613   26.331   26.449   26.354   26.144
2005   25.346   25.426   25.742   26.264   26.891   27.260   26.925   26.861   26.882   26.744   26.354   26.081
2006   25.614   25.611   25.722   26.231   26.706   26.833   26.926   26.673   26.521   26.430   26.569   26.370
2007   25.678   25.341   25.678   26.278   26.760   26.867   26.627   26.499   26.566   26.492   26.057   26.005
2008   25.685   25.369   25.734   26.337   26.589   26.464   26.333   26.407   26.621   26.624   26.401   26.334
2009   25.624   25.740   26.013   26.819   26.827   26.793   26.661   26.665   26.852   26.370   26.474   25.923
2010   25.616   25.556   26.003   26.539   27.111   27.074   26.820   26.863   26.741   26.822   26.529   26.043
2011   25.624   25.221   25.514   25.886   26.809   26.546   26.400   26.187   26.415   26.455   26.548   26.207
2012   25.817   25.587   25.884   26.337   26.777   26.788   26.275   26.492   26.410   26.285   26.193   26.288
2013   25.694   25.781   26.160   26.806   27.065   26.933   26.502   26.302   26.509   26.249   26.220   26.235
2014   25.254   25.019   25.641   26.350   27.026 -999.999 -999.999 -999.999 -999.999 -999.999 -999.999 -999.999