-1808.37931034483
568.234193313605
621.212909153635
528.783722686589
528.783722686589
528.783722686589
-1808.37931034483
-1808.37931034483
-1808.37931034483
-1808.37931034483
764.088541130026
621.212909153635
-1808.37931034483
764.088541130026
919.218535171903
764.088541130026
621.212909153635
919.218535171903
528.783722686589
919.218535171903
-1808.37931034483
-1808.37931034483
764.088541130026
621.212909153635
-1808.37931034483
621.212909153635
764.088541130026
528.783722686589
621.212909153635
-1808.37931034483
764.088541130026
764.088541130026
-1808.37931034483
764.088541130026
-1808.37931034483
919.218535171903
-1808.37931034483
919.218535171903
764.088541130026
-1808.37931034483
919.218535171903
-1808.37931034483
568.234193313605
-1808.37931034483
919.218535171903
621.212909153635
764.088541130026
621.212909153635
764.088541130026
919.218535171903
528.783722686589
-1808.37931034483
764.088541130026
764.088541130026
-1808.37931034483
528.783722686589
-1808.37931034483
-1808.37931034483
764.088541130026
919.218535171903
-1808.37931034483
-1808.37931034483
568.234193313605
-1808.37931034483
621.212909153635
568.234193313605
528.783722686589
-1808.37931034483
528.783722686589
528.783722686589
621.212909153635
764.088541130026
-1808.37931034483
764.088541130026
919.218535171903
-1808.37931034483
764.088541130026
764.088541130026
621.212909153635
-1808.37931034483
-1808.37931034483
568.234193313605
919.218535171903
528.783722686589
-1808.37931034483
-1808.37931034483
764.088541130026
-1808.37931034483
-1808.37931034483
-1808.37931034483
764.088541130026
-1808.37931034483
-1808.37931034483
764.088541130026
568.234193313605
764.088541130026
-1808.37931034483
764.088541130026
621.212909153635
-1808.37931034483
-1808.37931034483
-1808.37931034483
764.088541130026
528.783722686589
919.218535171903
568.234193313605
621.212909153635
-1808.37931034483
764.088541130026
528.783722686589
-1808.37931034483
-1808.37931034483
764.088541130026
764.088541130026
621.212909153635
764.088541130026
-1808.37931034483
-1808.37931034483
764.088541130026
528.783722686589
764.088541130026
-1808.37931034483
-1808.37931034483
-1808.37931034483
-1808.37931034483
528.783722686589
621.212909153635
621.212909153635
621.212909153635
-1808.37931034483
621.212909153635
-1808.37931034483
-1808.37931034483
621.212909153635
568.234193313605
621.212909153635
-1808.37931034483
764.088541130026
-1808.37931034483
568.234193313605
-1808.37931034483
621.212909153635
919.218535171903
-1808.37931034483
568.234193313605
764.088541130026
764.088541130026
764.088541130026
-1808.37931034483
621.212909153635
-1808.37931034483
621.212909153635
-1808.37931034483
764.088541130026
-1808.37931034483
-1808.37931034483
-1808.37931034483
-1808.37931034483
764.088541130026
764.088541130026
-1808.37931034483
568.234193313605
528.783722686589
-1808.37931034483
764.088541130026
764.088541130026
-1808.37931034483
621.212909153635
-1808.37931034483
568.234193313605
919.218535171903
764.088541130026
-1808.37931034483
919.218535171903
-1808.37931034483
764.088541130026
-1808.37931034483
-1808.37931034483
-1808.37931034483
-1808.37931034483
919.218535171903
764.088541130026
764.088541130026
764.088541130026
621.212909153635
568.234193313605
621.212909153635
-1808.37931034483
528.783722686589
764.088541130026
-1808.37931034483
-1808.37931034483
-1808.37931034483
764.088541130026
764.088541130026
-1808.37931034483
621.212909153635
621.212909153635
568.234193313605
-1808.37931034483
621.212909153635
621.212909153635
-1808.37931034483
-1808.37931034483
764.088541130026
919.218535171903
568.234193313605
-1808.37931034483
528.783722686589
528.783722686589
621.212909153635
621.212909153635
764.088541130026
-1808.37931034483
528.783722686589
621.212909153635
-1808.37931034483
-1808.37931034483
-1808.37931034483
-1808.37931034483
621.212909153635
-1808.37931034483
764.088541130026
-1808.37931034483
764.088541130026
-1808.37931034483
764.088541130026
568.234193313605
919.218535171903
-1808.37931034483
621.212909153635
-1808.37931034483
-1808.37931034483
764.088541130026
-1808.37931034483
621.212909153635
-1808.37931034483
528.783722686589
568.234193313605
-1808.37931034483
621.212909153635
-1808.37931034483
621.212909153635
568.234193313605
-1808.37931034483
919.218535171903
568.234193313605
-1808.37931034483
568.234193313605
-1808.37931034483
568.234193313605
-1808.37931034483
764.088541130026
-1808.37931034483
-1808.37931034483
-1808.37931034483
621.212909153635
-1808.37931034483
528.783722686589
-1808.37931034483
621.212909153635
-1808.37931034483
528.783722686589
-1808.37931034483
919.218535171903
-1808.37931034483
764.088541130026
-1808.37931034483
764.088541130026
621.212909153635
764.088541130026
-1808.37931034483
621.212909153635
919.218535171903
-1808.37931034483
764.088541130026
-1808.37931034483
-1808.37931034483
-1808.37931034483
-1808.37931034483
528.783722686589
568.234193313605
-1808.37931034483
919.218535171903
-1808.37931034483
-1808.37931034483
528.783722686589
-1808.37931034483
764.088541130026
621.212909153635
568.234193313605
-1808.37931034483
764.088541130026
764.088541130026
-1808.37931034483
-1808.37931034483
621.212909153635
764.088541130026
764.088541130026
-1808.37931034483
