1009.67333333333 1010.076 1010.10433333333 1010.061 1009.91766666667 1009.749 1009.744 1009.73166666667 1009.829 1010.384 1010.559 1010.444 1010.23433333333 1010.277 1010.64666666667 1010.92833333333 1010.57666666667 1010.13233333333 1009.377 1008.97 1009.13266666667 1009.624 1010.67566666667 1010.96833333333 1011.184 1011.10366666667 1011.55333333333
1010.23433333333 1010.277 1010.64666666667 1010.92833333333 1010.57666666667 1010.13233333333 1009.377 1008.97 1009.13266666667 1009.624 1010.67566666667 1010.96833333333 1011.184 1011.10366666667 1011.55333333333 1011.19033333333 1010.87633333333 1009.543 1009.14666666667 1008.60733333333 1009.12033333333 1009.57733333333 1010.11733333333 1010.58166666667 1010.79633333333 1011.05566666667 1010.78633333333
1011.184 1011.10366666667 1011.55333333333 1011.19033333333 1010.87633333333 1009.543 1009.14666666667 1008.60733333333 1009.12033333333 1009.57733333333 1010.11733333333 1010.58166666667 1010.79633333333 1011.05566666667 1010.78633333333 1010.55833333333 1010.016 1009.851 1009.63033333333 1010.09133333333 1010.16166666667 1010.45866666667 1010.819 1010.72166666667 1011.05533333333 1010.43866666667 1010.773
1010.79633333333 1011.05566666667 1010.78633333333 1010.55833333333 1010.016 1009.851 1009.63033333333 1010.09133333333 1010.16166666667 1010.45866666667 1010.819 1010.72166666667 1011.05533333333 1010.43866666667 1010.773 1010.67166666667 1010.464 1010.04966666667 1009.53966666667 1009.72866666667 1010.15966666667 1010.523 1010.772 1010.518 1010.34533333333 1010.67033333333 1011.03166666667
1011.05533333333 1010.43866666667 1010.773 1010.67166666667 1010.464 1010.04966666667 1009.53966666667 1009.72866666667 1010.15966666667 1010.523 1010.772 1010.518 1010.34533333333 1010.67033333333 1011.03166666667 1011.26333333333 1010.70966666667 1009.933 1009.51933333333 1009.32433333333 1009.74033333333 1009.975 1010.35333333333 1010.37933333333 1010.69966666667 1010.82933333333 1011.06033333333
1010.34533333333 1010.67033333333 1011.03166666667 1011.26333333333 1010.70966666667 1009.933 1009.51933333333 1009.32433333333 1009.74033333333 1009.975 1010.35333333333 1010.37933333333 1010.69966666667 1010.82933333333 1011.06033333333 1010.73766666667 1010.47833333333 1010.18366666667 1010.14 1010.04833333333 1010.342 1010.80066666667 1011.18566666667 1011.05166666667 1010.72033333333 1010.88466666667 1011.324
1010.69966666667 1010.82933333333 1011.06033333333 1010.73766666667 1010.47833333333 1010.18366666667 1010.14 1010.04833333333 1010.342 1010.80066666667 1011.18566666667 1011.05166666667 1010.72033333333 1010.88466666667 1011.324 1011.50266666667 1010.931 1010.21033333333 1009.756 1009.65966666667 1009.787 1009.99033333333 1010.12 1010.69933333333 1010.86833333333 1010.77666666667 1009.768
1010.72033333333 1010.88466666667 1011.324 1011.50266666667 1010.931 1010.21033333333 1009.756 1009.65966666667 1009.787 1009.99033333333 1010.12 1010.69933333333 1010.86833333333 1010.77666666667 1009.768 1009.473 1009.26433333333 1009.37366666667 1009.1 1009.13666666667 1009.47733333333 1009.86933333333 1010.63933333333 1010.75166666667 1010.45666666667 1010.225 1009.258
1010.86833333333 1010.77666666667 1009.768 1009.473 1009.26433333333 1009.37366666667 1009.1 1009.13666666667 1009.47733333333 1009.86933333333 1010.63933333333 1010.75166666667 1010.45666666667 1010.225 1009.258 1009.50933333333 1008.784 1009.07133333333 1009.05066666667 1009.631 1010.18366666667 1010.223 1010.256 1010.511 1010.59333333333 1010.53233333333 1010.57833333333
1010.45666666667 1010.225 1009.258 1009.50933333333 1008.784 1009.07133333333 1009.05066666667 1009.631 1010.18366666667 1010.223 1010.256 1010.511 1010.59333333333 1010.53233333333 1010.57833333333 1010.33166666667 1010.09 1009.60866666667 1009.30766666667 1009.71766666667 1009.94533333333 1010.67533333333 1010.92333333333 1011.337 1011.32266666667 1011.24966666667 1011.51066666667
1010.59333333333 1010.53233333333 1010.57833333333 1010.33166666667 1010.09 1009.60866666667 1009.30766666667 1009.71766666667 1009.94533333333 1010.67533333333 1010.92333333333 1011.337 1011.32266666667 1011.24966666667 1011.51066666667 1011.33433333333 1011.11133333333 1010.53833333333 1010.24266666667 1010.35633333333 1010.39233333333 1010.917 1010.87433333333 1010.947 1011.04566666667 1010.787 1010.671
1011.32266666667 1011.24966666667 1011.51066666667 1011.33433333333 1011.11133333333 1010.53833333333 1010.24266666667 1010.35633333333 1010.39233333333 1010.917 1010.87433333333 1010.947 1011.04566666667 1010.787 1010.671 1009.855 1009.69333333333 1009.144 1009.345 1009.26933333333 1009.59333333333 1009.49133333333 1009.73866666667 1009.86733333333 1010.37933333333 1009.978 1010.148
1011.04566666667 1010.787 1010.671 1009.855 1009.69333333333 1009.144 1009.345 1009.26933333333 1009.59333333333 1009.49133333333 1009.73866666667 1009.86733333333 1010.37933333333 1009.978 1010.148 1009.73133333333 1009.887 1009.254 1009.44633333333 1009.46 1009.824 1009.77833333333 1010.142 1010.44133333333 1010.704 1010.60033333333 1010.64466666667
1010.37933333333 1009.978 1010.148 1009.73133333333 1009.887 1009.254 1009.44633333333 1009.46 1009.824 1009.77833333333 1010.142 1010.44133333333 1010.704 1010.60033333333 1010.64466666667 1010.78166666667 1010.33066666667 1009.572 1008.99866666667 1009.50433333333 1010.08233333333 1010.36533333333 1010.36566666667 1010.51533333333 1010.55033333333 1010.51466666667 1010.67766666667
1010.704 1010.60033333333 1010.64466666667 1010.78166666667 1010.33066666667 1009.572 1008.99866666667 1009.50433333333 1010.08233333333 1010.36533333333 1010.36566666667 1010.51533333333 1010.55033333333 1010.51466666667 1010.67766666667 1010.554 1010.276 1009.602 1009.39066666667 1009.48466666667 1009.85633333333 1010.455 1010.572 1010.94 1010.75766666667 1011.416 1011.35266666667
1010.55033333333 1010.51466666667 1010.67766666667 1010.554 1010.276 1009.602 1009.39066666667 1009.48466666667 1009.85633333333 1010.455 1010.572 1010.94 1010.75766666667 1011.416 1011.35266666667 1011.41366666667 1010.745 1010.086 1009.38266666667 1009.397 1009.76166666667 1010.205 1010.407 1010.505 1010.86633333333 1010.93133333333 1011.23766666667
1010.75766666667 1011.416 1011.35266666667 1011.41366666667 1010.745 1010.086 1009.38266666667 1009.397 1009.76166666667 1010.205 1010.407 1010.505 1010.86633333333 1010.93133333333 1011.23766666667 1011.132 1010.93133333333 1010.196 1009.75566666667 1009.57366666667 1010.12766666667 1010.56 1011.038 1010.50133333333 1010.28333333333 1009.871 1009.88466666667
1010.86633333333 1010.93133333333 1011.23766666667 1011.132 1010.93133333333 1010.196 1009.75566666667 1009.57366666667 1010.12766666667 1010.56 1011.038 1010.50133333333 1010.28333333333 1009.871 1009.88466666667 1009.98066666667 1009.869 1009.96733333333 1009.42533333333 1009.44833333333 1009.68633333333 1010.58566666667 1011.08333333333 1011.00133333333 1010.83766666667 1010.72333333333 1010.77933333333
1010.28333333333 1009.871 1009.88466666667 1009.98066666667 1009.869 1009.96733333333 1009.42533333333 1009.44833333333 1009.68633333333 1010.58566666667 1011.08333333333 1011.00133333333 1010.83766666667 1010.72333333333 1010.77933333333 1010.46533333333 1009.952 1009.52733333333 1009.04166666667 1008.82033333333 1008.93833333333 1009.48766666667 1009.768 1009.803 1010.06033333333 1010.17366666667 1010.18366666667
1010.83766666667 1010.72333333333 1010.77933333333 1010.46533333333 1009.952 1009.52733333333 1009.04166666667 1008.82033333333 1008.93833333333 1009.48766666667 1009.768 1009.803 1010.06033333333 1010.17366666667 1010.18366666667 1009.54 1009.30166666667 1009.30733333333 1009.26233333333 1009.31166666667 1009.39933333333 1009.34966666667 1009.58166666667 1009.50166666667 1009.973 1010.164 1010.259
1010.06033333333 1010.17366666667 1010.18366666667 1009.54 1009.30166666667 1009.30733333333 1009.26233333333 1009.31166666667 1009.39933333333 1009.34966666667 1009.58166666667 1009.50166666667 1009.973 1010.164 1010.259 1010.56733333333 1010.586 1010.54433333333 1010.238 1010.15 1010.63233333333 1011.17233333333 1011.87166666667 1011.95066666667 1011.663 1011.19 1011.33333333333
1009.973 1010.164 1010.259 1010.56733333333 1010.586 1010.54433333333 1010.238 1010.15 1010.63233333333 1011.17233333333 1011.87166666667 1011.95066666667 1011.663 1011.19 1011.33333333333 1011.132 1010.755 1009.63266666667 1009.20166666667 1008.95366666667 1009.391 1009.606 1009.85 1009.75033333333 1009.81733333333 1009.45133333333 1009.82133333333
1011.663 1011.19 1011.33333333333 1011.132 1010.755 1009.63266666667 1009.20166666667 1008.95366666667 1009.391 1009.606 1009.85 1009.75033333333 1009.81733333333 1009.45133333333 1009.82133333333 1009.04433333333 1009.12933333333 1008.698 1009.49033333333 1009.64733333333 1009.99933333333 1009.91633333333 1010.02333333333 1009.834 1009.73933333333 1009.526 1009.238
1009.81733333333 1009.45133333333 1009.82133333333 1009.04433333333 1009.12933333333 1008.698 1009.49033333333 1009.64733333333 1009.99933333333 1009.91633333333 1010.02333333333 1009.834 1009.73933333333 1009.526 1009.238 1009.02166666667 1008.79333333333 1008.80133333333 1008.71033333333 1008.78333333333 1009.02233333333 1009.51466666667 1009.91066666667 1009.54966666667 1009.30966666667 1008.90866666667 1009.10066666667
1009.73933333333 1009.526 1009.238 1009.02166666667 1008.79333333333 1008.80133333333 1008.71033333333 1008.78333333333 1009.02233333333 1009.51466666667 1009.91066666667 1009.54966666667 1009.30966666667 1008.90866666667 1009.10066666667 1009.07966666667 1009.29433333333 1009.23866666667 1009.208 1009.23133333333 1009.48733333333 1009.73333333333 1009.89933333333 1009.89833333333 1010.30633333333 1010.29766666667 1010.70333333333
1009.30966666667 1008.90866666667 1009.10066666667 1009.07966666667 1009.29433333333 1009.23866666667 1009.208 1009.23133333333 1009.48733333333 1009.73333333333 1009.89933333333 1009.89833333333 1010.30633333333 1010.29766666667 1010.70333333333 1010.13833333333 1009.72833333333 1009.07633333333 1009.05133333333 1009.516 1010.00966666667 1010.61933333333 1010.82166666667 1010.77133333333 1010.541 1010.80566666667 1010.71666666667
1010.30633333333 1010.29766666667 1010.70333333333 1010.13833333333 1009.72833333333 1009.07633333333 1009.05133333333 1009.516 1010.00966666667 1010.61933333333 1010.82166666667 1010.77133333333 1010.541 1010.80566666667 1010.71666666667 1010.568 1009.94366666667 1009.59566666667 1009.36133333333 1009.50233333333 1009.87333333333 1010.27433333333 1010.51066666667 1010.53366666667 1010.516 1010.31666666667 1010.33566666667
1010.541 1010.80566666667 1010.71666666667 1010.568 1009.94366666667 1009.59566666667 1009.36133333333 1009.50233333333 1009.87333333333 1010.27433333333 1010.51066666667 1010.53366666667 1010.516 1010.31666666667 1010.33566666667 1010.073 1009.92366666667 1009.609 1009.93033333333 1009.91933333333 1010.224 1010.113 1010.63666666667 1010.61266666667 1010.47 1010.17 1010.41033333333
1010.516 1010.31666666667 1010.33566666667 1010.073 1009.92366666667 1009.609 1009.93033333333 1009.91933333333 1010.224 1010.113 1010.63666666667 1010.61266666667 1010.47 1010.17 1010.41033333333 1010.64233333333 1010.68333333333 1010.06566666667 1009.40966666667 1009.30933333333 1009.63366666667 1010.12333333333 1010.22366666667 1010.20633333333 1009.98633333333 1009.88866666667 1009.89433333333
1010.47 1010.17 1010.41033333333 1010.64233333333 1010.68333333333 1010.06566666667 1009.40966666667 1009.30933333333 1009.63366666667 1010.12333333333 1010.22366666667 1010.20633333333 1009.98633333333 1009.88866666667 1009.89433333333 1009.891 1009.61433333333 1009.46266666667 1009.43533333333 1009.73333333333 1009.944 1010.41433333333 1010.86366666667 1010.68 1010.33866666667 1010.11433333333 1010.25566666667
1009.98633333333 1009.88866666667 1009.89433333333 1009.891 1009.61433333333 1009.46266666667 1009.43533333333 1009.73333333333 1009.944 1010.41433333333 1010.86366666667 1010.68 1010.33866666667 1010.11433333333 1010.25566666667 1010.233 1009.84733333333 1009.56066666667 1008.97466666667 1008.91333333333 1009.02166666667 1009.58366666667 1009.72733333333 1009.73 1009.44033333333 1009.397 1009.44833333333
1010.33866666667 1010.11433333333 1010.25566666667 1010.233 1009.84733333333 1009.56066666667 1008.97466666667 1008.91333333333 1009.02166666667 1009.58366666667 1009.72733333333 1009.73 1009.44033333333 1009.397 1009.44833333333 1009.515 1009.126 1009.05733333333 1009.28733333333 1009.55733333333 1009.50866666667 1009.70233333333 1009.87866666667 1009.70033333333 1009.461 1009.61366666667 1009.85133333333
1009.44033333333 1009.397 1009.44833333333 1009.515 1009.126 1009.05733333333 1009.28733333333 1009.55733333333 1009.50866666667 1009.70233333333 1009.87866666667 1009.70033333333 1009.461 1009.61366666667 1009.85133333333 1009.875 1009.475 1009.11866666667 1009.138 1009.379 1009.84166666667 1010.03433333333 1010.22133333333 1010.04933333333 1009.929 1010.04933333333 1010.38833333333
1009.461 1009.61366666667 1009.85133333333 1009.875 1009.475 1009.11866666667 1009.138 1009.379 1009.84166666667 1010.03433333333 1010.22133333333 1010.04933333333 1009.929 1010.04933333333 1010.38833333333 1010.55566666667 1010.25233333333 1009.43966666667 1009.042 1008.783 1009.18133333333 1009.19933333333 1009.251 1009.12933333333 1008.693 1008.444 1008.48
1009.929 1010.04933333333 1010.38833333333 1010.55566666667 1010.25233333333 1009.43966666667 1009.042 1008.783 1009.18133333333 1009.19933333333 1009.251 1009.12933333333 1008.693 1008.444 1008.48 1008.77266666667 1008.98133333333 1009.077 1009.09166666667 1009.03566666667 1009.17633333333 1009.63133333333 1009.747 1009.572 1009.02533333333 1009.01666666667 1008.90733333333
1008.693 1008.444 1008.48 1008.77266666667 1008.98133333333 1009.077 1009.09166666667 1009.03566666667 1009.17633333333 1009.63133333333 1009.747 1009.572 1009.02533333333 1009.01666666667 1008.90733333333 1009.19833333333 1009.30933333333 1009.349 1009.25 1009.07233333333 1009.48033333333 1009.974 1010.28966666667 1010.18133333333 1009.56566666667 1009.65133333333 1009.551
1009.02533333333 1009.01666666667 1008.90733333333 1009.19833333333 1009.30933333333 1009.349 1009.25 1009.07233333333 1009.48033333333 1009.974 1010.28966666667 1010.18133333333 1009.56566666667 1009.65133333333 1009.551 1009.94266666667 1009.51033333333 1009.28633333333 1008.68166666667 1008.645 1008.89633333333 1009.47666666667 1010.03833333333 1009.91866666667 1009.66133333333 1009.677 1009.749
