-1.55
-0.35
0.11
-0.6
-0.6
-0.6
-1.55
-1.55
-1.55
-1.55
1.55
0.11
-1.55
1.55
1.88
1.55
0.11
1.88
-0.6
1.88
-1.55
-1.55
1.55
0.11
-1.55
0.11
1.55
-0.6
0.11
-1.55
1.55
1.55
-1.55
1.55
-1.55
1.88
-1.55
1.88
1.55
-1.55
1.88
-1.55
-0.35
-1.55
1.88
0.11
1.55
0.11
1.55
1.88
-0.6
-1.55
1.55
1.55
-1.55
-0.6
-1.55
-1.55
1.55
1.88
-1.55
-1.55
-0.35
-1.55
0.11
-0.35
-0.6
-1.55
-0.6
-0.6
0.11
1.55
-1.55
1.55
1.88
-1.55
1.55
1.55
0.11
-1.55
-1.55
-0.35
1.88
-0.6
-1.55
-1.55
1.55
-1.55
-1.55
-1.55
1.55
-1.55
-1.55
1.55
-0.35
1.55
-1.55
1.55
0.11
-1.55
-1.55
-1.55
1.55
-0.6
1.88
-0.35
0.11
-1.55
1.55
-0.6
-1.55
-1.55
1.55
1.55
0.11
1.55
-1.55
-1.55
1.55
-0.6
1.55
-1.55
-1.55
-1.55
-1.55
-0.6
0.11
0.11
0.11
-1.55
0.11
-1.55
-1.55
0.11
-0.35
0.11
-1.55
1.55
-1.55
-0.35
-1.55
0.11
1.88
-1.55
-0.35
1.55
1.55
1.55
-1.55
0.11
-1.55
0.11
-1.55
1.55
-1.55
-1.55
-1.55
-1.55
1.55
1.55
-1.55
-0.35
-0.6
-1.55
1.55
1.55
-1.55
0.11
-1.55
-0.35
1.88
1.55
-1.55
1.88
-1.55
1.55
-1.55
-1.55
-1.55
-1.55
1.88
1.55
1.55
1.55
0.11
-0.35
0.11
-1.55
-0.6
1.55
-1.55
-1.55
-1.55
1.55
1.55
-1.55
0.11
0.11
-0.35
-1.55
0.11
0.11
-1.55
-1.55
1.55
1.88
-0.35
-1.55
-0.6
-0.6
0.11
0.11
1.55
-1.55
-0.6
0.11
-1.55
-1.55
-1.55
-1.55
0.11
-1.55
1.55
-1.55
1.55
-1.55
1.55
-0.35
1.88
-1.55
0.11
-1.55
-1.55
1.55
-1.55
0.11
-1.55
-0.6
-0.35
-1.55
0.11
-1.55
0.11
-0.35
-1.55
1.88
-0.35
-1.55
-0.35
-1.55
-0.35
-1.55
1.55
-1.55
-1.55
-1.55
0.11
-1.55
-0.6
-1.55
0.11
-1.55
-0.6
-1.55
1.88
-1.55
1.55
-1.55
1.55
0.11
1.55
-1.55
0.11
1.88
-1.55
1.55
-1.55
-1.55
-1.55
-1.55
-0.6
-0.35
-1.55
1.88
-1.55
-1.55
-0.6
-1.55
1.55
0.11
-0.35
-1.55
1.55
1.55
-1.55
-1.55
0.11
1.55
1.55
-1.55
