26.1396666666667 25.5666666666667 25.129 25.0223333333333 25.4123333333333 26.0273333333333 26.3383333333333 26.4103333333333 26.252 26.2976666666667 26.427 26.6253333333333 26.4913333333333 26.1796666666667 25.698 25.4253333333333 25.5913333333333 26.13 26.6963333333333 26.86 26.721 26.6563333333333 26.6266666666667 26.6033333333333 26.296 25.9116666666667 25.5273333333333
26.4913333333333 26.1796666666667 25.698 25.4253333333333 25.5913333333333 26.13 26.6963333333333 26.86 26.721 26.6563333333333 26.6266666666667 26.6033333333333 26.296 25.9116666666667 25.5273333333333 25.5873333333333 25.9116666666667 26.5933333333333 26.9743333333333 27.102 26.9756666666667 26.8143333333333 26.795 26.6126666666667 26.4016666666667 25.9103333333333 25.6206666666667
26.296 25.9116666666667 25.5273333333333 25.5873333333333 25.9116666666667 26.5933333333333 26.9743333333333 27.102 26.9756666666667 26.8143333333333 26.795 26.6126666666667 26.4016666666667 25.9103333333333 25.6206666666667 25.5576666666667 26.0293333333333 26.6296666666667 27.033 27.0533333333333 26.8403333333333 26.749 26.6803333333333 26.6233333333333 26.2656666666667 25.9223333333333 25.5403333333333
26.4016666666667 25.9103333333333 25.6206666666667 25.5576666666667 26.0293333333333 26.6296666666667 27.033 27.0533333333333 26.8403333333333 26.749 26.6803333333333 26.6233333333333 26.2656666666667 25.9223333333333 25.5403333333333 25.493 25.768 26.383 26.8913333333333 27.0356666666667 26.806 26.631 26.6173333333333 26.592 26.4153333333333 25.8623333333333 25.4463333333333
26.2656666666667 25.9223333333333 25.5403333333333 25.493 25.768 26.383 26.8913333333333 27.0356666666667 26.806 26.631 26.6173333333333 26.592 26.4153333333333 25.8623333333333 25.4463333333333 25.3326666666667 25.837 26.5283333333333 27.038 27.1246666666667 26.985 26.837 26.761 26.607 26.2436666666667 25.7903333333333 25.3843333333333
26.4153333333333 25.8623333333333 25.4463333333333 25.3326666666667 25.837 26.5283333333333 27.038 27.1246666666667 26.985 26.837 26.761 26.607 26.2436666666667 25.7903333333333 25.3843333333333 25.4056666666667 25.8523333333333 26.535 26.9666666666667 26.8966666666667 26.662 26.4633333333333 26.4796666666667 26.471 26.4273333333333 26.2133333333333 25.9523333333333
26.2436666666667 25.7903333333333 25.3843333333333 25.4056666666667 25.8523333333333 26.535 26.9666666666667 26.8966666666667 26.662 26.4633333333333 26.4796666666667 26.471 26.4273333333333 26.2133333333333 25.9523333333333 25.8883333333333 26.2473333333333 26.6953333333333 27.1036666666667 27.1266666666667 27.071 26.879 26.895 26.8286666666667 26.5286666666667 26.037 25.6056666666667
26.4273333333333 26.2133333333333 25.9523333333333 25.8883333333333 26.2473333333333 26.6953333333333 27.1036666666667 27.1266666666667 27.071 26.879 26.895 26.8286666666667 26.5286666666667 26.037 25.6056666666667 25.653 26.0906666666667 26.7146666666667 27.0356666666667 26.9676666666667 26.8316666666667 26.6743333333333 26.6643333333333 26.555 26.4396666666667 26.094 25.9346666666667
26.5286666666667 26.037 25.6056666666667 25.653 26.0906666666667 26.7146666666667 27.0356666666667 26.9676666666667 26.8316666666667 26.6743333333333 26.6643333333333 26.555 26.4396666666667 26.094 25.9346666666667 26.0026666666667 26.452 26.8383333333333 27.163 27.0326666666667 26.872 26.5723333333333 26.5806666666667 26.562 26.4833333333333 26.2083333333333 25.8416666666667
26.4396666666667 26.094 25.9346666666667 26.0026666666667 26.452 26.8383333333333 27.163 27.0326666666667 26.872 26.5723333333333 26.5806666666667 26.562 26.4833333333333 26.2083333333333 25.8416666666667 25.7236666666667 26.0396666666667 26.6136666666667 27.116 27.2443333333333 27.1736666666667 27.0086666666667 26.924 26.7873333333333 26.447 26.0033333333333 25.475
26.4833333333333 26.2083333333333 25.8416666666667 25.7236666666667 26.0396666666667 26.6136666666667 27.116 27.2443333333333 27.1736666666667 27.0086666666667 26.924 26.7873333333333 26.447 26.0033333333333 25.475 25.5006666666667 25.9456666666667 26.7136666666667 27.243 27.3746666666667 27.245 27.0993333333333 27.1353333333333 27.2113333333333 27.0623333333333 26.8343333333333 26.521
26.447 26.0033333333333 25.475 25.5006666666667 25.9456666666667 26.7136666666667 27.243 27.3746666666667 27.245 27.0993333333333 27.1353333333333 27.2113333333333 27.0623333333333 26.8343333333333 26.521 26.5373333333333 26.7183333333333 27.2166666666667 27.431 27.413 27.187 27.1106666666667 27.1246666666667 26.9686666666667 26.4553333333333 26.0836666666667 25.735
27.0623333333333 26.8343333333333 26.521 26.5373333333333 26.7183333333333 27.2166666666667 27.431 27.413 27.187 27.1106666666667 27.1246666666667 26.9686666666667 26.4553333333333 26.0836666666667 25.735 25.85 26.1216666666667 26.714 27.0486666666667 27.0546666666667 26.8873333333333 26.8453333333333 26.821 26.6983333333333 26.355 25.9896666666667 25.781
26.4553333333333 26.0836666666667 25.735 25.85 26.1216666666667 26.714 27.0486666666667 27.0546666666667 26.8873333333333 26.8453333333333 26.821 26.6983333333333 26.355 25.9896666666667 25.781 25.7963333333333 26.1886666666667 26.7016666666667 27.2393333333333 27.233 27.095 26.87 26.8563333333333 26.7366666666667 26.4873333333333 26.101 25.7363333333333
26.355 25.9896666666667 25.781 25.7963333333333 26.1886666666667 26.7016666666667 27.2393333333333 27.233 27.095 26.87 26.8563333333333 26.7366666666667 26.4873333333333 26.101 25.7363333333333 25.685 25.999 26.535 27.001 27.092 26.9883333333333 26.8583333333333 26.7653333333333 26.5703333333333 26.2853333333333 25.895 25.6396666666667
26.4873333333333 26.101 25.7363333333333 25.685 25.999 26.535 27.001 27.092 26.9883333333333 26.8583333333333 26.7653333333333 26.5703333333333 26.2853333333333 25.895 25.6396666666667 25.548 25.9703333333333 26.536 27.0046666666667 26.977 26.8666666666667 26.717 26.6613333333333 26.0336666666667 25.3806666666667 24.662 24.3203333333333
26.2853333333333 25.895 25.6396666666667 25.548 25.9703333333333 26.536 27.0046666666667 26.977 26.8666666666667 26.717 26.6613333333333 26.0336666666667 25.3806666666667 24.662 24.3203333333333 24.565 25.1773333333333 26.0866666666667 26.603 26.8106666666667 26.7846666666667 26.5693333333333 26.447 26.4133333333333 26.3603333333333 26.0943333333333 25.775
25.3806666666667 24.662 24.3203333333333 24.565 25.1773333333333 26.0866666666667 26.603 26.8106666666667 26.7846666666667 26.5693333333333 26.447 26.4133333333333 26.3603333333333 26.0943333333333 25.775 25.607 25.864 26.2936666666667 26.6883333333333 26.815 26.6623333333333 26.505 26.3726666666667 26.299 26.1066666666667 25.8063333333333 25.5093333333333
26.3603333333333 26.0943333333333 25.775 25.607 25.864 26.2936666666667 26.6883333333333 26.815 26.6623333333333 26.505 26.3726666666667 26.299 26.1066666666667 25.8063333333333 25.5093333333333 25.4123333333333 25.6723333333333 26.2203333333333 26.6936666666667 26.7986666666667 26.7376666666667 26.6696666666667 26.7216666666667 26.684 26.4173333333333 25.961 25.4323333333333
26.1066666666667 25.8063333333333 25.5093333333333 25.4123333333333 25.6723333333333 26.2203333333333 26.6936666666667 26.7986666666667 26.7376666666667 26.6696666666667 26.7216666666667 26.684 26.4173333333333 25.961 25.4323333333333 25.3283333333333 25.6803333333333 26.294 26.6786666666667 26.8776666666667 26.8393333333333 26.834 26.7466666666667 26.6703333333333 26.3496666666667 25.8116666666667 25.4743333333333
26.4173333333333 25.961 25.4323333333333 25.3283333333333 25.6803333333333 26.294 26.6786666666667 26.8776666666667 26.8393333333333 26.834 26.7466666666667 26.6703333333333 26.3496666666667 25.8116666666667 25.4743333333333 25.3766666666667 25.8083333333333 26.3103333333333 26.8476666666667 27.045 27.037 26.9363333333333 26.9413333333333 26.86 26.6996666666667 26.3433333333333 26.0563333333333
26.3496666666667 25.8116666666667 25.4743333333333 25.3766666666667 25.8083333333333 26.3103333333333 26.8476666666667 27.045 27.037 26.9363333333333 26.9413333333333 26.86 26.6996666666667 26.3433333333333 26.0563333333333 26.036 26.2923333333333 26.821 27.2253333333333 27.3843333333333 27.2486666666667 27.1796666666667 27.156 27.0816666666667 26.8193333333333 26.4926666666667 26.0836666666667
26.6996666666667 26.3433333333333 26.0563333333333 26.036 26.2923333333333 26.821 27.2253333333333 27.3843333333333 27.2486666666667 27.1796666666667 27.156 27.0816666666667 26.8193333333333 26.4926666666667 26.0836666666667 25.9416666666667 26.0576666666667 26.4396666666667 26.682 26.7563333333333 26.7073333333333 26.6586666666667 26.65 26.622 26.4826666666667 26.2296666666667 25.9143333333333
26.8193333333333 26.4926666666667 26.0836666666667 25.9416666666667 26.0576666666667 26.4396666666667 26.682 26.7563333333333 26.7073333333333 26.6586666666667 26.65 26.622 26.4826666666667 26.2296666666667 25.9143333333333 25.8006666666667 26.0273333333333 26.5313333333333 26.799 26.8326666666667 26.7506666666667 26.7816666666667 26.8133333333333 26.7016666666667 26.564 26.279 26.0633333333333
26.4826666666667 26.2296666666667 25.9143333333333 25.8006666666667 26.0273333333333 26.5313333333333 26.799 26.8326666666667 26.7506666666667 26.7816666666667 26.8133333333333 26.7016666666667 26.564 26.279 26.0633333333333 25.982 26.304 26.7636666666667 27.0276666666667 27.0136666666667 26.916 26.8813333333333 26.851 26.697 26.3876666666667 25.9803333333333 25.5383333333333
26.564 26.279 26.0633333333333 25.982 26.304 26.7636666666667 27.0276666666667 27.0136666666667 26.916 26.8813333333333 26.851 26.697 26.3876666666667 25.9803333333333 25.5383333333333 25.449 25.7703333333333 26.4106666666667 26.8706666666667 27.0636666666667 26.9346666666667 26.7323333333333 26.6276666666667 26.662 26.633 26.3013333333333 25.7896666666667
26.3876666666667 25.9803333333333 25.5383333333333 25.449 25.7703333333333 26.4106666666667 26.8706666666667 27.0636666666667 26.9346666666667 26.7323333333333 26.6276666666667 26.662 26.633 26.3013333333333 25.7896666666667 25.5403333333333 25.7506666666667 26.306 26.6963333333333 26.8166666666667 26.796 26.7493333333333 26.6676666666667 26.5393333333333 26.293 25.969 25.583
26.633 26.3013333333333 25.7896666666667 25.5403333333333 25.7506666666667 26.306 26.6963333333333 26.8166666666667 26.796 26.7493333333333 26.6676666666667 26.5393333333333 26.293 25.969 25.583 25.588 26.016 26.4976666666667 26.808 26.6586666666667 26.607 26.441 26.4643333333333 26.378 26.3156666666667 25.948 25.6386666666667
26.293 25.969 25.583 25.588 26.016 26.4976666666667 26.808 26.6586666666667 26.607 26.441 26.4643333333333 26.378 26.3156666666667 25.948 25.6386666666667 25.5046666666667 25.8106666666667 26.299 26.805 27.0253333333333 27.0153333333333 26.8893333333333 26.829 26.66 26.393 26.0163333333333 25.7686666666667
26.3156666666667 25.948 25.6386666666667 25.5046666666667 25.8106666666667 26.299 26.805 27.0253333333333 27.0153333333333 26.8893333333333 26.829 26.66 26.393 26.0163333333333 25.7686666666667 25.649 25.8546666666667 26.2196666666667 26.59 26.8216666666667 26.8106666666667 26.7066666666667 26.5413333333333 26.5066666666667 26.4563333333333 26.2056666666667 25.7963333333333
26.393 26.0163333333333 25.7686666666667 25.649 25.8546666666667 26.2196666666667 26.59 26.8216666666667 26.8106666666667 26.7066666666667 26.5413333333333 26.5066666666667 26.4563333333333 26.2056666666667 25.7963333333333 25.5656666666667 25.7656666666667 26.2386666666667 26.635 26.7513333333333 26.6643333333333 26.564 26.519 26.3716666666667 26.1846666666667 25.9156666666667 25.6863333333333
26.4563333333333 26.2056666666667 25.7963333333333 25.5656666666667 25.7656666666667 26.2386666666667 26.635 26.7513333333333 26.6643333333333 26.564 26.519 26.3716666666667 26.1846666666667 25.9156666666667 25.6863333333333 25.596 25.8133333333333 26.22 26.4633333333333 26.462 26.4013333333333 26.4536666666667 26.5506666666667 26.5486666666667 26.453 26.1196666666667 25.8993333333333
26.1846666666667 25.9156666666667 25.6863333333333 25.596 25.8133333333333 26.22 26.4633333333333 26.462 26.4013333333333 26.4536666666667 26.5506666666667 26.5486666666667 26.453 26.1196666666667 25.8993333333333 25.7923333333333 26.1906666666667 26.553 26.813 26.7603333333333 26.7063333333333 26.726 26.629 26.5653333333333 26.2556666666667 26.0043333333333 25.6983333333333
26.453 26.1196666666667 25.8993333333333 25.7923333333333 26.1906666666667 26.553 26.813 26.7603333333333 26.7063333333333 26.726 26.629 26.5653333333333 26.2556666666667 26.0043333333333 25.6983333333333 25.725 26.0326666666667 26.551 26.908 27.0016666666667 26.919 26.808 26.8086666666667 26.6973333333333 26.4646666666667 26.0653333333333 25.6293333333333
26.2556666666667 26.0043333333333 25.6983333333333 25.725 26.0326666666667 26.551 26.908 27.0016666666667 26.919 26.808 26.8086666666667 26.6973333333333 26.4646666666667 26.0653333333333 25.6293333333333 25.453 25.5403333333333 26.0696666666667 26.4136666666667 26.585 26.3776666666667 26.334 26.3523333333333 26.4726666666667 26.4033333333333 26.1906666666667 25.8703333333333
26.4646666666667 26.0653333333333 25.6293333333333 25.453 25.5403333333333 26.0696666666667 26.4136666666667 26.585 26.3776666666667 26.334 26.3523333333333 26.4726666666667 26.4033333333333 26.1906666666667 25.8703333333333 25.7626666666667 25.936 26.3326666666667 26.634 26.6133333333333 26.5183333333333 26.3923333333333 26.3956666666667 26.296 26.2553333333333 26.0583333333333 25.921
26.4033333333333 26.1906666666667 25.8703333333333 25.7626666666667 25.936 26.3326666666667 26.634 26.6133333333333 26.5183333333333 26.3923333333333 26.3956666666667 26.296 26.2553333333333 26.0583333333333 25.921 25.8783333333333 26.249 26.677 26.9346666666667 26.8333333333333 26.579 26.4376666666667 26.3533333333333 26.326 26.2346666666667 25.903 25.5026666666667
