-1.12933333333333 -0.893666666666667 -0.673666666666667 -1.42933333333333 -2.07333333333333 -2.175 -0.801666666666667 -0.499333333333333 -0.574 -1.16733333333333 -1.21066666666667 -1.923 -1.73666666666667 -1.06633333333333 -0.383 -0.694333333333333 -1.824 -1.82466666666667 -1.735 -1.20266666666667 -1.16 -0.617 -0.705333333333333 -0.525 -1.12366666666667 -0.953 -1.09833333333333
-1.73666666666667 -1.06633333333333 -0.383 -0.694333333333333 -1.824 -1.82466666666667 -1.735 -1.20266666666667 -1.16 -0.617 -0.705333333333333 -0.525 -1.12366666666667 -0.953 -1.09833333333333 -0.923 -1.29266666666667 -1.95266666666667 -2.076 -1.76233333333333 -0.939666666666667 -0.602333333333333 -1.069 -2.084 -2.91733333333333 -2.832 -2.56833333333333
-1.12366666666667 -0.953 -1.09833333333333 -0.923 -1.29266666666667 -1.95266666666667 -2.076 -1.76233333333333 -0.939666666666667 -0.602333333333333 -1.069 -2.084 -2.91733333333333 -2.832 -2.56833333333333 -1.99866666666667 -2.41666666666667 -2.23633333333333 -2.205 -1.462 -0.939666666666667 -1.033 -0.930333333333333 -1.37133333333333 -1.324 -1.14966666666667 -1.163
-2.91733333333333 -2.832 -2.56833333333333 -1.99866666666667 -2.41666666666667 -2.23633333333333 -2.205 -1.462 -0.939666666666667 -1.033 -0.930333333333333 -1.37133333333333 -1.324 -1.14966666666667 -1.163 -1.629 -2.45266666666667 -2.808 -2.49633333333333 -1.837 -1.15133333333333 -0.690333333333333 -1.05366666666667 -1.075 -1.06133333333333 -0.361 -0.414666666666667
-1.324 -1.14966666666667 -1.163 -1.629 -2.45266666666667 -2.808 -2.49633333333333 -1.837 -1.15133333333333 -0.690333333333333 -1.05366666666667 -1.075 -1.06133333333333 -0.361 -0.414666666666667 -1.01533333333333 -1.94633333333333 -1.82966666666667 -1.28933333333333 -0.859 -0.714333333333333 -0.930666666666667 -0.767333333333333 -1.33066666666667 -1.644 -1.79966666666667 -1.562
-1.06133333333333 -0.361 -0.414666666666667 -1.01533333333333 -1.94633333333333 -1.82966666666667 -1.28933333333333 -0.859 -0.714333333333333 -0.930666666666667 -0.767333333333333 -1.33066666666667 -1.644 -1.79966666666667 -1.562 -1.90633333333333 -1.75433333333333 -1.93333333333333 -1.823 -2.22566666666667 -1.99 -1.01366666666667 -0.398 -0.581333333333333 -2.27866666666667 -2.81833333333333 -2.71266666666667
-1.644 -1.79966666666667 -1.562 -1.90633333333333 -1.75433333333333 -1.93333333333333 -1.823 -2.22566666666667 -1.99 -1.01366666666667 -0.398 -0.581333333333333 -2.27866666666667 -2.81833333333333 -2.71266666666667 -1.487 -1.29033333333333 -1.564 -1.755 -1.83833333333333 -1.21066666666667 -0.733666666666667 -0.629 -0.873666666666667 -1.19833333333333 -0.461666666666667 -0.394666666666667
-2.27866666666667 -2.81833333333333 -2.71266666666667 -1.487 -1.29033333333333 -1.564 -1.755 -1.83833333333333 -1.21066666666667 -0.733666666666667 -0.629 -0.873666666666667 -1.19833333333333 -0.461666666666667 -0.394666666666667 -0.185666666666667 -0.901 -0.839333333333333 -0.644 -0.0883333333333333 0.36 0.611 0.224 -0.289333333333333 -0.569 -0.481333333333333 -0.516333333333333
-1.19833333333333 -0.461666666666667 -0.394666666666667 -0.185666666666667 -0.901 -0.839333333333333 -0.644 -0.0883333333333333 0.36 0.611 0.224 -0.289333333333333 -0.569 -0.481333333333333 -0.516333333333333 -1.06066666666667 -1.29866666666667 -1.53433333333333 -1.44233333333333 -1.51633333333333 -1.054 -0.677 -0.146666666666667 -0.856333333333333 -1.302 -1.77 -1.02566666666667
-0.569 -0.481333333333333 -0.516333333333333 -1.06066666666667 -1.29866666666667 -1.53433333333333 -1.44233333333333 -1.51633333333333 -1.054 -0.677 -0.146666666666667 -0.856333333333333 -1.302 -1.77 -1.02566666666667 -0.941 -0.558666666666667 -0.746333333333333 -0.793 -1.00366666666667 -0.443 0.0743333333333333 -0.266333333333333 -1.38766666666667 -1.86566666666667 -2.282 -2.46933333333333
-1.302 -1.77 -1.02566666666667 -0.941 -0.558666666666667 -0.746333333333333 -0.793 -1.00366666666667 -0.443 0.0743333333333333 -0.266333333333333 -1.38766666666667 -1.86566666666667 -2.282 -2.46933333333333 -2.78533333333333 -2.72233333333333 -2.862 -2.81233333333333 -2.42033333333333 -1.72033333333333 -0.963333333333333 -0.848 -1.43433333333333 -2.359 -2.88133333333333 -1.869
-1.86566666666667 -2.282 -2.46933333333333 -2.78533333333333 -2.72233333333333 -2.862 -2.81233333333333 -2.42033333333333 -1.72033333333333 -0.963333333333333 -0.848 -1.43433333333333 -2.359 -2.88133333333333 -1.869 -1.794 -1.37166666666667 -2.01766666666667 -1.40433333333333 -1.28066666666667 -0.941666666666667 -0.828666666666667 -1.071 -1.30733333333333 -1.77533333333333 -1.55 -1.26166666666667
-2.359 -2.88133333333333 -1.869 -1.794 -1.37166666666667 -2.01766666666667 -1.40433333333333 -1.28066666666667 -0.941666666666667 -0.828666666666667 -1.071 -1.30733333333333 -1.77533333333333 -1.55 -1.26166666666667 -0.463666666666667 -1.17233333333333 -1.18533333333333 -1.82766666666667 -1.06833333333333 -1.032 -0.747666666666667 -0.940333333333333 -1.451 -1.66266666666667 -2.21533333333333 -2.45933333333333
-1.77533333333333 -1.55 -1.26166666666667 -0.463666666666667 -1.17233333333333 -1.18533333333333 -1.82766666666667 -1.06833333333333 -1.032 -0.747666666666667 -0.940333333333333 -1.451 -1.66266666666667 -2.21533333333333 -2.45933333333333 -2.61433333333333 -1.986 -1.90533333333333 -1.60266666666667 -1.62233333333333 -0.982666666666667 -0.987 -0.0673333333333333 0.034 -0.398333333333333 -1.05533333333333 -1.122
-1.66266666666667 -2.21533333333333 -2.45933333333333 -2.61433333333333 -1.986 -1.90533333333333 -1.60266666666667 -1.62233333333333 -0.982666666666667 -0.987 -0.0673333333333333 0.034 -0.398333333333333 -1.05533333333333 -1.122 -1.598 -2.08533333333333 -2.60933333333333 -1.76233333333333 -1.33533333333333 -0.865 -0.973 -0.899333333333333 -1.303 -1.78866666666667 -2.25033333333333 -1.96833333333333
-0.398333333333333 -1.05533333333333 -1.122 -1.598 -2.08533333333333 -2.60933333333333 -1.76233333333333 -1.33533333333333 -0.865 -0.973 -0.899333333333333 -1.303 -1.78866666666667 -2.25033333333333 -1.96833333333333 -1.85 -2.11133333333333 -2.30733333333333 -2.17133333333333 -1.705 -1.49233333333333 -0.792333333333333 -0.860333333333334 -1.58133333333333 -2.34133333333333 -3.32233333333333 -2.624
-1.78866666666667 -2.25033333333333 -1.96833333333333 -1.85 -2.11133333333333 -2.30733333333333 -2.17133333333333 -1.705 -1.49233333333333 -0.792333333333333 -0.860333333333334 -1.58133333333333 -2.34133333333333 -3.32233333333333 -2.624 -2.73866666666667 -1.818 -2.061 -1.71733333333333 -1.66866666666667 -1.28066666666667 -1.10633333333333 -1.32366666666667 -1.82766666666667 -2.16833333333333 -2.03 -1.578
-2.34133333333333 -3.32233333333333 -2.624 -2.73866666666667 -1.818 -2.061 -1.71733333333333 -1.66866666666667 -1.28066666666667 -1.10633333333333 -1.32366666666667 -1.82766666666667 -2.16833333333333 -2.03 -1.578 -1.64433333333333 -1.691 -2.04066666666667 -1.802 -1.59033333333333 -1.10433333333333 -0.179666666666667 0.490666666666667 1.40566666666667 1.04633333333333 0.755666666666667 -0.056
-2.16833333333333 -2.03 -1.578 -1.64433333333333 -1.691 -2.04066666666667 -1.802 -1.59033333333333 -1.10433333333333 -0.179666666666667 0.490666666666667 1.40566666666667 1.04633333333333 0.755666666666667 -0.056 -0.31 -1.11666666666667 -1.67 -2.063 -1.59166666666667 -1.27266666666667 -1.047 -0.996 -0.740666666666667 -0.213333333333333 -0.00699999999999999 -0.302
1.04633333333333 0.755666666666667 -0.056 -0.31 -1.11666666666667 -1.67 -2.063 -1.59166666666667 -1.27266666666667 -1.047 -0.996 -0.740666666666667 -0.213333333333333 -0.00699999999999999 -0.302 -1.217 -1.93333333333333 -2.18033333333333 -1.95966666666667 -1.53566666666667 -0.888666666666666 -0.301333333333333 -0.0106666666666667 -0.610666666666667 -1.26766666666667 -1.42133333333333 -0.938666666666667
-0.213333333333333 -0.00699999999999999 -0.302 -1.217 -1.93333333333333 -2.18033333333333 -1.95966666666667 -1.53566666666667 -0.888666666666666 -0.301333333333333 -0.0106666666666667 -0.610666666666667 -1.26766666666667 -1.42133333333333 -0.938666666666667 -0.893333333333333 -1.35633333333333 -2.51766666666667 -2.43966666666667 -2.27533333333333 -1.24666666666667 -1.00433333333333 -0.895 -1.908 -2.54666666666667 -2.66466666666667 -1.79066666666667
-1.26766666666667 -1.42133333333333 -0.938666666666667 -0.893333333333333 -1.35633333333333 -2.51766666666667 -2.43966666666667 -2.27533333333333 -1.24666666666667 -1.00433333333333 -0.895 -1.908 -2.54666666666667 -2.66466666666667 -1.79066666666667 -1.24533333333333 -1.74933333333333 -2.107 -2.206 -1.686 -1.48333333333333 -1.38233333333333 -1.268 -1.413 -1.23933333333333 -0.906 -0.432
-2.54666666666667 -2.66466666666667 -1.79066666666667 -1.24533333333333 -1.74933333333333 -2.107 -2.206 -1.686 -1.48333333333333 -1.38233333333333 -1.268 -1.413 -1.23933333333333 -0.906 -0.432 -0.612 -0.814666666666667 -0.564333333333333 -0.673333333333333 -0.791 -1.39666666666667 -1.324 -1.13433333333333 -0.79 -0.578666666666667 -0.06 0.375666666666667
-1.23933333333333 -0.906 -0.432 -0.612 -0.814666666666667 -0.564333333333333 -0.673333333333333 -0.791 -1.39666666666667 -1.324 -1.13433333333333 -0.79 -0.578666666666667 -0.06 0.375666666666667 0.454333333333333 -0.315666666666667 -0.464666666666667 -0.790666666666667 -0.405 -0.794333333333333 -0.291666666666667 -0.461 -0.571 -0.977333333333333 -0.721666666666667 -0.897
-0.578666666666667 -0.06 0.375666666666667 0.454333333333333 -0.315666666666667 -0.464666666666667 -0.790666666666667 -0.405 -0.794333333333333 -0.291666666666667 -0.461 -0.571 -0.977333333333333 -0.721666666666667 -0.897 -0.490666666666667 -0.785 -0.406333333333333 -0.761666666666667 -0.698666666666667 -0.905666666666667 -1.165 -1.012 -1.112 -1.115 -1.23133333333333 -1.352
-0.977333333333333 -0.721666666666667 -0.897 -0.490666666666667 -0.785 -0.406333333333333 -0.761666666666667 -0.698666666666667 -0.905666666666667 -1.165 -1.012 -1.112 -1.115 -1.23133333333333 -1.352 -1.80666666666667 -2.37666666666667 -2.60433333333333 -2.23966666666667 -2.053 -1.592 -1.019 -0.654333333333333 -0.940333333333333 -1.679 -1.996 -1.65666666666667
-1.115 -1.23133333333333 -1.352 -1.80666666666667 -2.37666666666667 -2.60433333333333 -2.23966666666667 -2.053 -1.592 -1.019 -0.654333333333333 -0.940333333333333 -1.679 -1.996 -1.65666666666667 -1.232 -1.379 -2.07733333333333 -2.48133333333333 -2.33866666666667 -1.82533333333333 -1.33666666666667 -1.35366666666667 -0.879666666666667 -1.38566666666667 -1.07533333333333 -1.44433333333333
-1.679 -1.996 -1.65666666666667 -1.232 -1.379 -2.07733333333333 -2.48133333333333 -2.33866666666667 -1.82533333333333 -1.33666666666667 -1.35366666666667 -0.879666666666667 -1.38566666666667 -1.07533333333333 -1.44433333333333 -2.262 -3.15233333333333 -3.207 -2.41033333333333 -1.53366666666667 -1.43633333333333 -0.898 -0.428 -0.827666666666667 -0.636 -1.42766666666667 -1.78133333333333
-1.38566666666667 -1.07533333333333 -1.44433333333333 -2.262 -3.15233333333333 -3.207 -2.41033333333333 -1.53366666666667 -1.43633333333333 -0.898 -0.428 -0.827666666666667 -0.636 -1.42766666666667 -1.78133333333333 -2.97733333333333 -2.925 -2.36633333333333 -1.15633333333333 -0.992666666666667 -0.75 -1.047 -0.982 -0.609 -0.341666666666667 -0.289333333333333 -0.666666666666667
-0.636 -1.42766666666667 -1.78133333333333 -2.97733333333333 -2.925 -2.36633333333333 -1.15633333333333 -0.992666666666667 -0.75 -1.047 -0.982 -0.609 -0.341666666666667 -0.289333333333333 -0.666666666666667 -1.00933333333333 -1.32333333333333 -1.38233333333333 -1.53466666666667 -1.54433333333333 -1.33866666666667 -0.966333333333333 -0.636 -0.333333333333333 -0.922333333333333 -1.244 -1.639
-0.341666666666667 -0.289333333333333 -0.666666666666667 -1.00933333333333 -1.32333333333333 -1.38233333333333 -1.53466666666667 -1.54433333333333 -1.33866666666667 -0.966333333333333 -0.636 -0.333333333333333 -0.922333333333333 -1.244 -1.639 -1.26966666666667 -1.409 -1.087 -0.935333333333333 -0.644 -0.992 -0.912333333333333 -0.670333333333333 -1.03166666666667 -1.74266666666667 -1.92833333333333 -1.28233333333333
-0.922333333333333 -1.244 -1.639 -1.26966666666667 -1.409 -1.087 -0.935333333333333 -0.644 -0.992 -0.912333333333333 -0.670333333333333 -1.03166666666667 -1.74266666666667 -1.92833333333333 -1.28233333333333 -0.204 -0.479666666666667 -0.593666666666667 -0.943666666666667 -0.582666666666667 -0.844333333333333 -1.08966666666667 -1.029 -0.627666666666667 0.296 0.0166666666666667 -0.590666666666667
-1.74266666666667 -1.92833333333333 -1.28233333333333 -0.204 -0.479666666666667 -0.593666666666667 -0.943666666666667 -0.582666666666667 -0.844333333333333 -1.08966666666667 -1.029 -0.627666666666667 0.296 0.0166666666666667 -0.590666666666667 -1.63133333333333 -1.83533333333333 -1.574 -0.738 -0.29 -0.242666666666667 -0.766333333333333 -0.925666666666667 -1.39533333333333 -1.43766666666667 -1.408 -1.494
0.296 0.0166666666666667 -0.590666666666667 -1.63133333333333 -1.83533333333333 -1.574 -0.738 -0.29 -0.242666666666667 -0.766333333333333 -0.925666666666667 -1.39533333333333 -1.43766666666667 -1.408 -1.494 -2.41666666666667 -2.77 -2.213 -1.37433333333333 -0.942333333333333 -0.999666666666667 -1.032 -0.777333333333333 0.17 1.68866666666667 1.779 1.83266666666667
-1.43766666666667 -1.408 -1.494 -2.41666666666667 -2.77 -2.213 -1.37433333333333 -0.942333333333333 -0.999666666666667 -1.032 -0.777333333333333 0.17 1.68866666666667 1.779 1.83266666666667 0.485666666666667 0.182333333333333 -0.664333333333333 -0.676333333333333 -0.544333333333333 -0.637 -0.812333333333333 -0.445 -0.099 -0.259333333333333 -0.107666666666667 -0.49
1.68866666666667 1.779 1.83266666666667 0.485666666666667 0.182333333333333 -0.664333333333333 -0.676333333333333 -0.544333333333333 -0.637 -0.812333333333333 -0.445 -0.099 -0.259333333333333 -0.107666666666667 -0.49 -0.359666666666667 -0.516 -0.399 0.0773333333333333 -0.343666666666667 -0.104333333333333 -0.0276666666666667 0.502 0.818 1.048 0.48 -0.520333333333333
-0.259333333333333 -0.107666666666667 -0.49 -0.359666666666667 -0.516 -0.399 0.0773333333333333 -0.343666666666667 -0.104333333333333 -0.0276666666666667 0.502 0.818 1.048 0.48 -0.520333333333333 -1.86966666666667 -1.73333333333333 -1.893 -1.385 -1.48566666666667 -0.849333333333333 -0.448333333333333 -0.16 -0.639333333333333 -0.943333333333333 -1.71066666666667 -2.25533333333333
