254.42
163.045314905305
254.42
254.42
316.288796655904
163.045314905305
254.42
254.42
316.288796655904
316.288796655904
254.42
163.045314905305
188.968239163481
254.42
254.42
273.29230045605
273.29230045605
273.29230045605
316.288796655904
254.42
314.106520043777
254.42
254.42
316.288796655904
314.106520043777
163.045314905305
254.42
163.045314905305
254.42
254.42
254.42
254.42
273.29230045605
163.045314905305
254.42
273.29230045605
254.42
188.968239163481
316.288796655904
188.968239163481
316.288796655904
254.42
254.42
254.42
254.42
273.29230045605
273.29230045605
163.045314905305
254.42
273.29230045605
316.288796655904
316.288796655904
273.29230045605
316.288796655904
163.045314905305
254.42
254.42
273.29230045605
254.42
273.29230045605
314.106520043777
316.288796655904
254.42
188.968239163481
254.42
188.968239163481
163.045314905305
273.29230045605
273.29230045605
254.42
254.42
163.045314905305
254.42
254.42
316.288796655904
254.42
254.42
254.42
188.968239163481
254.42
254.42
188.968239163481
254.42
188.968239163481
273.29230045605
316.288796655904
254.42
273.29230045605
188.968239163481
316.288796655904
254.42
314.106520043777
254.42
254.42
254.42
254.42
188.968239163481
273.29230045605
254.42
316.288796655904
254.42
273.29230045605
163.045314905305
163.045314905305
273.29230045605
254.42
254.42
188.968239163481
316.288796655904
254.42
254.42
163.045314905305
254.42
188.968239163481
254.42
163.045314905305
254.42
188.968239163481
163.045314905305
163.045314905305
273.29230045605
254.42
188.968239163481
254.42
314.106520043777
273.29230045605
188.968239163481
316.288796655904
273.29230045605
163.045314905305
314.106520043777
254.42
254.42
254.42
273.29230045605
163.045314905305
188.968239163481
254.42
163.045314905305
254.42
254.42
188.968239163481
316.288796655904
254.42
254.42
273.29230045605
254.42
314.106520043777
273.29230045605
316.288796655904
254.42
254.42
316.288796655904
273.29230045605
188.968239163481
254.42
254.42
254.42
273.29230045605
188.968239163481
273.29230045605
273.29230045605
254.42
273.29230045605
254.42
314.106520043777
188.968239163481
254.42
273.29230045605
273.29230045605
254.42
163.045314905305
254.42
163.045314905305
254.42
254.42
314.106520043777
273.29230045605
316.288796655904
254.42
254.42
254.42
273.29230045605
254.42
254.42
188.968239163481
254.42
163.045314905305
254.42
254.42
273.29230045605
273.29230045605
254.42
316.288796655904
316.288796655904
254.42
254.42
163.045314905305
254.42
254.42
254.42
273.29230045605
188.968239163481
254.42
163.045314905305
254.42
254.42
254.42
163.045314905305
254.42
316.288796655904
273.29230045605
254.42
254.42
273.29230045605
188.968239163481
254.42
254.42
273.29230045605
254.42
163.045314905305
316.288796655904
273.29230045605
188.968239163481
188.968239163481
316.288796655904
316.288796655904
254.42
254.42
273.29230045605
316.288796655904
163.045314905305
316.288796655904
316.288796655904
254.42
254.42
273.29230045605
254.42
188.968239163481
273.29230045605
254.42
254.42
163.045314905305
188.968239163481
314.106520043777
254.42
254.42
273.29230045605
273.29230045605
316.288796655904
273.29230045605
163.045314905305
254.42
163.045314905305
316.288796655904
188.968239163481
254.42
316.288796655904
254.42
273.29230045605
254.42
314.106520043777
254.42
163.045314905305
254.42
316.288796655904
273.29230045605
273.29230045605
273.29230045605
254.42
273.29230045605
254.42
273.29230045605
188.968239163481
188.968239163481
314.106520043777
273.29230045605
254.42
188.968239163481
163.045314905305
254.42
254.42
254.42
254.42
254.42
254.42
273.29230045605
316.288796655904
254.42
254.42
254.42
188.968239163481
314.106520043777
254.42
316.288796655904
254.42
254.42
254.42
273.29230045605
254.42
