1948 1011.537 1011.506 1010.200 1010.816 1010.339 1009.856 1009.788 1010.151 1010.784 1011.648 1012.135 1011.805
1949 1012.266 1009.834 1011.243 1011.114 1010.353 1011.268 1011.413 1011.667 1011.760 1011.561 1011.086 1009.549
1950 1009.667 1009.809 1010.100 1009.254 1009.895 1009.494 1010.852 1011.295 1011.428 1011.051 1009.369 1011.288
1951 1010.669 1009.092 1010.822 1011.025 1011.474 1010.639 1011.155 1012.183 1012.128 1012.411 1012.004 1012.037
1952 1011.631 1010.406 1010.185 1011.180 1010.092 1011.078 1010.952 1010.831 1011.862 1011.322 1010.503 1012.430
1953 1011.052 1012.125 1010.766 1010.484 1011.361 1011.008 1011.643 1011.947 1012.188 1012.524 1011.870 1011.929
1954 1009.144 1010.269 1010.020 1009.358 1008.862 1009.722 1009.760 1009.839 1010.256 1011.268 1010.880 1009.424
1955 1011.289 1007.598 1009.808 1009.024 1008.621 1009.466 1009.971 1009.739 1010.266 1010.252 1009.337 1010.133
1956 1008.641 1008.826 1009.709 1008.537 1008.463 1009.511 1010.108 1009.707 1009.814 1010.183 1010.831 1010.331
1957 1009.756 1009.602 1010.428 1010.570 1009.764 1009.948 1009.330 1009.916 1011.004 1011.280 1011.614 1010.141
1958 1011.899 1011.051 1009.843 1009.402 1008.796 1008.980 1009.477 1009.183 1009.948 1010.000 1009.959 1010.418
1959 1010.505 1010.394 1009.814 1009.464 1007.982 1009.401 1009.702 1009.363 1009.899 1010.512 1009.695 1009.685
1960 1009.835 1009.048 1009.526 1008.749 1008.402 1009.589 1009.199 1009.587 1009.865 1010.911 1010.282 1010.068
1961 1010.242 1007.491 1010.720 1008.617 1008.801 1009.734 1009.758 1010.428 1010.873 1010.830 1010.171 1008.913
1962 1007.862 1009.569 1008.907 1008.861 1007.968 1009.070 1009.245 1010.545 1009.659 1009.726 1009.961 1010.040
1963 1008.240 1009.499 1008.976 1009.075 1008.172 1010.309 1009.829 1010.381 1011.155 1011.464 1010.443 1010.762
1964 1010.513 1009.290 1009.265 1008.107 1008.420 1009.198 1009.470 1009.922 1009.339 1010.012 1010.163 1010.178
1965 1010.208 1008.506 1009.990 1009.634 1008.654 1010.919 1010.862 1010.374 1011.236 1011.182 1010.991 1008.969
1966 1011.182 1009.596 1008.970 1009.189 1010.303 1010.701 1009.809 1010.227 1011.085 1010.797 1009.523 1008.393
1967 1009.885 1008.956 1009.826 1009.777 1009.102 1009.490 1009.969 1011.280 1011.577 1011.650 1010.825 1010.536
1968 1009.512 1010.724 1008.887 1009.995 1009.420 1010.293 1010.720 1011.113 1011.073 1011.277 1011.542 1009.514
1969 1009.578 1010.277 1010.306 1009.972 1009.279 1010.237 1010.990 1011.381 1011.132 1011.091 1010.991 1010.774
1970 1010.822 1010.475 1009.284 1009.812 1009.176 1009.946 1010.791 1009.788 1009.881 1009.885 1009.303 1008.854
1971 1008.939 1008.149 1009.761 1009.361 1008.703 1010.599 1009.818 1010.226 1010.237 1011.108 1010.993 1009.409
1972 1010.349 1009.347 1010.125 1010.398 1010.247 1009.684 1011.020 1011.072 1011.647 1012.036 1010.810 1011.739
1973 1010.437 1010.915 1009.812 1009.132 1009.432 1009.204 1009.585 1009.772 1010.636 1009.484 1008.931 1008.953
1974 1008.357 1008.500 1009.948 1009.211 1009.442 1009.966 1009.966 1010.088 1010.039 1009.637 1009.874 1010.050
1975 1010.008 1009.854 1009.397 1008.433 1009.148 1009.546 1010.119 1009.478 1009.867 1009.343 1010.241 1009.185
1976 1009.977 1010.262 1009.040 1010.415 1010.319 1010.257 1011.285 1011.030 1012.332 1011.082 1009.948 1010.500
1977 1010.568 1010.143 1011.108 1009.953 1010.017 1009.742 1009.535 1011.236 1011.944 1012.406 1011.339 1011.403
1978 1010.901 1012.124 1009.785 1010.691 1008.498 1010.068 1009.660 1010.988 1011.248 1011.200 1011.434 1010.909
1979 1011.076 1010.372 1010.279 1009.537 1010.478 1010.851 1011.985 1011.364 1011.539 1012.745 1010.244 1011.493
1980 1009.476 1010.228 1011.312 1009.661 1010.105 1010.487 1011.068 1011.843 1011.667 1011.570 1010.554 1010.355
1981 1011.377 1010.931 1011.229 1010.053 1009.349 1010.391 1010.276 1011.156 1011.273 1011.344 1010.262 1011.409
1982 1010.421 1010.546 1010.160 1010.781 1010.829 1010.980 1011.070 1012.146 1012.779 1012.050 1011.188 1010.692
1983 1011.648 1011.701 1010.967 1009.539 1009.966 1010.756 1010.624 1011.203 1011.624 1010.467 1011.630 1011.173
1984 1009.226 1008.054 1009.951 1009.200 1009.328 1010.085 1009.692 1010.755 1011.087 1011.883 1010.786 1009.344
1985 1010.830 1007.042 1010.142 1008.925 1008.854 1010.594 1010.875 1010.971 1011.234 1010.792 1011.055 1010.846
1986 1009.927 1010.536 1009.682 1009.810 1010.032 1009.900 1011.923 1011.480 1012.250 1012.321 1011.747 1011.508
1987 1011.067 1012.040 1010.865 1010.979 1010.831 1010.305 1011.852 1011.607 1012.411 1011.738 1011.280 1011.425
1988 1010.139 1010.526 1008.692 1009.954 1009.102 1010.505 1010.439 1010.736 1010.481 1010.769 1010.306 1010.964
1989 1008.552 1010.077 1009.345 1009.333 1009.332 1010.957 1009.759 1010.877 1011.068 1011.242 1010.867 1011.047
1990 1009.563 1010.953 1010.983 1009.101 1009.242 1010.327 1011.177 1011.202 1011.474 1011.240 1011.402 1010.726
1991 1010.273 1010.979 1010.304 1009.655 1009.941 1010.307 1010.993 1011.668 1012.406 1011.081 1012.130 1010.957
1992 1012.149 1010.626 1010.986 1010.071 1009.530 1009.569 1010.975 1011.497 1010.932 1011.362 1010.948 1011.340
1993 1010.876 1011.565 1010.924 1010.651 1010.046 1010.354 1010.737 1011.961 1011.981 1012.030 1009.807 1010.156
1994 1009.815 1008.861 1010.429 1010.099 1010.883 1010.201 1011.359 1012.133 1013.043 1012.233 1010.989 1011.674
1995 1010.696 1009.831 1010.124 1009.619 1009.949 1009.685 1009.623 1010.844 1011.616 1010.174 1009.617 1010.883
1996 1009.695 1009.195 1009.331 1009.360 1010.246 1009.861 1009.912 1010.721 1009.746 1010.087 1009.994 1010.040
1997 1009.572 1009.281 1011.598 1010.914 1010.111 1011.317 1011.700 1012.876 1013.310 1013.541 1012.424 1011.574
1998 1011.426 1012.254 1010.654 1010.035 1009.018 1010.030 1009.902 1010.844 1010.736 1010.175 1009.509 1009.481
1999 1008.360 1010.354 1007.206 1009.168 1010.086 1011.226 1010.724 1011.816 1011.232 1010.913 1010.390 1009.526
2000 1008.679 1008.380 1008.665 1008.244 1009.743 1009.127 1009.344 1010.839 1011.123 1010.597 1008.934 1009.337
2001 1007.805 1008.555 1009.122 1009.582 1010.022 1010.204 1010.593 1011.185 1011.106 1010.556 1009.908 1011.382
2002 1009.623 1010.757 1009.587 1008.928 1009.663 1010.472 1011.023 1011.871 1012.633 1011.896 1011.511 1011.131
2003 1011.420 1009.442 1010.349 1010.085 1009.805 1010.509 1011.400 1011.655 1012.093 1011.663 1011.132 1010.742
2004 1010.309 1009.955 1009.343 1010.263 1010.125 1012.012 1010.465 1011.919 1011.450 1012.249 1011.135 1010.508
2005 1010.295 1011.080 1010.657 1010.814 1009.819 1009.656 1011.414 1011.466 1011.352 1011.214 1010.499 1009.738
2006 1009.887 1010.229 1009.289 1009.486 1010.496 1010.672 1011.475 1011.985 1012.540 1013.212 1010.721 1010.427
2007 1010.875 1009.876 1009.461 1009.944 1010.213 1009.179 1010.616 1010.913 1011.319 1011.028 1010.061 1008.404
2008 1009.791 1009.076 1008.843 1008.824 1010.844 1010.920 1010.838 1010.780 1011.421 1011.128 1009.232 1009.821
2009 1010.254 1009.120 1009.697 1009.613 1009.472 1010.807 1011.388 1011.431 1011.776 1011.697 1009.942 1010.296
2010 1010.502 1010.392 1010.564 1010.158 1008.618 1009.987 1009.799 1009.809 1009.779 1009.551 1008.438 1007.406
2011 1007.879 1008.195 1008.424 1009.187 1010.004 1009.926 1010.354 1010.986 1011.839 1010.385 1009.885 1007.977
2012 1008.726 1008.481 1008.643 1010.215 1009.714 1010.180 1010.442 1011.622 1012.237 1011.089 1010.564 1008.742
2013 1009.956 1008.668 1009.960 1009.322 1009.625 1008.957 1010.057 1010.507 1011.007 1011.674 1009.720 1008.743
2014 1010.371 1008.805 1009.948 1009.821 1009.738 1009.225 1010.700 -999.999 -999.999 -999.999 -999.999 -999.999