1948   -3.412   -3.360   -2.194   -0.951    1.417    3.272    3.104    3.881    2.808    1.781    0.386   -1.414
1949   -2.812   -2.948   -3.122   -0.676    0.607    2.272    2.625    3.225    2.732    1.484    0.244   -1.612
1950   -2.967   -2.886   -1.638   -0.841    2.184    2.798    3.350    3.188    3.281    2.110   -0.502   -4.366
1951   -2.980   -3.023   -3.226    0.303    2.894    2.570    2.828    3.836    2.967    1.578   -0.145   -0.984
1952   -4.247   -3.237   -2.405   -0.310    2.903    2.919    3.370    3.350    2.324    2.128   -0.327   -0.414
1953   -3.509   -3.457   -2.244   -0.733    2.637    2.853    3.457    4.416    2.796    1.522    0.555   -1.165
1954   -3.859   -2.785   -2.757   -1.966    0.412    1.793    2.282    2.921    2.319    0.658    0.381   -3.305
1955   -3.657   -4.010   -3.665   -1.355    0.125    0.765    0.580    1.340    0.863   -0.042   -1.130   -3.366
1956   -4.690   -4.527   -4.171   -1.637   -1.091   -0.479    0.729    1.819    2.070   -0.809   -1.603   -3.796
1957   -4.628   -6.165   -4.599   -2.385   -0.646    0.612    0.972    3.341    2.651   -0.067   -2.797   -5.259
1958   -4.870   -3.287   -4.842   -3.474   -0.452    1.491    2.106    0.882    2.032   -0.301   -2.903   -4.404
1959   -7.333   -5.156   -4.415   -3.114   -0.910    1.917    2.786    3.815    1.253   -0.521   -1.910   -4.178
1960   -4.437   -4.741   -4.550   -2.891   -0.950    1.431    1.050    3.624    1.225    0.394   -2.662   -4.047
1961   -6.016   -5.460   -4.174   -3.250   -0.167    1.321    2.434    2.890    2.357   -1.144   -4.270   -4.833
1962   -5.831   -5.676   -4.049   -2.216   -0.007    0.768    3.137    2.191    1.558   -0.044   -3.315   -4.927
1963   -5.310   -5.858   -5.627   -3.127    0.309    3.151    3.439    3.381    3.236    1.507   -2.865   -3.289
1964   -4.311   -4.558   -3.901   -1.106    1.436    2.694    2.576    3.602    1.398    0.211   -0.809   -2.701
1965   -4.015   -4.863   -3.410   -0.604    0.928    3.408    4.991    3.414    3.964    0.878   -1.527   -4.154
1966   -4.135   -3.884   -2.012   -0.501    1.437    2.359    3.354    2.965    3.266    1.028   -0.854   -1.615
1967   -4.538   -4.566   -4.336   -0.957    0.905    3.238    3.998    4.375    3.292    1.024   -1.987   -3.819
1968   -4.393   -5.351   -3.157   -1.606    0.053    1.160    2.172    3.487    3.196   -0.309   -1.323   -3.358
1969   -4.732   -4.813   -3.471   -0.787    1.316    2.674    3.633    3.038    4.406    1.075    0.127   -2.394
1970   -3.392   -4.215   -3.247   -2.062   -0.090    2.448    3.524    3.372    1.883    1.188   -1.521   -2.790
1971   -4.839   -3.760   -3.245   -0.684    1.320    2.718    4.026    2.165    1.578    0.858   -0.937   -3.936
1972   -3.111   -3.473   -3.335   -1.310    1.764    3.213    6.276    4.468    4.182    1.145   -1.730   -2.327
1973   -4.214   -4.685   -4.142   -1.617   -0.058    1.558    3.212    2.046    0.785    0.791   -1.468   -2.369
1974   -3.705   -3.446   -3.717   -0.821    0.685    2.916    2.946    4.173    1.192    1.434   -0.646   -2.273
1975   -4.031   -3.804   -3.050   -1.818    0.653    1.999    2.180    3.290    0.845    0.466   -1.941   -2.726
1976   -3.025   -3.737   -3.504   -0.102    3.485    3.477    5.281    4.542    4.703    0.193   -0.718   -2.158
1977   -3.130   -3.954   -3.863   -1.791    1.243    2.918    5.423    4.858    4.794    0.796   -1.017   -3.222
1978   -4.303   -4.788   -3.277   -1.058    0.222    2.123    2.779    3.718    2.249    2.057   -0.688   -3.132
1979   -4.878   -3.616   -2.919   -0.512    0.672    2.451    4.320    3.978    1.389    1.538   -0.824   -2.622
1980   -4.011   -4.918   -3.225   -1.738    1.597    2.889    3.775    3.971    4.214    1.315   -0.855   -1.773
1981   -3.327   -4.308   -2.906   -0.793    0.865    2.805    2.917    5.072    2.275    1.026   -0.688   -3.514
1982   -3.409   -3.018   -2.215   -1.213    1.702    4.168    5.859    5.787    4.424    2.475   -0.283   -1.623
1983   -3.534   -3.566   -2.682   -1.891    0.504    2.648    3.861    4.185    2.703    0.861    0.661   -2.210
1984   -2.842   -3.446   -2.330   -0.460    1.262    3.172    2.985    4.465    1.158    1.828   -0.706   -2.368
1985   -2.902   -2.740   -3.042    0.344    1.077    4.307    3.881    4.381    2.708    1.329   -1.062   -1.214
1986   -2.935   -2.982   -1.958   -0.977    3.452    2.619    3.673    6.286    3.149    0.923    0.053   -2.790
1987   -4.543   -4.564   -2.494   -0.738    1.396    3.972    4.958    4.729    4.428    1.322    0.451   -2.013
1988   -2.639   -2.918   -2.845   -0.514    1.432    3.659    3.798    2.512    2.190    1.524   -0.946   -1.926
1989   -2.861   -2.369   -2.116   -1.210    1.503    2.784    3.173    4.226    2.957    1.752   -0.798   -2.781
1990   -3.917   -3.483   -3.374   -0.883    1.455    4.017    4.609    5.448    4.154    1.500    0.185   -3.346
1991   -3.723   -3.816   -2.223   -1.037    1.997    3.621    4.890    5.758    4.741    2.874    0.043   -2.784
1992   -3.130   -3.713   -2.462   -0.677    1.046    3.230    4.051    4.500    2.359    1.582   -0.896   -2.957
1993   -3.301   -2.761   -2.041   -0.826    1.001    2.991    4.002    4.252    2.621    1.304   -0.206   -1.331
1994   -2.610   -2.561   -1.813    0.305    1.829    2.758    4.940    4.217    3.836    1.433   -1.705   -2.167
1995   -3.208   -2.642   -2.615   -1.457    0.572    1.961    2.178    2.906    2.215    1.166   -0.510   -1.279
1996   -2.129   -2.580   -1.901   -0.178    1.280    1.411    2.368    1.744    2.140    0.070    0.202   -3.184
1997   -3.033   -2.709   -2.045   -0.383    1.305    3.005    3.520    4.654    2.557    0.913   -0.416   -2.081
1998   -2.087   -1.871   -1.836   -1.243    0.200    0.623    1.168    1.635    1.501    0.668   -0.811   -1.774
1999   -2.379   -3.620   -1.680   -0.666    0.150    0.926    2.266    2.660    1.576   -0.625   -1.018   -2.224
2000   -4.021   -2.948   -1.654   -1.685    0.412    0.945    2.784    2.371    1.351   -0.516   -1.880   -2.396
2001   -2.768   -3.128   -2.586   -1.452    1.013    1.286    2.783    4.567    1.626    0.117   -0.494   -2.799
2002   -4.169   -4.584   -3.098   -1.388    0.964    2.187    4.875    4.160    2.130    0.526   -0.933   -2.803
2003   -3.668   -4.340   -3.242   -1.525    1.541    1.443    2.880    3.092    2.019    0.299   -0.779   -2.678
2004   -3.478   -3.214   -2.809   -0.551    0.117    3.573    2.448    4.923    1.545    0.350   -1.178   -2.284
2005   -4.272   -3.842   -3.264   -1.693    0.888    1.617    2.753    3.443    2.329   -0.429   -1.568   -2.245
2006   -3.364   -3.329   -2.496   -2.047    0.006    1.456    3.909    4.613    2.629    2.142   -1.068   -1.963
2007   -3.062   -3.167   -2.758   -1.214    0.603    0.583    2.975    3.219    2.472    0.709    0.223   -2.340
2008   -2.858   -3.086   -2.000   -0.365    1.870    1.810    2.565    3.023    2.054    0.500   -0.957   -1.465
2009   -2.161   -2.351   -1.794   -0.552    0.702    2.423    3.235    3.683    3.078    1.269   -1.040   -3.665
2010   -4.220   -3.938   -3.429   -2.333   -0.955    0.699    0.324    1.295   -0.089    0.042   -1.524   -1.980
2011   -2.799   -2.404   -2.502   -1.687    0.695    2.241    3.002    3.383    2.110   -0.105   -1.324   -3.284
2012   -3.303   -2.953   -2.679   -1.771    0.224    2.809    2.807    3.700    2.357    0.416   -2.200   -2.649
2013   -3.298   -3.668   -3.486   -1.573   -0.764    0.438    1.278    2.344    2.188    0.872   -1.633   -2.447
2014   -3.262   -3.977   -3.107   -1.521   -0.475    1.560    3.439 -999.999 -999.999 -999.999 -999.999 -999.999