1146.30146364099
1606.39701224653
1146.30146364099
1112.96305624781
1146.30146364099
1146.30146364099
1112.96305624781
1112.96305624781
1146.30146364099
1281.350542726
1146.30146364099
1606.39701224653
1146.30146364099
1146.30146364099
1155.75779663734
1606.39701224653
1281.350542726
1146.30146364099
1281.350542726
1606.39701224653
1146.30146364099
1281.350542726
1112.96305624781
1146.30146364099
1146.30146364099
1146.30146364099
1281.350542726
1155.75779663734
1606.39701224653
1165.26041321262
1146.30146364099
1112.96305624781
1155.75779663734
1146.30146364099
1606.39701224653
1146.30146364099
1112.96305624781
1146.30146364099
1281.350542726
1146.30146364099
1146.30146364099
1606.39701224653
1146.30146364099
1281.350542726
1112.96305624781
1606.39701224653
1146.30146364099
1146.30146364099
1146.30146364099
1146.30146364099
1146.30146364099
1606.39701224653
1155.75779663734
1606.39701224653
1155.75779663734
1146.30146364099
1281.350542726
1281.350542726
1281.350542726
1146.30146364099
1112.96305624781
1146.30146364099
1606.39701224653
1281.350542726
1146.30146364099
1606.39701224653
1146.30146364099
1112.96305624781
1281.350542726
1146.30146364099
1146.30146364099
1281.350542726
1146.30146364099
1112.96305624781
1146.30146364099
1146.30146364099
1606.39701224653
1112.96305624781
1606.39701224653
1281.350542726
1606.39701224653
1281.350542726
1606.39701224653
1606.39701224653
1146.30146364099
1155.75779663734
1112.96305624781
1112.96305624781
1606.39701224653
1146.30146364099
1606.39701224653
1606.39701224653
1606.39701224653
1606.39701224653
1146.30146364099
1606.39701224653
1155.75779663734
1146.30146364099
1146.30146364099
1146.30146364099
1606.39701224653
1281.350542726
1112.96305624781
1281.350542726
1606.39701224653
1146.30146364099
1281.350542726
1146.30146364099
1112.96305624781
1606.39701224653
1606.39701224653
1146.30146364099
1146.30146364099
1112.96305624781
1606.39701224653
1606.39701224653
1281.350542726
1606.39701224653
1146.30146364099
1155.75779663734
1146.30146364099
1606.39701224653
1165.26041321262
1281.350542726
1606.39701224653
1146.30146364099
1146.30146364099
1112.96305624781
1112.96305624781
1281.350542726
1146.30146364099
1112.96305624781
1281.350542726
1146.30146364099
1606.39701224653
1146.30146364099
1281.350542726
1146.30146364099
1146.30146364099
1155.75779663734
1112.96305624781
1155.75779663734
1146.30146364099
1281.350542726
1146.30146364099
1146.30146364099
1606.39701224653
1146.30146364099
1146.30146364099
1146.30146364099
1146.30146364099
1146.30146364099
1146.30146364099
1281.350542726
1606.39701224653
1112.96305624781
1112.96305624781
1146.30146364099
1165.26041321262
1606.39701224653
1146.30146364099
1112.96305624781
1146.30146364099
1146.30146364099
1146.30146364099
1281.350542726
1606.39701224653
1146.30146364099
1112.96305624781
1146.30146364099
1146.30146364099
1112.96305624781
1146.30146364099
1606.39701224653
1146.30146364099
1281.350542726
1146.30146364099
1146.30146364099
1146.30146364099
1165.26041321262
1165.26041321262
1146.30146364099
1155.75779663734
1146.30146364099
1112.96305624781
1146.30146364099
1146.30146364099
1165.26041321262
1146.30146364099
1165.26041321262
1146.30146364099
1146.30146364099
1112.96305624781
1146.30146364099
1165.26041321262
1281.350542726
1165.26041321262
1606.39701224653
1146.30146364099
1606.39701224653
1281.350542726
1146.30146364099
1606.39701224653
1606.39701224653
1155.75779663734
1146.30146364099
1165.26041321262
1146.30146364099
1146.30146364099
1281.350542726
1281.350542726
1281.350542726
1146.30146364099
1146.30146364099
1155.75779663734
1112.96305624781
1112.96305624781
1606.39701224653
1606.39701224653
1165.26041321262
1281.350542726
1112.96305624781
1281.350542726
1606.39701224653
1146.30146364099
1281.350542726
1165.26041321262
1146.30146364099
1146.30146364099
1112.96305624781
1112.96305624781
1606.39701224653
1606.39701224653
1606.39701224653
1146.30146364099
1146.30146364099
1281.350542726
1112.96305624781
1281.350542726
1155.75779663734
1281.350542726
1281.350542726
1146.30146364099
1165.26041321262
1281.350542726
1155.75779663734
1281.350542726
1606.39701224653
1606.39701224653
1155.75779663734
1146.30146364099
1606.39701224653
1606.39701224653
1146.30146364099
1146.30146364099
1146.30146364099
1146.30146364099
1606.39701224653
1146.30146364099
1146.30146364099
1146.30146364099
1606.39701224653
1606.39701224653
1146.30146364099
1281.350542726
1165.26041321262
1281.350542726
1112.96305624781
1155.75779663734
1281.350542726
1606.39701224653
1281.350542726
1146.30146364099
1606.39701224653
1606.39701224653
1112.96305624781
1146.30146364099
1146.30146364099
1606.39701224653
1146.30146364099
1146.30146364099
1146.30146364099
1146.30146364099
1146.30146364099
1146.30146364099
1112.96305624781
1112.96305624781
1281.350542726
1281.350542726
1606.39701224653
1165.26041321262
1606.39701224653
1146.30146364099
1146.30146364099
1146.30146364099
1146.30146364099
1606.39701224653
1606.39701224653
1165.26041321262
1112.96305624781
