1009.58966666667 1009.801 1009.808 1009.75966666667 1009.90566666667 1009.92466666667 1010.33033333333 1010.62033333333 1010.85733333333 1011.549 1011.48133333333 1011.12066666667 1010.51 1010.33866666667 1010.40366666667 1010.60633333333 1010.40133333333 1010.35933333333 1009.904 1009.76466666667 1010.171 1010.905 1011.862 1011.89633333333 1011.716 1011.21433333333 1011.476
1010.51 1010.33866666667 1010.40366666667 1010.60633333333 1010.40133333333 1010.35933333333 1009.904 1009.76466666667 1010.171 1010.905 1011.862 1011.89633333333 1011.716 1011.21433333333 1011.476 1010.93666666667 1010.86666666667 1009.658 1009.75233333333 1009.40866666667 1010.23866666667 1010.632 1011.14533333333 1011.294 1011.181 1011.13966666667 1010.78566666667
1011.716 1011.21433333333 1011.476 1010.93666666667 1010.86666666667 1009.658 1009.75233333333 1009.40866666667 1010.23866666667 1010.632 1011.14533333333 1011.294 1011.181 1011.13966666667 1010.78566666667 1010.57566666667 1010.06266666667 1010.098 1010.28866666667 1011.10466666667 1011.4 1011.62933333333 1011.88266666667 1011.50933333333 1011.494 1010.40433333333 1010.399
1011.181 1011.13966666667 1010.78566666667 1010.57566666667 1010.06266666667 1010.098 1010.28866666667 1011.10466666667 1011.4 1011.62933333333 1011.88266666667 1011.50933333333 1011.494 1010.40433333333 1010.399 1010.33866666667 1010.40033333333 1010.35933333333 1010.08433333333 1010.55333333333 1011.13266666667 1011.526 1011.69333333333 1011.26366666667 1010.82633333333 1010.762 1010.88766666667
1011.494 1010.40433333333 1010.399 1010.33866666667 1010.40033333333 1010.35933333333 1010.08433333333 1010.55333333333 1011.13266666667 1011.526 1011.69333333333 1011.26366666667 1010.82633333333 1010.762 1010.88766666667 1011.179 1010.73766666667 1010.21033333333 1009.931 1010.00533333333 1010.60766666667 1010.90166666667 1011.25766666667 1010.95966666667 1011.005 1010.69733333333 1010.792
1010.82633333333 1010.762 1010.88766666667 1011.179 1010.73766666667 1010.21033333333 1009.931 1010.00533333333 1010.60766666667 1010.90166666667 1011.25766666667 1010.95966666667 1011.005 1010.69733333333 1010.792 1010.37566666667 1010.49566666667 1010.59 1010.86333333333 1010.95966666667 1011.39866666667 1011.99833333333 1012.325 1012.00566666667 1011.31 1011.176 1011.347
1011.005 1010.69733333333 1010.792 1010.37566666667 1010.49566666667 1010.59 1010.86333333333 1010.95966666667 1011.39866666667 1011.99833333333 1012.325 1012.00566666667 1011.31 1011.176 1011.347 1011.43866666667 1010.73566666667 1010.15733333333 1010.087 1010.44866666667 1010.861 1011.15033333333 1011.098 1011.24033333333 1011.09 1010.67633333333 1009.48433333333
1011.31 1011.176 1011.347 1011.43866666667 1010.73566666667 1010.15733333333 1010.087 1010.44866666667 1010.861 1011.15033333333 1011.098 1011.24033333333 1011.09 1010.67633333333 1009.48433333333 1009.077 1009.06833333333 1009.493 1009.53766666667 1009.70166666667 1010.17733333333 1010.51133333333 1011.24166666667 1011.252 1010.671 1010.32 1009.072
1011.09 1010.67633333333 1009.48433333333 1009.077 1009.06833333333 1009.493 1009.53766666667 1009.70166666667 1010.17733333333 1010.51133333333 1011.24166666667 1011.252 1010.671 1010.32 1009.072 1009.338 1008.703 1009.307 1009.45766666667 1010.10766666667 1010.81333333333 1011.02666666667 1010.999 1011.027 1010.89766666667 1010.60933333333 1010.43633333333
1010.671 1010.32 1009.072 1009.338 1008.703 1009.307 1009.45766666667 1010.10766666667 1010.81333333333 1011.02666666667 1010.999 1011.027 1010.89766666667 1010.60933333333 1010.43633333333 1010.04833333333 1010.00933333333 1009.84133333333 1009.914 1010.61833333333 1011.101 1011.88433333333 1012.017 1012.106 1011.85866666667 1011.44066666667 1011.53833333333
1010.89766666667 1010.60933333333 1010.43633333333 1010.04833333333 1010.00933333333 1009.84133333333 1009.914 1010.61833333333 1011.101 1011.88433333333 1012.017 1012.106 1011.85866666667 1011.44066666667 1011.53833333333 1011.324 1011.29466666667 1010.89166666667 1010.705 1010.996 1011.25466666667 1011.95666666667 1011.91866666667 1011.80966666667 1011.481 1010.948 1010.69666666667
1011.85866666667 1011.44066666667 1011.53833333333 1011.324 1011.29466666667 1010.89166666667 1010.705 1010.996 1011.25466666667 1011.95666666667 1011.91866666667 1011.80966666667 1011.481 1010.948 1010.69666666667 1009.78566666667 1009.724 1009.24933333333 1009.85366666667 1010.01533333333 1010.56 1010.552 1010.662 1010.51866666667 1010.67966666667 1009.94066666667 1009.86433333333
1011.481 1010.948 1010.69666666667 1009.78566666667 1009.724 1009.24933333333 1009.85366666667 1010.01533333333 1010.56 1010.552 1010.662 1010.51866666667 1010.67966666667 1009.94066666667 1009.86433333333 1009.32466666667 1009.585 1009.33666666667 1009.874 1010.016 1010.531 1010.568 1011.06233333333 1011.059 1011.052 1010.49233333333 1010.521
1010.67966666667 1009.94066666667 1009.86433333333 1009.32466666667 1009.585 1009.33666666667 1009.874 1010.016 1010.531 1010.568 1011.06233333333 1011.059 1011.052 1010.49233333333 1010.521 1010.49966666667 1010.34566666667 1009.77533333333 1009.55666666667 1010.24866666667 1010.902 1011.28433333333 1011.30533333333 1011.372 1011.12266666667 1010.80033333333 1010.65933333333
1011.052 1010.49233333333 1010.521 1010.49966666667 1010.34566666667 1009.77533333333 1009.55666666667 1010.24866666667 1010.902 1011.28433333333 1011.30533333333 1011.372 1011.12266666667 1010.80033333333 1010.65933333333 1010.51866666667 1010.31266666667 1009.96666666667 1009.96766666667 1010.41366666667 1010.98933333333 1011.689 1011.71833333333 1011.87233333333 1011.38933333333 1011.74533333333 1011.244
1011.12266666667 1010.80033333333 1010.65933333333 1010.51866666667 1010.31266666667 1009.96666666667 1009.96766666667 1010.41366666667 1010.98933333333 1011.689 1011.71833333333 1011.87233333333 1011.38933333333 1011.74533333333 1011.244 1011.25366666667 1010.561 1010.19566666667 1009.72333333333 1010.02466666667 1010.68033333333 1011.13466666667 1011.26366666667 1011.08066666667 1011.21666666667 1011.05466666667 1011.26033333333
1011.38933333333 1011.74533333333 1011.244 1011.25366666667 1010.561 1010.19566666667 1009.72333333333 1010.02466666667 1010.68033333333 1011.13466666667 1011.26366666667 1011.08066666667 1011.21666666667 1011.05466666667 1011.26033333333 1011.12166666667 1011.04666666667 1010.54033333333 1010.35033333333 1010.379 1011.01733333333 1011.55966666667 1011.99066666667 1011.27266666667 1010.66433333333 1009.926 1009.61066666667
1011.21666666667 1011.05466666667 1011.26033333333 1011.12166666667 1011.04666666667 1010.54033333333 1010.35033333333 1010.379 1011.01733333333 1011.55966666667 1011.99066666667 1011.27266666667 1010.66433333333 1009.926 1009.61066666667 1009.70166666667 1009.79633333333 1010.47033333333 1010.39433333333 1010.81433333333 1011.231 1012.17833333333 1012.46966666667 1012.08833333333 1011.632 1011.11966666667 1010.73366666667
1010.66433333333 1009.926 1009.61066666667 1009.70166666667 1009.79633333333 1010.47033333333 1010.39433333333 1010.81433333333 1011.231 1012.17833333333 1012.46966666667 1012.08833333333 1011.632 1011.11966666667 1010.73366666667 1010.217 1009.858 1009.89733333333 1009.751 1009.75233333333 1010.05066666667 1010.69433333333 1010.878 1010.469 1010.22466666667 1010.065 1009.92433333333
1011.632 1011.11966666667 1010.73366666667 1010.217 1009.858 1009.89733333333 1009.751 1009.75233333333 1010.05066666667 1010.69433333333 1010.878 1010.469 1010.22466666667 1010.065 1009.92433333333 1009.407 1009.29533333333 1009.64566666667 1009.82233333333 1010.00633333333 1010.16466666667 1010.12633333333 1010.18466666667 1009.94233333333 1010.04033333333 1009.86866666667 1009.631
1010.22466666667 1010.065 1009.92433333333 1009.407 1009.29533333333 1009.64566666667 1009.82233333333 1010.00633333333 1010.16466666667 1010.12633333333 1010.18466666667 1009.94233333333 1010.04033333333 1009.86866666667 1009.631 1010.15033333333 1010.59766666667 1010.87433333333 1010.78066666667 1011.04266666667 1011.96433333333 1012.62866666667 1013.24233333333 1013.09166666667 1012.513 1011.808 1011.75133333333
1010.04033333333 1009.86866666667 1009.631 1010.15033333333 1010.59766666667 1010.87433333333 1010.78066666667 1011.04266666667 1011.96433333333 1012.62866666667 1013.24233333333 1013.09166666667 1012.513 1011.808 1011.75133333333 1011.44466666667 1010.981 1009.90233333333 1009.69433333333 1009.65 1010.25866666667 1010.494 1010.585 1010.14 1009.72166666667 1009.11666666667 1009.39833333333
1012.513 1011.808 1011.75133333333 1011.44466666667 1010.981 1009.90233333333 1009.69433333333 1009.65 1010.25866666667 1010.494 1010.585 1010.14 1009.72166666667 1009.11666666667 1009.39833333333 1008.64 1008.90933333333 1008.82 1010.16 1010.67866666667 1011.25533333333 1011.25733333333 1011.32033333333 1010.845 1010.27633333333 1009.53166666667 1008.86166666667
1009.72166666667 1009.11666666667 1009.39833333333 1008.64 1008.90933333333 1008.82 1010.16 1010.67866666667 1011.25533333333 1011.25733333333 1011.32033333333 1010.845 1010.27633333333 1009.53166666667 1008.86166666667 1008.57466666667 1008.42966666667 1008.884 1009.038 1009.40466666667 1009.77 1010.43533333333 1010.853 1010.218 1009.62266666667 1008.692 1008.56566666667
1010.27633333333 1009.53166666667 1008.86166666667 1008.57466666667 1008.42966666667 1008.884 1009.038 1009.40466666667 1009.77 1010.43533333333 1010.853 1010.218 1009.62266666667 1008.692 1008.56566666667 1008.494 1009.08633333333 1009.57533333333 1009.936 1010.273 1010.66066666667 1010.96133333333 1010.949 1010.52333333333 1010.61533333333 1010.30433333333 1010.58733333333
1009.62266666667 1008.692 1008.56566666667 1008.494 1009.08633333333 1009.57533333333 1009.936 1010.273 1010.66066666667 1010.96133333333 1010.949 1010.52333333333 1010.61533333333 1010.30433333333 1010.58733333333 1009.989 1009.75733333333 1009.39266666667 1009.68766666667 1010.386 1011.122 1011.84233333333 1012.13333333333 1012.01333333333 1011.51266666667 1011.354 1010.66433333333
1010.61533333333 1010.30433333333 1010.58733333333 1009.989 1009.75733333333 1009.39266666667 1009.68766666667 1010.386 1011.122 1011.84233333333 1012.13333333333 1012.01333333333 1011.51266666667 1011.354 1010.66433333333 1010.40366666667 1009.95866666667 1010.07966666667 1010.133 1010.57133333333 1011.188 1011.716 1011.80366666667 1011.62933333333 1011.179 1010.72766666667 1010.33533333333
1011.51266666667 1011.354 1010.66433333333 1010.40366666667 1009.95866666667 1010.07966666667 1010.133 1010.57133333333 1011.188 1011.716 1011.80366666667 1011.62933333333 1011.179 1010.72766666667 1010.33533333333 1009.869 1009.85366666667 1009.91033333333 1010.8 1010.86733333333 1011.46533333333 1011.278 1011.87266666667 1011.61133333333 1011.29733333333 1010.646 1010.62766666667
1011.179 1010.72766666667 1010.33533333333 1009.869 1009.85366666667 1009.91033333333 1010.8 1010.86733333333 1011.46533333333 1011.278 1011.87266666667 1011.61133333333 1011.29733333333 1010.646 1010.62766666667 1010.67733333333 1010.85033333333 1010.43 1010.09633333333 1010.29633333333 1010.84533333333 1011.41066666667 1011.344 1011.02166666667 1010.48366666667 1010.04133333333 1009.95133333333
1011.29733333333 1010.646 1010.62766666667 1010.67733333333 1010.85033333333 1010.43 1010.09633333333 1010.29633333333 1010.84533333333 1011.41066666667 1011.344 1011.02166666667 1010.48366666667 1010.04133333333 1009.95133333333 1009.80166666667 1009.668 1009.757 1010.218 1010.881 1011.37733333333 1012 1012.579 1012.15766666667 1011.45333333333 1010.67433333333 1010.39266666667
1010.48366666667 1010.04133333333 1009.95133333333 1009.80166666667 1009.668 1009.757 1010.218 1010.881 1011.37733333333 1012 1012.579 1012.15766666667 1011.45333333333 1010.67433333333 1010.39266666667 1010.07066666667 1009.76033333333 1009.87266666667 1009.77866666667 1010.00266666667 1010.236 1010.94933333333 1011.08666666667 1010.80266666667 1009.831 1009.41866666667 1009.09033333333
1011.45333333333 1010.67433333333 1010.39266666667 1010.07066666667 1009.76033333333 1009.87266666667 1009.77866666667 1010.00266666667 1010.236 1010.94933333333 1011.08666666667 1010.80266666667 1009.831 1009.41866666667 1009.09033333333 1009.23666666667 1008.91433333333 1009.50366666667 1010.196 1010.86733333333 1010.846 1011.013 1011.10966666667 1010.59366666667 1010.06033333333 1009.769 1009.73166666667
1009.831 1009.41866666667 1009.09033333333 1009.23666666667 1008.91433333333 1009.50366666667 1010.196 1010.86733333333 1010.846 1011.013 1011.10966666667 1010.59366666667 1010.06033333333 1009.769 1009.73166666667 1009.69033333333 1009.47666666667 1009.594 1009.964 1010.55566666667 1011.20866666667 1011.53166666667 1011.63466666667 1011.13833333333 1010.645 1010.24666666667 1010.39666666667
1010.06033333333 1009.769 1009.73166666667 1009.69033333333 1009.47666666667 1009.594 1009.964 1010.55566666667 1011.20866666667 1011.53166666667 1011.63466666667 1011.13833333333 1010.645 1010.24666666667 1010.39666666667 1010.486 1010.37133333333 1009.78 1009.58766666667 1009.468 1009.865 1009.79566666667 1009.713 1009.256 1008.465 1007.90766666667 1007.82666666667
1010.645 1010.24666666667 1010.39666666667 1010.486 1010.37133333333 1009.78 1009.58766666667 1009.468 1009.865 1009.79566666667 1009.713 1009.256 1008.465 1007.90766666667 1007.82666666667 1008.166 1008.602 1009.205 1009.70566666667 1010.09466666667 1010.422 1011.05966666667 1011.07 1010.703 1009.41566666667 1008.86266666667 1008.39466666667
1008.465 1007.90766666667 1007.82666666667 1008.166 1008.602 1009.205 1009.70566666667 1010.09466666667 1010.422 1011.05966666667 1011.07 1010.703 1009.41566666667 1008.86266666667 1008.39466666667 1008.61666666667 1009.113 1009.524 1010.03633333333 1010.112 1010.748 1011.43366666667 1011.64933333333 1011.29666666667 1010.13166666667 1009.754 1009.122
1009.41566666667 1008.86266666667 1008.39466666667 1008.61666666667 1009.113 1009.524 1010.03633333333 1010.112 1010.748 1011.43366666667 1011.64933333333 1011.29666666667 1010.13166666667 1009.754 1009.122 1009.528 1009.31666666667 1009.63566666667 1009.30133333333 1009.54633333333 1009.84033333333 1010.52366666667 1011.06266666667 1010.80033333333 1010.04566666667 1009.61133333333 1009.30633333333
