-3.97033333333333 -2.687 -1.70966666666667 -0.949 -2.69366666666667 -3.867 -6.192 -6.88266666666667 -7.48933333333333 -7.75966666666667 -7.171 -6.60866666666667 -5.33766666666667 -4.288 -2.36666666666667 -1.52333333333333 -2.48 -4.681 -6.367 -7.23 -8.026 -8.60666666666667 -8.346 -7.46933333333333 -6.23266666666667 -3.49566666666667 -1.969
-5.33766666666667 -4.288 -2.36666666666667 -1.52333333333333 -2.48 -4.681 -6.367 -7.23 -8.026 -8.60666666666667 -8.346 -7.46933333333333 -6.23266666666667 -3.49566666666667 -1.969 -0.259333333333333 -1.80866666666667 -3.19966666666667 -5.81666666666667 -6.80566666666667 -7.214 -7.31866666666667 -7.35733333333333 -6.61566666666667 -5.22666666666667 -4.065 -3.266
-6.23266666666667 -3.49566666666667 -1.969 -0.259333333333333 -1.80866666666667 -3.19966666666667 -5.81666666666667 -6.80566666666667 -7.214 -7.31866666666667 -7.35733333333333 -6.61566666666667 -5.22666666666667 -4.065 -3.266 -2.67133333333333 -2.236 -3.444 -5.50766666666667 -7.348 -7.92466666666667 -8.073 -7.67766666666667 -6.98366666666667 -5.08233333333333 -2.07166666666667 0.648666666666667
-5.22666666666667 -4.065 -3.266 -2.67133333333333 -2.236 -3.444 -5.50766666666667 -7.348 -7.92466666666667 -8.073 -7.67766666666667 -6.98366666666667 -5.08233333333333 -2.07166666666667 0.648666666666667 0.729333333333333 -1.42566666666667 -4.273 -6.03933333333333 -7.33766666666667 -7.96533333333333 -8.11933333333334 -8.125 -7.577 -5.89066666666667 -3.249 -1.357
-5.08233333333333 -2.07166666666667 0.648666666666667 0.729333333333333 -1.42566666666667 -4.273 -6.03933333333333 -7.33766666666667 -7.96533333333333 -8.11933333333334 -8.125 -7.577 -5.89066666666667 -3.249 -1.357 -1.83866666666667 -3.24933333333333 -4.873 -5.327 -6.192 -6.88633333333333 -7.50533333333333 -7.31833333333333 -6.29266666666667 -4.95566666666667 -3.20766666666667 -2.25
-5.89066666666667 -3.249 -1.357 -1.83866666666667 -3.24933333333333 -4.873 -5.327 -6.192 -6.88633333333333 -7.50533333333333 -7.31833333333333 -6.29266666666667 -4.95566666666667 -3.20766666666667 -2.25 -2.005 -3.64266666666667 -5.51166666666667 -6.993 -7.97933333333333 -8.33466666666667 -8.52133333333333 -7.89466666666667 -7.27766666666667 -5.971 -4.40466666666667 -2.67766666666667
-4.95566666666667 -3.20766666666667 -2.25 -2.005 -3.64266666666667 -5.51166666666667 -6.993 -7.97933333333333 -8.33466666666667 -8.52133333333333 -7.89466666666667 -7.27766666666667 -5.971 -4.40466666666667 -2.67766666666667 -1.46166666666667 -0.705666666666667 -2.171 -4.20833333333333 -6.967 -7.73566666666667 -8.36033333333333 -7.11533333333333 -5.70633333333333 -4.737 -3.162 -1.35066666666667
-5.971 -4.40466666666667 -2.67766666666667 -1.46166666666667 -0.705666666666667 -2.171 -4.20833333333333 -6.967 -7.73566666666667 -8.36033333333333 -7.11533333333333 -5.70633333333333 -4.737 -3.162 -1.35066666666667 -0.385 -1.98833333333333 -4.00666666666667 -5.325 -5.39833333333333 -5.636 -5.72033333333333 -5.95766666666667 -6.516 -5.35366666666667 -4.65433333333333 -1.52933333333333
-4.737 -3.162 -1.35066666666667 -0.385 -1.98833333333333 -4.00666666666667 -5.325 -5.39833333333333 -5.636 -5.72033333333333 -5.95766666666667 -6.516 -5.35366666666667 -4.65433333333333 -1.52933333333333 -1.382 -1.43133333333333 -4.31466666666667 -4.44166666666667 -5.23633333333333 -5.898 -7.63366666666667 -7.357 -6.43833333333333 -5.36 -4.04433333333333 -2.57566666666667
-5.35366666666667 -4.65433333333333 -1.52933333333333 -1.382 -1.43133333333333 -4.31466666666667 -4.44166666666667 -5.23633333333333 -5.898 -7.63366666666667 -7.357 -6.43833333333333 -5.36 -4.04433333333333 -2.57566666666667 -2.045 -3.29566666666667 -5.08266666666667 -6.082 -6.89 -7.58266666666667 -7.823 -7.53966666666667 -6.572 -6.282 -4.68166666666667 -3.37566666666667
-5.36 -4.04433333333333 -2.57566666666667 -2.045 -3.29566666666667 -5.08266666666667 -6.082 -6.89 -7.58266666666667 -7.823 -7.53966666666667 -6.572 -6.282 -4.68166666666667 -3.37566666666667 -2.84233333333333 -3.509 -4.50966666666667 -5.14133333333333 -6.1 -7.418 -7.77133333333333 -8.06733333333333 -7.229 -6.212 -5.129 -3.74033333333333
-6.282 -4.68166666666667 -3.37566666666667 -2.84233333333333 -3.509 -4.50966666666667 -5.14133333333333 -6.1 -7.418 -7.77133333333333 -8.06733333333333 -7.229 -6.212 -5.129 -3.74033333333333 -2.84433333333333 -2.81666666666667 -4.299 -6.032 -7.263 -7.94433333333333 -8.32033333333333 -7.851 -6.81866666666667 -5.329 -3.542 -1.98366666666667
-6.212 -5.129 -3.74033333333333 -2.84433333333333 -2.81666666666667 -4.299 -6.032 -7.263 -7.94433333333333 -8.32033333333333 -7.851 -6.81866666666667 -5.329 -3.542 -1.98366666666667 -1.259 -1.57833333333333 -3.37533333333333 -4.46033333333333 -5.20933333333333 -5.70933333333333 -6.896 -7.90766666666667 -6.84166666666667 -5.64233333333333 -2.63766666666667 -2.222
-5.329 -3.542 -1.98366666666667 -1.259 -1.57833333333333 -3.37533333333333 -4.46033333333333 -5.20933333333333 -5.70933333333333 -6.896 -7.90766666666667 -6.84166666666667 -5.64233333333333 -2.63766666666667 -2.222 -0.464 -2.46066666666667 -3.625 -5.89166666666667 -6.38033333333333 -6.14833333333333 -6.67266666666667 -7.23966666666667 -7.621 -6.58866666666667 -5.1 -2.99233333333333
-5.64233333333333 -2.63766666666667 -2.222 -0.464 -2.46066666666667 -3.625 -5.89166666666667 -6.38033333333333 -6.14833333333333 -6.67266666666667 -7.23966666666667 -7.621 -6.58866666666667 -5.1 -2.99233333333333 -2.79066666666667 -3.043 -4.86366666666667 -5.54833333333333 -6.608 -7.208 -7.681 -8.098 -7.704 -6.33433333333333 -4.66633333333333 -1.131
-6.58866666666667 -5.1 -2.99233333333333 -2.79066666666667 -3.043 -4.86366666666667 -5.54833333333333 -6.608 -7.208 -7.681 -8.098 -7.704 -6.33433333333333 -4.66633333333333 -1.131 -0.987333333333333 -0.687666666666667 -3.24766666666667 -4.07 -5.776 -6.81433333333333 -7.59466666666667 -7.77966666666667 -7.22 -5.96866666666667 -4.23833333333333 -3.22333333333333
-6.33433333333333 -4.66633333333333 -1.131 -0.987333333333333 -0.687666666666667 -3.24766666666667 -4.07 -5.776 -6.81433333333333 -7.59466666666667 -7.77966666666667 -7.22 -5.96866666666667 -4.23833333333333 -3.22333333333333 -2.53933333333333 -3.21433333333333 -4.92566666666667 -6.599 -7.34433333333333 -7.50766666666667 -7.95833333333333 -8.40233333333333 -8.03133333333333 -6.66 -4.63266666666667 -2.36133333333333
-5.96866666666667 -4.23833333333333 -3.22333333333333 -2.53933333333333 -3.21433333333333 -4.92566666666667 -6.599 -7.34433333333333 -7.50766666666667 -7.95833333333333 -8.40233333333333 -8.03133333333333 -6.66 -4.63266666666667 -2.36133333333333 -1.52566666666667 -2.69966666666667 -5.27233333333333 -7.25966666666667 -8.10033333333333 -8.36433333333333 -8.076 -7.55666666666667 -6.91466666666667 -6.51133333333333 -4.88166666666667 -2.40633333333333
-6.66 -4.63266666666667 -2.36133333333333 -1.52566666666667 -2.69966666666667 -5.27233333333333 -7.25966666666667 -8.10033333333333 -8.36433333333333 -8.076 -7.55666666666667 -6.91466666666667 -6.51133333333333 -4.88166666666667 -2.40633333333333 -1.32366666666667 -1.892 -4.51533333333333 -6.185 -7.67433333333333 -8.499 -8.60733333333333 -8.20533333333333 -6.852 -5.07466666666667 -3.651 -2.18733333333333
-6.51133333333333 -4.88166666666667 -2.40633333333333 -1.32366666666667 -1.892 -4.51533333333333 -6.185 -7.67433333333333 -8.499 -8.60733333333333 -8.20533333333333 -6.852 -5.07466666666667 -3.651 -2.18733333333333 -2.621 -3.326 -5.17166666666667 -5.508 -5.791 -5.96733333333333 -6.721 -6.79633333333333 -6.12433333333333 -3.89566666666667 -1.04133333333333 2.04033333333333
-5.07466666666667 -3.651 -2.18733333333333 -2.621 -3.326 -5.17166666666667 -5.508 -5.791 -5.96733333333333 -6.721 -6.79633333333333 -6.12433333333333 -3.89566666666667 -1.04133333333333 2.04033333333333 0.778 -1.667 -4.21633333333333 -5.02766666666667 -6.22066666666667 -7.70266666666667 -7.93233333333333 -7.465 -7.03566666666667 -6.179 -5.48733333333333 -4.55733333333333
-3.89566666666667 -1.04133333333333 2.04033333333333 0.778 -1.667 -4.21633333333333 -5.02766666666667 -6.22066666666667 -7.70266666666667 -7.93233333333333 -7.465 -7.03566666666667 -6.179 -5.48733333333333 -4.55733333333333 -3.78333333333333 -2.81466666666667 -3.06333333333333 -4.164 -5.57266666666667 -6.61366666666667 -7.11466666666667 -6.25066666666667 -4.54733333333333 -2.13766666666667 -0.973 0.262333333333333
-6.179 -5.48733333333333 -4.55733333333333 -3.78333333333333 -2.81466666666667 -3.06333333333333 -4.164 -5.57266666666667 -6.61366666666667 -7.11466666666667 -6.25066666666667 -4.54733333333333 -2.13766666666667 -0.973 0.262333333333333 0.758666666666667 -0.0620000000000001 -1.83333333333333 -4.14633333333333 -5.55633333333333 -6.66566666666667 -7.37466666666667 -7.47033333333333 -6.44266666666667 -4.562 -1.866 0.517666666666667
-2.13766666666667 -0.973 0.262333333333333 0.758666666666667 -0.0620000000000001 -1.83333333333333 -4.14633333333333 -5.55633333333333 -6.66566666666667 -7.37466666666667 -7.47033333333333 -6.44266666666667 -4.562 -1.866 0.517666666666667 1.52266666666667 0.250333333333333 -2.607 -5.136 -6.283 -6.308 -6.434 -6.60033333333333 -6.29766666666667 -5.07566666666667 -3.48633333333333 -1.88266666666667
-4.562 -1.866 0.517666666666667 1.52266666666667 0.250333333333333 -2.607 -5.136 -6.283 -6.308 -6.434 -6.60033333333333 -6.29766666666667 -5.07566666666667 -3.48633333333333 -1.88266666666667 -1.89633333333333 -2.55366666666667 -4.30466666666667 -5.144 -6.101 -6.709 -7.28633333333333 -7.299 -6.66633333333333 -5.08066666666667 -3.34966666666667 -1.28033333333333
-5.07566666666667 -3.48633333333333 -1.88266666666667 -1.89633333333333 -2.55366666666667 -4.30466666666667 -5.144 -6.101 -6.709 -7.28633333333333 -7.299 -6.66633333333333 -5.08066666666667 -3.34966666666667 -1.28033333333333 -1.59733333333333 -2.60166666666667 -4.55933333333333 -5.49133333333333 -6.13066666666667 -6.96666666666667 -7.324 -7.61866666666667 -7.578 -6.86733333333333 -5.124 -2.45633333333333
-5.08066666666667 -3.34966666666667 -1.28033333333333 -1.59733333333333 -2.60166666666667 -4.55933333333333 -5.49133333333333 -6.13066666666667 -6.96666666666667 -7.324 -7.61866666666667 -7.578 -6.86733333333333 -5.124 -2.45633333333333 -1.61266666666667 -2.85933333333333 -4.622 -5.94 -6.66166666666667 -7.648 -8.11766666666667 -7.874 -7.62466666666667 -6.06766666666667 -4.85066666666667 -2.08933333333333
-6.86733333333333 -5.124 -2.45633333333333 -1.61266666666667 -2.85933333333333 -4.622 -5.94 -6.66166666666667 -7.648 -8.11766666666667 -7.874 -7.62466666666667 -6.06766666666667 -4.85066666666667 -2.08933333333333 -0.435333333333333 -1.173 -3.77333333333333 -6.434 -6.88966666666667 -7.813 -8.394 -8.42133333333333 -7.72666666666667 -6.416 -4.96366666666667 -3.552
-6.06766666666667 -4.85066666666667 -2.08933333333333 -0.435333333333333 -1.173 -3.77333333333333 -6.434 -6.88966666666667 -7.813 -8.394 -8.42133333333333 -7.72666666666667 -6.416 -4.96366666666667 -3.552 -2.61833333333333 -2.96633333333333 -3.85633333333333 -5.64233333333333 -6.77766666666667 -7.48166666666667 -7.86266666666667 -7.77566666666667 -7.08366666666667 -5.65866666666667 -3.57466666666667 -2.70466666666667
-6.416 -4.96366666666667 -3.552 -2.61833333333333 -2.96633333333333 -3.85633333333333 -5.64233333333333 -6.77766666666667 -7.48166666666667 -7.86266666666667 -7.77566666666667 -7.08366666666667 -5.65866666666667 -3.57466666666667 -2.70466666666667 -1.76366666666667 -2.92466666666667 -3.94966666666667 -6.32766666666667 -7.342 -8.10433333333333 -7.892 -7.819 -7.21666666666667 -6.733 -5.32633333333333 -3.922
-5.65866666666667 -3.57466666666667 -2.70466666666667 -1.76366666666667 -2.92466666666667 -3.94966666666667 -6.32766666666667 -7.342 -8.10433333333333 -7.892 -7.819 -7.21666666666667 -6.733 -5.32633333333333 -3.922 -1.84333333333333 -2.29566666666667 -3.711 -5.79566666666667 -6.58066666666667 -6.982 -7.58533333333333 -7.65366666666667 -7.00733333333333 -5.002 -3.153 0.0106666666666667
-6.733 -5.32633333333333 -3.922 -1.84333333333333 -2.29566666666667 -3.711 -5.79566666666667 -6.58066666666667 -6.982 -7.58533333333333 -7.65366666666667 -7.00733333333333 -5.002 -3.153 0.0106666666666667 0.407333333333333 -0.237666666666667 -3.39166666666667 -5.119 -6.425 -7.17033333333333 -7.725 -7.698 -7.022 -5.743 -3.84566666666667 -1.63666666666667
-5.002 -3.153 0.0106666666666667 0.407333333333333 -0.237666666666667 -3.39166666666667 -5.119 -6.425 -7.17033333333333 -7.725 -7.698 -7.022 -5.743 -3.84566666666667 -1.63666666666667 -0.904 -1.36033333333333 -3.36566666666667 -4.74833333333333 -5.88433333333333 -6.33466666666667 -6.97433333333333 -7.233 -6.929 -5.89866666666667 -3.56066666666667 -2.18466666666667
-5.743 -3.84566666666667 -1.63666666666667 -0.904 -1.36033333333333 -3.36566666666667 -4.74833333333333 -5.88433333333333 -6.33466666666667 -6.97433333333333 -7.233 -6.929 -5.89866666666667 -3.56066666666667 -2.18466666666667 -1.693 -2.13266666666667 -3.497 -4.478 -6.18866666666667 -6.44033333333333 -6.718 -6.39766666666667 -4.877 -1.95133333333333 1.32966666666667 3.31266666666667
-5.89866666666667 -3.56066666666667 -2.18466666666667 -1.693 -2.13266666666667 -3.497 -4.478 -6.18866666666667 -6.44033333333333 -6.718 -6.39766666666667 -4.877 -1.95133333333333 1.32966666666667 3.31266666666667 2.382 0.0686666666666667 -3.119 -4.84066666666667 -6.22033333333333 -6.60066666666667 -6.883 -6.463 -6.096 -4.09033333333333 -1.144 0.462
-1.95133333333333 1.32966666666667 3.31266666666667 2.382 0.0686666666666667 -3.119 -4.84066666666667 -6.22033333333333 -6.60066666666667 -6.883 -6.463 -6.096 -4.09033333333333 -1.144 0.462 1.80666666666667 -0.567666666666667 -2.24533333333333 -5.03233333333333 -6.29433333333333 -6.92033333333333 -7.184 -6.50033333333333 -5.808 -5.04933333333333 -3.4 -1.28133333333333
-4.09033333333333 -1.144 0.462 1.80666666666667 -0.567666666666667 -2.24533333333333 -5.03233333333333 -6.29433333333333 -6.92033333333333 -7.184 -6.50033333333333 -5.808 -5.04933333333333 -3.4 -1.28133333333333 -0.390666666666667 -1.37666666666667 -3.41833333333333 -4.79833333333333 -5.99466666666667 -6.869 -7.71733333333333 -7.33733333333333 -6.282 -4.94633333333333 -3.32833333333333 -1.60666666666667
