1948   -4.888   -1.424   -2.693   -0.281    1.797    4.329    3.186    2.748    1.031   -2.406   -3.173   -1.478
1949   -4.686   -2.706   -1.708   -0.479    1.928    5.720    2.336    2.792    0.604    1.963   -2.623   -2.239
1950   -2.188   -2.391   -1.507    0.223    3.040    4.032    4.442    4.008    2.810   -1.547   -1.486   -5.227
1951   -3.030   -2.841   -2.197    1.078    2.702    4.725    2.606    3.040    0.798    1.304   -3.597   -4.147
1952   -2.799   -2.572   -0.782    0.438    2.581    4.459    4.645    2.262    0.732   -2.655    0.369   -4.498
1953   -4.537   -2.849   -0.878   -0.875    2.647    3.627    2.261    1.882    2.299   -1.318   -2.587   -5.647
1954   -2.837   -3.662   -3.033    0.599    1.917    3.344    1.842    2.958    2.162   -0.741   -1.765   -5.081
1955   -5.194   -1.854   -1.316    0.789    3.268    3.250    2.807    2.448    0.313    0.321   -3.546   -4.473
1956   -3.572   -3.019   -1.835    0.709    2.384    1.567    2.423    2.495    2.805   -0.181   -3.289   -5.569
1957   -4.354   -3.005   -1.876   -0.687    1.079    4.466    1.218    2.392    2.913   -2.896   -2.248   -2.756
1958   -3.632   -1.803   -1.313    0.456    2.562    4.069    3.197    0.985    2.221   -1.065   -3.818   -4.898
1959   -4.592   -0.368   -2.477   -0.202    1.632    3.183    1.029    2.852    0.101    1.141   -3.457   -5.302
1960   -4.262   -4.095   -1.339   -0.372    1.366    3.105    1.916    3.750   -0.221   -2.567   -3.067   -5.141
1961   -6.392   -3.682   -2.066   -0.830    2.327    2.784    2.769    1.924    0.699   -3.153   -4.287   -3.897
1962   -5.148   -4.037   -1.735   -2.643    3.021    2.997    3.208    1.498    0.312   -1.890   -2.416   -4.727
1963   -6.658   -5.322   -2.799   -2.154    1.207    3.535    1.490    2.372    1.937   -4.705   -3.487   -4.986
1964   -2.679   -4.278   -2.773   -1.195    0.013    2.800    1.337    3.034    0.850   -1.330   -3.387   -4.461
1965   -5.317   -3.312   -2.881   -0.504    3.436    4.569    1.546    1.380    1.142   -4.333   -1.415   -4.098
1966   -2.644   -1.418   -0.093    1.164    2.244    3.356    1.576    2.653    1.400   -2.678   -2.513   -3.516
1967   -6.066   -4.318   -2.841   -0.047    1.211    3.426    1.424    1.117   -1.868    0.197   -3.232   -5.753
1968   -4.691   -4.524   -1.060   -2.342    0.671    2.439    2.787    3.035   -1.278   -2.412   -5.711   -2.963
1969   -1.949   -2.272   -1.189   -1.167    3.026    4.082    1.773    1.127    0.999   -1.934   -3.194   -6.387
1970   -3.776   -3.313   -2.053   -0.980    1.178    2.187    1.707    3.618    0.785   -0.650   -3.552   -3.453
1971   -5.948   -4.413   -4.910   -2.205   -0.409    2.226    1.546    1.677    1.838    0.319   -3.606   -4.012
1972   -4.109   -2.725   -3.624   -0.816    1.616    2.554    3.153    1.394   -1.028   -4.600   -2.793   -3.057
1973   -2.989   -1.176   -2.659    1.596    1.416    4.374    2.367    2.713    1.190   -1.371   -4.481   -6.382
1974   -5.306   -3.492   -3.178   -0.472    0.491    2.723    2.000    1.996    0.703    0.333   -3.689   -3.962
1975   -4.513   -3.118   -1.302   -0.316    2.054    3.940    1.333    4.753    0.761    0.646   -5.298   -5.279
1976   -6.054   -2.650   -2.456   -0.628    0.707    3.002    2.462    0.571   -0.193   -0.779   -3.138   -4.375
1977   -3.882   -4.813   -2.493   -0.633    0.989    3.598    1.717    2.315    0.395   -3.821   -3.163   -3.759
1978   -3.580   -3.374   -0.999    0.106    1.533    3.140    0.693    3.683    0.553   -1.254   -4.274   -4.292
1979   -3.322   -2.557   -0.744    0.879    2.171    1.987    3.324    2.661    0.509   -1.411   -2.897   -5.128
1980   -3.617   -2.953   -1.335    0.306    1.270    1.441    1.698    1.007   -1.244   -2.396   -2.420   -6.142
1981   -6.532   -3.350   -1.086   -0.522    1.501    2.847    0.594    1.413    0.700   -2.138   -4.225   -6.508
1982   -5.850   -2.649   -1.330   -0.538    1.567    2.859    0.886    2.076   -0.014   -3.504   -2.206   -2.358
1983   -3.553   -1.522    0.046    0.637    3.074    3.431    1.668    3.230    1.042   -2.161   -4.874   -6.361
1984   -4.426   -3.932   -1.878   -0.258    0.885    2.838    0.624    2.944   -1.310   -3.431   -2.773   -4.713
1985   -6.056   -1.267   -1.466   -1.774    0.267    3.555   -0.178    2.850   -0.126   -0.724   -4.710   -4.915
1986   -5.789   -5.096   -1.521   -1.467    1.427    2.634    1.082   -0.802   -0.647   -2.496   -1.618   -6.059
1987   -5.052   -3.723    0.054   -0.237    1.276    4.524    2.448    1.594   -1.219   -0.939   -2.159   -5.167
1988   -2.887   -3.494   -0.218   -1.260    0.988    3.552    1.028    3.225    0.673   -0.459   -5.573   -7.109
1989   -4.954   -4.371   -3.790   -0.404    1.917    2.971    2.251    1.822    1.383   -3.183   -5.137   -5.538
1990   -4.403   -1.828   -2.188   -0.536    0.885    2.499   -0.263    2.550    0.761   -2.391   -2.860   -5.986
1991   -3.692   -4.099   -0.862    0.143   -0.550    1.649    2.417   -0.070    2.252   -0.532   -4.428   -4.419
1992   -3.619   -2.382    1.360    0.810    0.958    4.219    1.650    2.438   -1.004   -2.135   -4.922   -3.810
1993   -3.813   -3.943   -2.297   -0.683    1.403    2.408    3.132    1.265    0.977   -1.596   -3.598   -5.873
1994   -4.261   -2.556   -2.830   -0.065    1.238    2.442    1.915    0.516   -0.705   -1.907   -3.818   -4.094
1995   -4.356   -3.536   -1.521    0.100    1.264    4.440    2.082    1.275   -0.052   -1.886   -4.913   -6.997
1996   -4.714   -4.593   -1.081   -2.317    0.731    1.492    1.168    1.964    1.529   -1.042   -3.772   -7.059
1997   -4.723   -3.867   -1.913   -1.552    1.771    2.823    1.312    0.862   -0.920   -1.683   -2.571   -3.990
1998   -1.590   -0.111   -0.823    1.363    3.422    3.852    2.542    1.990    2.467    1.028   -0.920   -3.904
1999   -4.434   -5.628   -0.269   -0.898    2.106    3.567    4.637    2.538    3.142   -0.136   -5.039   -5.140
2000   -4.984   -3.601   -1.934    0.464    0.346    2.949    3.497    2.170    1.332   -0.136   -1.724   -3.499
2001   -4.030   -3.196   -1.815    0.164    2.225    2.164    1.335   -0.763    1.904   -1.166   -4.771   -5.210
2002   -4.251   -4.246   -1.852   -1.639    0.226    2.926    2.946   -0.087   -1.147   -2.463   -4.032   -3.422
2003   -5.311   -3.733   -2.695   -0.355    1.395    2.480    0.823    2.308    0.122   -3.495   -2.303   -5.933
2004   -3.467   -3.426   -1.858   -1.852    2.150    1.280    0.182    1.861    0.252   -1.221   -5.119   -4.183
2005   -5.011   -2.699   -3.629   -1.382    1.404    3.529    0.803    1.316   -0.367   -1.066   -2.563   -5.788
2006   -3.114   -3.657   -1.929    0.275    0.998    2.915    3.085    1.093    0.845   -3.164   -1.526   -4.417
2007   -4.222   -3.331   -1.671   -0.994    1.090    1.641    1.525    1.268    1.947   -1.316   -3.239   -4.449
2008   -4.229   -5.099   -3.115   -1.302    3.000    2.115    0.996    1.585    1.994   -0.513   -2.223   -6.092
2009   -6.008   -2.339   -1.305   -1.540   -0.636    2.644    1.224    0.730   -0.450    0.134   -4.292   -5.421
2010   -4.514   -1.082   -2.028    0.542    1.426    2.596    2.345    2.452    0.487    0.525   -2.995   -4.512
2011   -6.552   -2.826   -5.047   -2.082    2.567    3.029    1.635    0.328    1.994   -0.529   -2.006   -5.187
2012   -3.599   -3.010   -2.398   -0.290    0.776    4.722    1.321    2.581    0.671   -1.036   -2.954   -4.337
2013   -4.436   -3.031   -0.847   -0.795    1.048    3.014   -0.116    2.287   -1.432   -1.166   -3.826   -4.633
2014   -5.494   -2.903 -999.999 -999.999 -999.999 -999.999 -999.999 -999.999 -999.999 -999.999 -999.999 -999.999