397.2344929855
490.573072641263
490.573072641263
490.573072641263
644.437661133844
644.437661133844
296.013763224439
296.013763224439
644.437661133844
644.437661133844
397.2344929855
490.573072641263
490.573072641263
448.894006457397
644.437661133844
296.013763224439
296.013763224439
296.013763224439
644.437661133844
296.013763224439
644.437661133844
448.894006457397
644.437661133844
644.437661133844
644.437661133844
490.573072641263
644.437661133844
644.437661133844
644.437661133844
397.2344929855
490.573072641263
644.437661133844
490.573072641263
397.2344929855
296.013763224439
644.437661133844
498.347600253616
644.437661133844
490.573072641263
397.2344929855
644.437661133844
644.437661133844
448.894006457397
644.437661133844
397.2344929855
498.347600253616
397.2344929855
490.573072641263
490.573072641263
397.2344929855
498.347600253616
644.437661133844
490.573072641263
644.437661133844
490.573072641263
644.437661133844
498.347600253616
490.573072641263
644.437661133844
490.573072641263
397.2344929855
644.437661133844
448.894006457397
644.437661133844
644.437661133844
490.573072641263
490.573072641263
397.2344929855
644.437661133844
644.437661133844
498.347600253616
644.437661133844
498.347600253616
490.573072641263
490.573072641263
644.437661133844
296.013763224439
644.437661133844
296.013763224439
296.013763224439
644.437661133844
644.437661133844
490.573072641263
296.013763224439
644.437661133844
644.437661133844
644.437661133844
644.437661133844
490.573072641263
490.573072641263
644.437661133844
296.013763224439
644.437661133844
498.347600253616
644.437661133844
490.573072641263
644.437661133844
490.573072641263
296.013763224439
644.437661133844
644.437661133844
296.013763224439
397.2344929855
296.013763224439
490.573072641263
490.573072641263
490.573072641263
644.437661133844
644.437661133844
644.437661133844
397.2344929855
644.437661133844
490.573072641263
296.013763224439
296.013763224439
448.894006457397
296.013763224439
490.573072641263
490.573072641263
644.437661133844
397.2344929855
644.437661133844
498.347600253616
490.573072641263
397.2344929855
644.437661133844
644.437661133844
296.013763224439
296.013763224439
644.437661133844
490.573072641263
448.894006457397
498.347600253616
397.2344929855
644.437661133844
644.437661133844
490.573072641263
644.437661133844
644.437661133844
644.437661133844
644.437661133844
296.013763224439
644.437661133844
644.437661133844
490.573072641263
644.437661133844
644.437661133844
448.894006457397
296.013763224439
296.013763224439
296.013763224439
448.894006457397
644.437661133844
296.013763224439
644.437661133844
490.573072641263
397.2344929855
644.437661133844
296.013763224439
397.2344929855
296.013763224439
498.347600253616
644.437661133844
498.347600253616
644.437661133844
448.894006457397
644.437661133844
644.437661133844
490.573072641263
296.013763224439
490.573072641263
644.437661133844
644.437661133844
296.013763224439
490.573072641263
644.437661133844
644.437661133844
644.437661133844
448.894006457397
296.013763224439
296.013763224439
448.894006457397
644.437661133844
644.437661133844
296.013763224439
498.347600253616
644.437661133844
296.013763224439
490.573072641263
448.894006457397
397.2344929855
296.013763224439
490.573072641263
644.437661133844
397.2344929855
490.573072641263
644.437661133844
448.894006457397
296.013763224439
644.437661133844
644.437661133844
448.894006457397
448.894006457397
644.437661133844
490.573072641263
448.894006457397
490.573072641263
490.573072641263
644.437661133844
397.2344929855
644.437661133844
490.573072641263
397.2344929855
397.2344929855
490.573072641263
644.437661133844
296.013763224439
644.437661133844
448.894006457397
490.573072641263
644.437661133844
498.347600253616
490.573072641263
296.013763224439
296.013763224439
490.573072641263
490.573072641263
397.2344929855
397.2344929855
498.347600253616
448.894006457397
644.437661133844
644.437661133844
644.437661133844
644.437661133844
296.013763224439
490.573072641263
644.437661133844
644.437661133844
644.437661133844
490.573072641263
644.437661133844
490.573072641263
644.437661133844
490.573072641263
498.347600253616
490.573072641263
490.573072641263
397.2344929855
644.437661133844
490.573072641263
397.2344929855
644.437661133844
296.013763224439
490.573072641263
397.2344929855
448.894006457397
644.437661133844
490.573072641263
448.894006457397
498.347600253616
397.2344929855
448.894006457397
644.437661133844
296.013763224439
490.573072641263
644.437661133844
644.437661133844
397.2344929855
448.894006457397
448.894006457397
644.437661133844
490.573072641263
397.2344929855
490.573072641263
490.573072641263
296.013763224439
644.437661133844
644.437661133844
644.437661133844
397.2344929855
498.347600253616
644.437661133844
397.2344929855
644.437661133844
498.347600253616
644.437661133844
490.573072641263
498.347600253616
490.573072641263
490.573072641263
397.2344929855
490.573072641263
490.573072641263
644.437661133844
296.013763224439
397.2344929855
397.2344929855
296.013763224439
644.437661133844
