-3.31033333333333 -5.54366666666667 -4.661 -3.72 -1.91133333333333 -0.792333333333333 1.027 2.057 2.01166666666667 0.946666666666667 -0.133666666666667 -1.37 -2.764 -3.79833333333333 -4.35666666666667 -3.72933333333333 -2.64633333333333 -0.712333333333333 1.318 2.10133333333333 2.54333333333333 1.47566666666667 -0.370333333333333 -2.19633333333333 -3.581 -3.50066666666667 -3.571
-2.764 -3.79833333333333 -4.35666666666667 -3.72933333333333 -2.64633333333333 -0.712333333333333 1.318 2.10133333333333 2.54333333333333 1.47566666666667 -0.370333333333333 -2.19633333333333 -3.581 -3.50066666666667 -3.571 -2.651 -1.42233333333333 0.213333333333333 1.593 1.78866666666667 2.50533333333333 1.643 0.994 -1.65833333333333 -3.27333333333333 -3.96266666666667 -3.39033333333333
-3.581 -3.50066666666667 -3.571 -2.651 -1.42233333333333 0.213333333333333 1.593 1.78866666666667 2.50533333333333 1.643 0.994 -1.65833333333333 -3.27333333333333 -3.96266666666667 -3.39033333333333 -2.20766666666667 -0.807333333333333 0.768666666666667 1.679 2.494 2.65733333333333 2.16466666666667 0.586333333333333 -1.26633333333333 -3.14533333333333 -3.88066666666667 -3.89933333333333
-3.27333333333333 -3.96266666666667 -3.39033333333333 -2.20766666666667 -0.807333333333333 0.768666666666667 1.679 2.494 2.65733333333333 2.16466666666667 0.586333333333333 -1.26633333333333 -3.14533333333333 -3.88066666666667 -3.89933333333333 -2.635 -1.32733333333333 0.0803333333333334 1.00566666666667 1.46966666666667 1.382 0.487 -0.877666666666667 -2.02 -3.65266666666667 -5.03133333333333 -5.34133333333333
-3.14533333333333 -3.88066666666667 -3.89933333333333 -2.635 -1.32733333333333 0.0803333333333334 1.00566666666667 1.46966666666667 1.382 0.487 -0.877666666666667 -2.02 -3.65266666666667 -5.03133333333333 -5.34133333333333 -3.656 -1.65266666666667 -0.0356666666666667 1.27533333333333 1.64733333333333 1.618 0.902333333333333 -0.0083333333333333 -1.88766666666667 -4.29033333333333 -5.52766666666667 -5.00233333333333
-3.65266666666667 -5.03133333333333 -5.34133333333333 -3.656 -1.65266666666667 -0.0356666666666667 1.27533333333333 1.64733333333333 1.618 0.902333333333333 -0.0083333333333333 -1.88766666666667 -4.29033333333333 -5.52766666666667 -5.00233333333333 -3.27633333333333 -1.50566666666667 -0.100333333333333 1.296 1.77066666666667 1.94033333333333 0.982666666666667 -0.480666666666667 -1.908 -2.68933333333333 -2.70566666666667 -2.47766666666667
-4.29033333333333 -5.52766666666667 -5.00233333333333 -3.27633333333333 -1.50566666666667 -0.100333333333333 1.296 1.77066666666667 1.94033333333333 0.982666666666667 -0.480666666666667 -1.908 -2.68933333333333 -2.70566666666667 -2.47766666666667 -1.67633333333333 -0.279666666666667 1.25233333333333 2.38066666666667 2.72433333333333 2.77633333333333 1.98 0.703666666666667 -1.99766666666667 -4.46533333333333 -5.22033333333333 -4.90633333333333
-2.68933333333333 -2.70566666666667 -2.47766666666667 -1.67633333333333 -0.279666666666667 1.25233333333333 2.38066666666667 2.72433333333333 2.77633333333333 1.98 0.703666666666667 -1.99766666666667 -4.46533333333333 -5.22033333333333 -4.90633333333333 -3.412 -2.02266666666667 -0.417 1.155 1.449 2.13533333333333 0.752666666666667 -0.599 -2.50466666666667 -3.639 -4.514 -4.012
-4.46533333333333 -5.22033333333333 -4.90633333333333 -3.412 -2.02266666666667 -0.417 1.155 1.449 2.13533333333333 0.752666666666667 -0.599 -2.50466666666667 -3.639 -4.514 -4.012 -2.92966666666667 -1.50233333333333 -0.991 0.682666666666667 1.21466666666667 2.07566666666667 0.848666666666667 0.666666666666667 -1.85333333333333 -3.44966666666667 -5.138 -5.26666666666667
-3.639 -4.514 -4.012 -2.92966666666667 -1.50233333333333 -0.991 0.682666666666667 1.21466666666667 2.07566666666667 0.848666666666667 0.666666666666667 -1.85333333333333 -3.44966666666667 -5.138 -5.26666666666667 -4.13533333333333 -2.69466666666667 -0.520333333333333 0.864666666666667 1.71433333333333 0.971333333333333 -0.122333333333333 -1.315 -1.587 -3.391 -4.243 -4.94466666666667
-3.44966666666667 -5.138 -5.26666666666667 -4.13533333333333 -2.69466666666667 -0.520333333333333 0.864666666666667 1.71433333333333 0.971333333333333 -0.122333333333333 -1.315 -1.587 -3.391 -4.243 -4.94466666666667 -2.907 -1.302 0.364333333333333 1.85433333333333 2.74933333333333 2.85533333333333 0.941 -0.188 -1.439 -2.755 -3.40433333333333 -3.84933333333333
-3.391 -4.243 -4.94466666666667 -2.907 -1.302 0.364333333333333 1.85433333333333 2.74933333333333 2.85533333333333 0.941 -0.188 -1.439 -2.755 -3.40433333333333 -3.84933333333333 -2.19966666666667 -1.65733333333333 -0.163333333333333 1.09333333333333 1.856 2.60166666666667 1.642 1.14633333333333 -1.78633333333333 -4.38033333333333 -5.87866666666667 -5.478
-2.755 -3.40433333333333 -3.84933333333333 -2.19966666666667 -1.65733333333333 -0.163333333333333 1.09333333333333 1.856 2.60166666666667 1.642 1.14633333333333 -1.78633333333333 -4.38033333333333 -5.87866666666667 -5.478 -4.37166666666667 -2.855 -0.759 1.49466666666667 2.37966666666667 2.348 1.81866666666667 0.00733333333333341 -2.31233333333333 -4.61933333333333 -5.026 -3.923
-4.38033333333333 -5.87866666666667 -5.478 -4.37166666666667 -2.855 -0.759 1.49466666666667 2.37966666666667 2.348 1.81866666666667 0.00733333333333341 -2.31233333333333 -4.61933333333333 -5.026 -3.923 -2.80633333333333 -1.51733333333333 -0.613 0.949333333333333 1.04033333333333 1.59533333333333 1.016 0.306666666666667 -1.49666666666667 -3.74566666666667 -4.17933333333333 -4.59233333333333
-4.61933333333333 -5.026 -3.923 -2.80633333333333 -1.51733333333333 -0.613 0.949333333333333 1.04033333333333 1.59533333333333 1.016 0.306666666666667 -1.49666666666667 -3.74566666666667 -4.17933333333333 -4.59233333333333 -2.88433333333333 -1.606 -0.423 0.414 1.172 1.332 1.533 0.55 -0.902666666666667 -3.12633333333333 -4.15533333333333 -3.47333333333333
-3.74566666666667 -4.17933333333333 -4.59233333333333 -2.88433333333333 -1.606 -0.423 0.414 1.172 1.332 1.533 0.55 -0.902666666666667 -3.12633333333333 -4.15533333333333 -3.47333333333333 -1.547 -0.0706666666666667 1.04266666666667 1.99566666666667 2.27566666666667 2.769 1.028 -0.233666666666667 -2.687 -3.62233333333333 -4.18166666666667 -3.85533333333333
-3.12633333333333 -4.15533333333333 -3.47333333333333 -1.547 -0.0706666666666667 1.04266666666667 1.99566666666667 2.27566666666667 2.769 1.028 -0.233666666666667 -2.687 -3.62233333333333 -4.18166666666667 -3.85533333333333 -3.351 -2.30766666666667 -0.525666666666667 1.04266666666667 2.31433333333333 2.26833333333333 1.79133333333333 0.215333333333333 -1.40566666666667 -3.689 -4.57733333333333 -4.23
-3.62233333333333 -4.18166666666667 -3.85533333333333 -3.351 -2.30766666666667 -0.525666666666667 1.04266666666667 2.31433333333333 2.26833333333333 1.79133333333333 0.215333333333333 -1.40566666666667 -3.689 -4.57733333333333 -4.23 -3.21566666666667 -1.817 -0.552333333333333 1.205 1.865 1.62433333333333 0.575333333333333 -0.698666666666667 -2.14333333333333 -3.273 -4.08933333333333 -3.99533333333333
-3.689 -4.57733333333333 -4.23 -3.21566666666667 -1.817 -0.552333333333333 1.205 1.865 1.62433333333333 0.575333333333333 -0.698666666666667 -2.14333333333333 -3.273 -4.08933333333333 -3.99533333333333 -3.13766666666667 -1.65233333333333 -0.0523333333333333 1.93466666666667 2.59533333333333 2.599 1.10166666666667 -0.221 -2.28366666666667 -4.59866666666667 -5.54133333333333 -5.43466666666667
-3.273 -4.08933333333333 -3.99533333333333 -3.13766666666667 -1.65233333333333 -0.0523333333333333 1.93466666666667 2.59533333333333 2.599 1.10166666666667 -0.221 -2.28366666666667 -4.59866666666667 -5.54133333333333 -5.43466666666667 -3.46266666666667 -2.66366666666667 -0.889 -0.0313333333333334 1.13033333333333 1.54133333333333 1.55366666666667 0.817 -1.095 -3.95766666666667 -5.18466666666667 -5.21633333333333
-4.59866666666667 -5.54133333333333 -5.43466666666667 -3.46266666666667 -2.66366666666667 -0.889 -0.0313333333333334 1.13033333333333 1.54133333333333 1.55366666666667 0.817 -1.095 -3.95766666666667 -5.18466666666667 -5.21633333333333 -3.501 -2.444 -0.564666666666667 1.014 1.96866666666667 1.66566666666667 0.418 -0.580333333333333 -1.72466666666667 -2.748 -2.717 -1.897
-3.95766666666667 -5.18466666666667 -5.21633333333333 -3.501 -2.444 -0.564666666666667 1.014 1.96866666666667 1.66566666666667 0.418 -0.580333333333333 -1.72466666666667 -2.748 -2.717 -1.897 -0.841333333333333 0.143 1.32066666666667 2.879 3.272 2.79466666666667 2.333 1.82833333333333 0.858333333333333 -1.26533333333333 -3.086 -4.65533333333333
-2.748 -2.717 -1.897 -0.841333333333333 0.143 1.32066666666667 2.879 3.272 2.79466666666667 2.333 1.82833333333333 0.858333333333333 -1.26533333333333 -3.086 -4.65533333333333 -3.44366666666667 -2.265 0.313 1.59166666666667 3.43666666666667 3.58066666666667 3.439 1.848 -0.677666666666667 -3.43833333333333 -5.05433333333333 -4.575
-1.26533333333333 -3.086 -4.65533333333333 -3.44366666666667 -2.265 0.313 1.59166666666667 3.43666666666667 3.58066666666667 3.439 1.848 -0.677666666666667 -3.43833333333333 -5.05433333333333 -4.575 -3.50633333333333 -1.69033333333333 -0.374666666666667 1.253 2.264 2.872 2.333 1.122 -0.176 -1.78633333333333 -3.08433333333333 -3.575
-3.43833333333333 -5.05433333333333 -4.575 -3.50633333333333 -1.69033333333333 -0.374666666666667 1.253 2.264 2.872 2.333 1.122 -0.176 -1.78633333333333 -3.08433333333333 -3.575 -3.01366666666667 -1.61566666666667 0.191333333333333 1.51766666666667 1.908 0.912 0.825333333333333 -0.0083333333333333 -1.34433333333333 -3.71566666666667 -4.744 -4.569
-1.78633333333333 -3.08433333333333 -3.575 -3.01366666666667 -1.61566666666667 0.191333333333333 1.51766666666667 1.908 0.912 0.825333333333333 -0.0083333333333333 -1.34433333333333 -3.71566666666667 -4.744 -4.569 -3.44966666666667 -2.579 -1.08833333333333 0.504333333333333 2.03266666666667 1.92833333333333 0.570666666666667 -1.23233333333333 -2.54733333333333 -3.30566666666667 -4.255 -4.15533333333333
-3.71566666666667 -4.744 -4.569 -3.44966666666667 -2.579 -1.08833333333333 0.504333333333333 2.03266666666667 1.92833333333333 0.570666666666667 -1.23233333333333 -2.54733333333333 -3.30566666666667 -4.255 -4.15533333333333 -3.913 -2.261 -0.551666666666667 1.17333333333333 1.566 1.87033333333333 1.08433333333333 -0.355 -1.892 -3.91033333333333 -3.901 -4.27533333333333
-3.30566666666667 -4.255 -4.15533333333333 -3.913 -2.261 -0.551666666666667 1.17333333333333 1.566 1.87033333333333 1.08433333333333 -0.355 -1.892 -3.91033333333333 -3.901 -4.27533333333333 -2.917 -2.37866666666667 -0.52 0.526 1.204 1.10766666666667 0.765 0.297333333333333 -2.02933333333333 -3.50766666666667 -4.771 -3.96433333333333
-3.91033333333333 -3.901 -4.27533333333333 -2.917 -2.37866666666667 -0.52 0.526 1.204 1.10766666666667 0.765 0.297333333333333 -2.02933333333333 -3.50766666666667 -4.771 -3.96433333333333 -3.77966666666667 -2.57 -1.20233333333333 1.18366666666667 1.912 1.88266666666667 0.584 -0.039 -1.332 -3.139 -3.82166666666667 -4.18633333333333
-3.50766666666667 -4.771 -3.96433333333333 -3.77966666666667 -2.57 -1.20233333333333 1.18366666666667 1.912 1.88266666666667 0.584 -0.039 -1.332 -3.139 -3.82166666666667 -4.18633333333333 -2.9 -1.77033333333333 -0.218666666666667 1.396 2.33266666666667 2.36433333333333 1.67433333333333 -0.408666666666667 -1.28166666666667 -3.03566666666667 -3.38833333333333 -3.99
-3.139 -3.82166666666667 -4.18633333333333 -2.9 -1.77033333333333 -0.218666666666667 1.396 2.33266666666667 2.36433333333333 1.67433333333333 -0.408666666666667 -1.28166666666667 -3.03566666666667 -3.38833333333333 -3.99 -3.07466666666667 -1.99866666666667 -0.525 0.579 1.41866666666667 1.478 1.58 0.633 -0.869333333333333 -3.00133333333333 -3.97233333333333 -4.59233333333333
-3.03566666666667 -3.38833333333333 -3.99 -3.07466666666667 -1.99866666666667 -0.525 0.579 1.41866666666667 1.478 1.58 0.633 -0.869333333333333 -3.00133333333333 -3.97233333333333 -4.59233333333333 -4.14766666666667 -3.172 -0.472333333333333 1.271 2.037 1.56533333333333 1.525 1.022 -0.247333333333333 -2.94266666666667 -4.77433333333333 -4.813
-3.00133333333333 -3.97233333333333 -4.59233333333333 -4.14766666666667 -3.172 -0.472333333333333 1.271 2.037 1.56533333333333 1.525 1.022 -0.247333333333333 -2.94266666666667 -4.77433333333333 -4.813 -3.21733333333333 -1.728 -1.16033333333333 0.156 1.07733333333333 1.53266666666667 0.501333333333333 0.138 -1.536 -3.193 -4.74233333333333 -3.67233333333333
-2.94266666666667 -4.77433333333333 -4.813 -3.21733333333333 -1.728 -1.16033333333333 0.156 1.07733333333333 1.53266666666667 0.501333333333333 0.138 -1.536 -3.193 -4.74233333333333 -3.67233333333333 -2.54133333333333 -0.856 -0.02 1.52133333333333 2.12233333333333 2.46433333333333 1.76133333333333 1.15466666666667 -0.661 -2.32733333333333 -4.68633333333333 -4.63
-3.193 -4.74233333333333 -3.67233333333333 -2.54133333333333 -0.856 -0.02 1.52133333333333 2.12233333333333 2.46433333333333 1.76133333333333 1.15466666666667 -0.661 -2.32733333333333 -4.68633333333333 -4.63 -4.80833333333333 -3.31833333333333 -1.52066666666667 1.17133333333333 2.41033333333333 1.664 1.319 0.597666666666667 -0.180333333333333 -2.574 -3.59733333333333 -3.932
-2.32733333333333 -4.68633333333333 -4.63 -4.80833333333333 -3.31833333333333 -1.52066666666667 1.17133333333333 2.41033333333333 1.664 1.319 0.597666666666667 -0.180333333333333 -2.574 -3.59733333333333 -3.932 -3.00233333333333 -1.89933333333333 -0.637333333333333 1.736 2.273 2.87466666666667 1.52433333333333 0.738666666666667 -1.10633333333333 -2.77566666666667 -3.909 -3.93466666666667
-2.574 -3.59733333333333 -3.932 -3.00233333333333 -1.89933333333333 -0.637333333333333 1.736 2.273 2.87466666666667 1.52433333333333 0.738666666666667 -1.10633333333333 -2.77566666666667 -3.909 -3.93466666666667 -2.77133333333333 -1.55766666666667 -0.198 1.089 1.31533333333333 1.72833333333333 0.246333333333333 -0.103666666666667 -2.14133333333333 -3.20833333333333 -4.651 -4.34333333333333
