264.47
397.446925123507
264.47
416.658145568487
308.785744633991
416.658145568487
308.785744633991
397.446925123507
264.47
416.658145568487
397.446925123507
308.785744633991
397.446925123507
264.47
308.785744633991
264.47
264.47
353.033985969209
416.658145568487
450.30066827897
416.658145568487
416.658145568487
308.785744633991
353.033985969209
416.658145568487
397.446925123507
264.47
264.47
353.033985969209
416.658145568487
353.033985969209
264.47
450.30066827897
397.446925123507
264.47
264.47
264.47
264.47
264.47
397.446925123507
397.446925123507
397.446925123507
416.658145568487
264.47
308.785744633991
397.446925123507
450.30066827897
353.033985969209
264.47
264.47
264.47
264.47
264.47
397.446925123507
397.446925123507
264.47
450.30066827897
264.47
264.47
264.47
264.47
416.658145568487
353.033985969209
264.47
264.47
264.47
308.785744633991
397.446925123507
264.47
416.658145568487
308.785744633991
416.658145568487
416.658145568487
264.47
308.785744633991
416.658145568487
264.47
450.30066827897
264.47
264.47
450.30066827897
264.47
416.658145568487
264.47
416.658145568487
416.658145568487
450.30066827897
416.658145568487
264.47
264.47
397.446925123507
308.785744633991
353.033985969209
353.033985969209
264.47
416.658145568487
416.658145568487
264.47
264.47
308.785744633991
416.658145568487
450.30066827897
264.47
450.30066827897
308.785744633991
416.658145568487
450.30066827897
416.658145568487
416.658145568487
264.47
308.785744633991
416.658145568487
264.47
264.47
416.658145568487
416.658145568487
264.47
450.30066827897
264.47
264.47
264.47
264.47
416.658145568487
264.47
308.785744633991
264.47
416.658145568487
264.47
264.47
416.658145568487
416.658145568487
264.47
416.658145568487
264.47
416.658145568487
264.47
308.785744633991
397.446925123507
264.47
416.658145568487
264.47
264.47
264.47
308.785744633991
308.785744633991
264.47
308.785744633991
264.47
450.30066827897
264.47
264.47
450.30066827897
264.47
264.47
450.30066827897
264.47
264.47
264.47
416.658145568487
264.47
353.033985969209
397.446925123507
264.47
353.033985969209
450.30066827897
416.658145568487
416.658145568487
264.47
264.47
264.47
308.785744633991
264.47
264.47
416.658145568487
450.30066827897
416.658145568487
397.446925123507
397.446925123507
450.30066827897
397.446925123507
416.658145568487
264.47
264.47
264.47
353.033985969209
264.47
416.658145568487
397.446925123507
264.47
397.446925123507
264.47
353.033985969209
264.47
416.658145568487
308.785744633991
264.47
264.47
397.446925123507
416.658145568487
416.658145568487
264.47
397.446925123507
416.658145568487
416.658145568487
416.658145568487
416.658145568487
264.47
264.47
264.47
397.446925123507
264.47
308.785744633991
264.47
308.785744633991
264.47
416.658145568487
308.785744633991
450.30066827897
397.446925123507
264.47
450.30066827897
397.446925123507
353.033985969209
264.47
264.47
353.033985969209
264.47
264.47
308.785744633991
416.658145568487
450.30066827897
308.785744633991
264.47
450.30066827897
264.47
450.30066827897
264.47
264.47
264.47
308.785744633991
264.47
264.47
353.033985969209
397.446925123507
264.47
264.47
264.47
264.47
264.47
416.658145568487
397.446925123507
353.033985969209
450.30066827897
264.47
450.30066827897
264.47
397.446925123507
450.30066827897
264.47
308.785744633991
416.658145568487
416.658145568487
264.47
416.658145568487
397.446925123507
450.30066827897
416.658145568487
264.47
308.785744633991
416.658145568487
264.47
450.30066827897
416.658145568487
397.446925123507
450.30066827897
308.785744633991
416.658145568487
353.033985969209
450.30066827897
308.785744633991
264.47
264.47
264.47
353.033985969209
416.658145568487
353.033985969209
353.033985969209
397.446925123507
397.446925123507
264.47
264.47
264.47
353.033985969209
264.47
353.033985969209
264.47
264.47
416.658145568487
416.658145568487
308.785744633991
