1948    1.894    1.194    0.658    1.840    1.147    1.028   -0.852   -1.528   -0.533   -0.625    1.394    1.216
1949    1.222    1.041    0.857    1.076    1.000    0.968   -0.751   -1.600   -0.238   -0.122    1.236    1.220
1950    1.301    0.251   -0.028    0.970    0.889    0.793    0.111   -0.328   -1.010   -0.017    0.848    0.846
1951    0.184    0.023   -0.912    0.810    1.330    0.327    1.020   -0.478   -0.696    0.932    0.817    1.039
1952    0.733    0.059   -0.234    2.777    0.051    1.247   -0.562   -0.965   -0.834    0.513    0.167    0.053
1953    0.538    1.411    0.392    1.171    0.798    1.487    0.346   -0.625   -0.609    0.973    1.364    0.394
1954    0.352    0.080   -0.640    0.073    1.025    0.168    0.197   -0.248   -1.186   -0.411    0.523    0.155
1955    0.416    1.047   -0.609    0.606   -0.045    1.105    0.658   -0.467    0.049   -0.217    1.251    1.745
1956    0.106    0.561    0.254    0.249    0.665   -0.325   -0.682   -1.118   -0.558    0.434    1.427    0.892
1957   -0.330   -0.688    0.619    0.543    0.853    0.396    0.900    0.090   -0.197    0.826    0.969    0.329
1958   -0.100    1.104    0.952    1.573    1.155    1.444    0.560    0.109   -0.017    0.730   -0.461    0.379
1959    0.282   -0.535    0.858    2.867    1.150    2.012    1.078    0.810    0.853    1.212    0.520    0.182
1960    0.762    0.505    0.087    0.292    1.764    2.014    0.965    0.685    0.000    0.365   -0.162    0.059
1961   -0.953   -0.857    0.604    1.452    1.367    1.671    1.066   -0.005    0.035    0.608    1.036    0.478
1962   -0.835   -0.567    0.474    0.400    1.289    0.637    0.703   -0.300   -0.289    0.466   -0.674    0.946
1963    0.615    0.319    1.394    1.654    2.480    1.654    1.202    0.031    0.168    0.872    1.141    0.448
1964   -0.692   -1.065    0.524    0.851    0.860    0.758    0.398   -0.159   -0.567    0.279    0.638   -0.668
1965   -0.557   -0.755   -1.079    0.689    0.197    1.002    0.169   -0.557   -0.656    0.509    0.594    0.722
1966    0.752   -0.387   -0.616   -0.141    0.405    0.744    0.047   -0.533   -0.331    0.035    1.369    0.478
1967    0.910    0.201    0.933    0.430   -0.089   -0.101   -0.310   -0.993   -0.713    0.412    1.089    0.770
1968    0.838    0.358    0.475    0.318   -0.599    0.382   -0.377   -0.969   -0.404   -0.082    1.428    1.072
1969    0.404   -0.152    0.237   -0.173    0.711    0.169   -0.513   -1.185   -1.222    0.425    0.092    0.595
1970    0.066    1.024   -0.144    0.366    1.350    0.533   -0.126   -0.257   -1.289    0.633    1.089    0.158
1971    0.587    0.091    0.606    0.160    0.868    0.225    0.141   -0.130   -0.748    0.239    0.652    1.221
1972   -0.229   -0.798   -0.099    0.852    0.206    1.013   -0.097   -1.353   -0.588    0.524    0.701   -0.111
1973   -0.311    0.824   -0.341    0.699    0.417    0.536    0.099   -0.727   -1.212    0.655    0.807    1.163
1974   -0.010   -0.521   -0.059    0.415    0.208   -0.223   -0.125   -1.030   -0.439    0.539    1.301   -0.331
1975    0.878    0.059   -0.267   -0.124    0.347    0.135    0.502   -0.486    0.015   -0.108    0.220    0.194
1976    0.348   -0.788   -0.324    0.712    0.068    0.238    0.660    0.383    0.184   -0.069   -0.098    0.433
1977   -0.984    0.371    0.182    0.221    0.766    0.673    0.576   -0.240   -0.514    0.033    0.159    0.811
1978    0.173   -0.081   -0.687    0.834    0.647    0.015    0.558    0.123    0.699    0.447    0.054    0.471
1979    0.749    0.791   -0.103    0.593    0.716   -0.136    0.724   -0.300    0.238    1.058    0.734    0.445
1980   -0.326   -1.013   -0.315    1.015    0.174    0.332    0.164   -0.460   -0.348    0.361    0.921    0.451
1981   -0.105   -0.417   -0.140    0.311   -0.001   -0.018    0.003   -0.202   -0.220    0.271    0.186   -0.032
1982   -0.545   -0.653   -0.385   -0.102    1.045    0.240    0.212   -0.700   -0.639    0.242   -0.253    0.298
1983   -0.041    0.850   -0.746   -0.010    0.945    0.693    0.408   -0.842   -0.723   -0.183    0.585   -0.254
1984   -0.533   -0.827   -0.459    0.208    0.243    0.418    0.158   -0.635   -0.402    0.229    0.472   -1.185
1985    0.096    0.641   -0.817    0.308    0.403    0.214    0.097   -0.765   -0.555    0.222    0.634   -0.325
1986    0.414    0.022   -0.664    0.018    0.964    0.539   -0.535   -0.704   -0.553    0.226   -0.408   -0.126
1987    0.378   -0.490    0.037   -0.125    0.703   -0.264   -0.041   -0.331   -0.652   -0.101    0.616    0.037
1988   -0.090   -0.384   -0.818   -0.090    0.439    0.511   -0.005   -1.003   -0.489    0.023    0.744    0.283
1989   -0.415   -0.782   -0.564    0.414   -0.465    0.698   -0.151   -0.929   -0.695    0.481    0.033    0.521
1990   -0.712   -0.351   -0.180   -0.010   -0.161   -0.560   -0.043   -0.910   -0.486    0.987    1.123    0.216
1991    0.311   -0.552   -0.145    0.036    0.137   -0.114   -0.109   -0.365   -0.874    0.361    1.191   -0.069
1992   -0.723    0.073   -1.110   -0.136   -0.422    0.006   -0.024   -0.985   -0.620    0.432    1.284    0.578
1993    0.116   -0.822    0.109    0.596   -0.065    0.069   -0.026   -0.963   -0.576    0.301    0.107    0.077
1994    0.050   -0.053    0.035    0.063    0.050    0.001   -0.818   -0.905   -1.309    0.144    1.034    0.258
1995    1.168   -0.262   -0.109   -0.055   -0.110    0.397    0.318   -0.982   -0.268    0.166    1.127    0.574
1996    0.338   -0.250   -0.341    0.095   -0.236    0.731    0.126   -1.194   -0.187    1.094    0.662    1.268
1997    1.156    0.137   -0.384   -0.555   -0.676    0.200   -0.761   -0.533   -0.752    0.723    0.804    0.505
1998   -0.288   -0.213    0.479    0.860   -0.440   -0.439    0.284   -0.973   -0.564    0.708    1.706    1.140
1999    0.620    0.106    0.465    0.153   -0.673    0.366   -0.340   -0.558   -0.704    0.651    0.213    1.254
2000    0.259    0.681   -0.036    0.497    0.554   -0.383   -0.805   -0.584   -0.407    0.610    0.505    0.228
2001    0.605   -0.039    0.354    1.361    0.309   -0.300   -1.142   -1.050   -0.581    0.282    0.468    0.346
2002    0.441    0.205    0.189    0.149   -0.095    0.097   -0.753   -1.379   -0.611    1.053    0.734   -0.367
2003    0.502   -0.027   -0.207    0.422    0.122   -0.154   -0.005   -1.182   -1.065    0.535    0.402   -0.377
2004   -0.074   -0.306   -0.060   -0.132   -0.389   -0.413   -0.644   -0.812   -1.109    0.159    0.816   -0.426
2005   -0.055   -0.834   -0.697    0.008   -0.108   -0.088   -0.147   -0.802   -0.965    0.484    0.456    0.671
2006   -0.683   -0.500   -0.422    0.168   -0.248   -0.153   -1.145   -1.223   -1.459    0.635    0.385   -0.095
2007    0.305    0.118   -0.603   -0.370   -1.127   -0.303   -0.706   -1.296   -0.836   -0.329    0.413   -0.364
2008   -1.049   -0.438    0.099    0.517   -0.394   -0.369   -0.859   -1.226   -0.791    0.274   -0.518   -0.408
2009   -0.181   -0.325   -0.256   -0.978   -0.319   -0.603   -0.476   -1.214   -0.930    0.319    0.305    0.400
2010    0.377   -0.141   -0.018   -0.050   -0.036   -0.359   -0.728   -1.599   -1.240    0.727    0.488    1.294
2011   -0.036   -0.607   -0.726    0.427    0.888    0.374   -0.309   -1.155   -0.961   -0.061   -0.821   -0.884
2012    0.522   -0.833   -0.065    0.440    0.339    0.578    0.064   -0.347   -0.438    1.284    1.373    0.982
2013    1.285   -0.159    0.085    0.285    0.482    0.373    0.014   -0.943    0.135    0.257    0.816   -0.227
2014    0.757   -0.394   -0.141    0.160    0.680   -0.182   -0.446 -999.999 -999.999 -999.999 -999.999 -999.999