423.367143993217
167.807550691787
327.757273874787
167.807550691787
327.757273874787
429.991508667323
399.792577794391
429.991508667323
167.807550691787
392.309755533839
167.807550691787
167.807550691787
167.807550691787
399.792577794391
399.792577794391
399.792577794391
399.792577794391
399.792577794391
399.792577794391
423.367143993217
167.807550691787
399.792577794391
429.991508667323
167.807550691787
399.792577794391
399.792577794391
392.309755533839
167.807550691787
327.757273874787
392.309755533839
423.367143993217
399.792577794391
399.792577794391
399.792577794391
167.807550691787
429.991508667323
327.757273874787
429.991508667323
399.792577794391
392.309755533839
399.792577794391
399.792577794391
423.367143993217
399.792577794391
423.367143993217
167.807550691787
392.309755533839
399.792577794391
399.792577794391
399.792577794391
429.991508667323
167.807550691787
167.807550691787
423.367143993217
429.991508667323
392.309755533839
399.792577794391
399.792577794391
392.309755533839
392.309755533839
327.757273874787
399.792577794391
399.792577794391
167.807550691787
399.792577794391
392.309755533839
423.367143993217
167.807550691787
167.807550691787
399.792577794391
167.807550691787
399.792577794391
167.807550691787
399.792577794391
399.792577794391
327.757273874787
167.807550691787
399.792577794391
392.309755533839
423.367143993217
167.807550691787
399.792577794391
399.792577794391
392.309755533839
423.367143993217
327.757273874787
399.792577794391
423.367143993217
392.309755533839
399.792577794391
399.792577794391
392.309755533839
399.792577794391
399.792577794391
399.792577794391
167.807550691787
399.792577794391
392.309755533839
167.807550691787
399.792577794391
423.367143993217
399.792577794391
399.792577794391
399.792577794391
392.309755533839
327.757273874787
399.792577794391
167.807550691787
399.792577794391
423.367143993217
327.757273874787
392.309755533839
399.792577794391
167.807550691787
392.309755533839
399.792577794391
399.792577794391
399.792577794391
392.309755533839
399.792577794391
399.792577794391
429.991508667323
429.991508667323
399.792577794391
399.792577794391
392.309755533839
399.792577794391
423.367143993217
399.792577794391
167.807550691787
399.792577794391
392.309755533839
423.367143993217
167.807550691787
399.792577794391
423.367143993217
167.807550691787
423.367143993217
429.991508667323
399.792577794391
399.792577794391
399.792577794391
392.309755533839
399.792577794391
399.792577794391
399.792577794391
429.991508667323
399.792577794391
399.792577794391
167.807550691787
423.367143993217
167.807550691787
423.367143993217
399.792577794391
167.807550691787
399.792577794391
392.309755533839
423.367143993217
392.309755533839
399.792577794391
392.309755533839
399.792577794391
423.367143993217
399.792577794391
399.792577794391
429.991508667323
429.991508667323
399.792577794391
167.807550691787
423.367143993217
399.792577794391
392.309755533839
423.367143993217
392.309755533839
392.309755533839
399.792577794391
423.367143993217
399.792577794391
399.792577794391
423.367143993217
399.792577794391
167.807550691787
399.792577794391
399.792577794391
392.309755533839
399.792577794391
399.792577794391
399.792577794391
399.792577794391
423.367143993217
167.807550691787
399.792577794391
423.367143993217
399.792577794391
399.792577794391
399.792577794391
423.367143993217
392.309755533839
167.807550691787
429.991508667323
399.792577794391
392.309755533839
399.792577794391
327.757273874787
399.792577794391
423.367143993217
399.792577794391
399.792577794391
423.367143993217
429.991508667323
167.807550691787
423.367143993217
399.792577794391
327.757273874787
167.807550691787
392.309755533839
429.991508667323
399.792577794391
423.367143993217
399.792577794391
399.792577794391
167.807550691787
399.792577794391
167.807550691787
399.792577794391
167.807550691787
392.309755533839
399.792577794391
167.807550691787
423.367143993217
167.807550691787
399.792577794391
392.309755533839
399.792577794391
429.991508667323
399.792577794391
399.792577794391
399.792577794391
399.792577794391
399.792577794391
399.792577794391
423.367143993217
399.792577794391
167.807550691787
392.309755533839
399.792577794391
399.792577794391
399.792577794391
399.792577794391
327.757273874787
399.792577794391
399.792577794391
399.792577794391
399.792577794391
327.757273874787
423.367143993217
399.792577794391
399.792577794391
423.367143993217
399.792577794391
327.757273874787
399.792577794391
429.991508667323
399.792577794391
399.792577794391
423.367143993217
399.792577794391
399.792577794391
392.309755533839
167.807550691787
399.792577794391
399.792577794391
399.792577794391
327.757273874787
399.792577794391
167.807550691787
423.367143993217
167.807550691787
167.807550691787
392.309755533839
167.807550691787
423.367143993217
399.792577794391
167.807550691787
399.792577794391
399.792577794391
392.309755533839
399.792577794391
327.757273874787
167.807550691787
399.792577794391
327.757273874787
167.807550691787
423.367143993217
399.792577794391
429.991508667323
392.309755533839
327.757273874787
429.991508667323
392.309755533839
