0.35
-1.55
-0.35
-1.55
-0.35
0.6
0.11
0.6
-1.55
0.04
-1.55
-1.55
-1.55
0.11
0.11
0.11
0.11
0.11
0.11
0.35
-1.55
0.11
0.6
-1.55
0.11
0.11
0.04
-1.55
-0.35
0.04
0.35
0.11
0.11
0.11
-1.55
0.6
-0.35
0.6
0.11
0.04
0.11
0.11
0.35
0.11
0.35
-1.55
0.04
0.11
0.11
0.11
0.6
-1.55
-1.55
0.35
0.6
0.04
0.11
0.11
0.04
0.04
-0.35
0.11
0.11
-1.55
0.11
0.04
0.35
-1.55
-1.55
0.11
-1.55
0.11
-1.55
0.11
0.11
-0.35
-1.55
0.11
0.04
0.35
-1.55
0.11
0.11
0.04
0.35
-0.35
0.11
0.35
0.04
0.11
0.11
0.04
0.11
0.11
0.11
-1.55
0.11
0.04
-1.55
0.11
0.35
0.11
0.11
0.11
0.04
-0.35
0.11
-1.55
0.11
0.35
-0.35
0.04
0.11
-1.55
0.04
0.11
0.11
0.11
0.04
0.11
0.11
0.6
0.6
0.11
0.11
0.04
0.11
0.35
0.11
-1.55
0.11
0.04
0.35
-1.55
0.11
0.35
-1.55
0.35
0.6
0.11
0.11
0.11
0.04
0.11
0.11
0.11
0.6
0.11
0.11
-1.55
0.35
-1.55
0.35
0.11
-1.55
0.11
0.04
0.35
0.04
0.11
0.04
0.11
0.35
0.11
0.11
0.6
0.6
0.11
-1.55
0.35
0.11
0.04
0.35
0.04
0.04
0.11
0.35
0.11
0.11
0.35
0.11
-1.55
0.11
0.11
0.04
0.11
0.11
0.11
0.11
0.35
-1.55
0.11
0.35
0.11
0.11
0.11
0.35
0.04
-1.55
0.6
0.11
0.04
0.11
-0.35
0.11
0.35
0.11
0.11
0.35
0.6
-1.55
0.35
0.11
-0.35
-1.55
0.04
0.6
0.11
0.35
0.11
0.11
-1.55
0.11
-1.55
0.11
-1.55
0.04
0.11
-1.55
0.35
-1.55
0.11
0.04
0.11
0.6
0.11
0.11
0.11
0.11
0.11
0.11
0.35
0.11
-1.55
0.04
0.11
0.11
0.11
0.11
-0.35
0.11
0.11
0.11
0.11
-0.35
0.35
0.11
0.11
0.35
0.11
-0.35
0.11
0.6
0.11
0.11
0.35
0.11
0.11
0.04
-1.55
0.11
0.11
0.11
-0.35
0.11
-1.55
0.35
-1.55
-1.55
0.04
-1.55
0.35
0.11
-1.55
0.11
0.11
0.04
0.11
-0.35
-1.55
0.11
-0.35
-1.55
0.35
0.11
0.6
0.04
-0.35
0.6
0.04
