26.642 26.7343333333333 26.8396666666667 27.136 27.313 27.4863333333333 27.3976666666667 27.3386666666667 27.2463333333333 27.338 27.5486666666667 27.821 27.9933333333333 27.943 27.919 27.916 27.926 27.8946666666667 27.8676666666667 27.8563333333333 27.8363333333333 27.802 27.879 27.9626666666667 28.079 28.04 28.082
27.9933333333333 27.943 27.919 27.916 27.926 27.8946666666667 27.8676666666667 27.8563333333333 27.8363333333333 27.802 27.879 27.9626666666667 28.079 28.04 28.082 27.9933333333333 27.924 27.8783333333333 27.8563333333333 27.838 27.727 27.7393333333333 27.8016666666667 27.9506666666667 28.0786666666667 28.1856666666667 28.1013333333333
28.079 28.04 28.082 27.9933333333333 27.924 27.8783333333333 27.8563333333333 27.838 27.727 27.7393333333333 27.8016666666667 27.9506666666667 28.0786666666667 28.1856666666667 28.1013333333333 28.044 27.9146666666667 27.8786666666667 27.833 27.8296666666667 27.7756666666667 27.7686666666667 27.8763333333333 28.1546666666667 28.212 28.1906666666667 28.0396666666667
28.0786666666667 28.1856666666667 28.1013333333333 28.044 27.9146666666667 27.8786666666667 27.833 27.8296666666667 27.7756666666667 27.7686666666667 27.8763333333333 28.1546666666667 28.212 28.1906666666667 28.0396666666667 28.046 27.9833333333333 27.9966666666667 27.979 27.9626666666667 27.8743333333333 27.834 27.898 27.9666666666667 27.99 28.023 28.1026666666667
28.212 28.1906666666667 28.0396666666667 28.046 27.9833333333333 27.9966666666667 27.979 27.9626666666667 27.8743333333333 27.834 27.898 27.9666666666667 27.99 28.023 28.1026666666667 28.0776666666667 28.0506666666667 27.9306666666667 27.932 27.794 27.6773333333333 27.6886666666667 27.8546666666667 28.081 28.2376666666667 28.1913333333333 28.139
27.99 28.023 28.1026666666667 28.0776666666667 28.0506666666667 27.9306666666667 27.932 27.794 27.6773333333333 27.6886666666667 27.8546666666667 28.081 28.2376666666667 28.1913333333333 28.139 28.056 28.1003333333333 28.2416666666667 28.2633333333333 28.1683333333333 27.88 27.591 27.537 27.5566666666667 27.6396666666667 27.7266666666667 27.7173333333333
28.2376666666667 28.1913333333333 28.139 28.056 28.1003333333333 28.2416666666667 28.2633333333333 28.1683333333333 27.88 27.591 27.537 27.5566666666667 27.6396666666667 27.7266666666667 27.7173333333333 27.742 27.6443333333333 27.81 27.8773333333333 27.927 27.7923333333333 27.8043333333333 27.7763333333333 27.8536666666667 27.865 27.955 27.8826666666667
27.6396666666667 27.7266666666667 27.7173333333333 27.742 27.6443333333333 27.81 27.8773333333333 27.927 27.7923333333333 27.8043333333333 27.7763333333333 27.8536666666667 27.865 27.955 27.8826666666667 27.6726666666667 27.4966666666667 27.4216666666667 27.481 27.5326666666667 27.604 27.6873333333333 27.769 27.8566666666667 27.929 27.9623333333333 27.934
27.865 27.955 27.8826666666667 27.6726666666667 27.4966666666667 27.4216666666667 27.481 27.5326666666667 27.604 27.6873333333333 27.769 27.8566666666667 27.929 27.9623333333333 27.934 27.8413333333333 27.67 27.568 27.5253333333333 27.5403333333333 27.5606666666667 27.5943333333333 27.692 27.8473333333333 28.02 28.2156666666667 28.237
27.929 27.9623333333333 27.934 27.8413333333333 27.67 27.568 27.5253333333333 27.5403333333333 27.5606666666667 27.5943333333333 27.692 27.8473333333333 28.02 28.2156666666667 28.237 28.273 28.1976666666667 28.163 28.1006666666667 27.9196666666667 27.9093333333333 27.9433333333333 28.1413333333333 28.2823333333333 28.2666666666667 28.197 28.0906666666667
28.02 28.2156666666667 28.237 28.273 28.1976666666667 28.163 28.1006666666667 27.9196666666667 27.9093333333333 27.9433333333333 28.1413333333333 28.2823333333333 28.2666666666667 28.197 28.0906666666667 28.012 28.0206666666667 27.9043333333333 27.848 27.6533333333333 27.5316666666667 27.468 27.6686666666667 28.0373333333333 28.3663333333333 28.483 28.4183333333333
28.2666666666667 28.197 28.0906666666667 28.012 28.0206666666667 27.9043333333333 27.848 27.6533333333333 27.5316666666667 27.468 27.6686666666667 28.0373333333333 28.3663333333333 28.483 28.4183333333333 28.27 28.0523333333333 27.9133333333333 27.7513333333333 27.7033333333333 27.473 27.3803333333333 27.2323333333333 27.234 27.2103333333333 27.2546666666667 27.2613333333333
28.3663333333333 28.483 28.4183333333333 28.27 28.0523333333333 27.9133333333333 27.7513333333333 27.7033333333333 27.473 27.3803333333333 27.2323333333333 27.234 27.2103333333333 27.2546666666667 27.2613333333333 27.195 27.2633333333333 27.386 27.501 27.4653333333333 27.3553333333333 27.285 27.356 27.554 27.782 27.9163333333333 27.9096666666667
27.2103333333333 27.2546666666667 27.2613333333333 27.195 27.2633333333333 27.386 27.501 27.4653333333333 27.3553333333333 27.285 27.356 27.554 27.782 27.9163333333333 27.9096666666667 28.0366666666667 28.0223333333333 27.9946666666667 27.8506666666667 27.7776666666667 27.7443333333333 27.682 27.741 27.9913333333333 28.1773333333333 28.232 28.1743333333333
27.782 27.9163333333333 27.9096666666667 28.0366666666667 28.0223333333333 27.9946666666667 27.8506666666667 27.7776666666667 27.7443333333333 27.682 27.741 27.9913333333333 28.1773333333333 28.232 28.1743333333333 28.1506666666667 28.1676666666667 28.1393333333333 28.0853333333333 27.9936666666667 27.993 27.9293333333333 27.9516666666667 27.8326666666667 27.8243333333333 27.7103333333333 27.6153333333333
28.1773333333333 28.232 28.1743333333333 28.1506666666667 28.1676666666667 28.1393333333333 28.0853333333333 27.9936666666667 27.993 27.9293333333333 27.9516666666667 27.8326666666667 27.8243333333333 27.7103333333333 27.6153333333333 27.49 27.5433333333333 27.5766666666667 27.6473333333333 27.552 27.525 27.5326666666667 27.63 27.0526666666667 26.4453333333333 25.6656666666667 25.5226666666667
27.8243333333333 27.7103333333333 27.6153333333333 27.49 27.5433333333333 27.5766666666667 27.6473333333333 27.552 27.525 27.5326666666667 27.63 27.0526666666667 26.4453333333333 25.6656666666667 25.5226666666667 26.093 26.832 27.5533333333333 27.5276666666667 27.396 27.155 27.06 27.1366666666667 27.4436666666667 27.738 27.821 27.8466666666667
26.4453333333333 25.6656666666667 25.5226666666667 26.093 26.832 27.5533333333333 27.5276666666667 27.396 27.155 27.06 27.1366666666667 27.4436666666667 27.738 27.821 27.8466666666667 27.691 27.6453333333333 27.6333333333333 27.636 27.577 27.428 27.304 27.2943333333333 27.4053333333333 27.637 27.7996666666667 27.7526666666667
27.738 27.821 27.8466666666667 27.691 27.6453333333333 27.6333333333333 27.636 27.577 27.428 27.304 27.2943333333333 27.4053333333333 27.637 27.7996666666667 27.7526666666667 27.7166666666667 27.706 27.7206666666667 27.6266666666667 27.495 27.41 27.3596666666667 27.3756666666667 27.427 27.556 27.5983333333333 27.613
27.637 27.7996666666667 27.7526666666667 27.7166666666667 27.706 27.7206666666667 27.6266666666667 27.495 27.41 27.3596666666667 27.3756666666667 27.427 27.556 27.5983333333333 27.613 27.522 27.4443333333333 27.3066666666667 27.1893333333333 27.1293333333333 27.1323333333333 27.2676666666667 27.3783333333333 27.602 27.7943333333333 27.9056666666667 27.966
27.556 27.5983333333333 27.613 27.522 27.4443333333333 27.3066666666667 27.1893333333333 27.1293333333333 27.1323333333333 27.2676666666667 27.3783333333333 27.602 27.7943333333333 27.9056666666667 27.966 27.982 28.055 27.9993333333333 27.7383333333333 27.6186666666667 27.416 27.31 27.207 27.4166666666667 27.9376666666667 28.213 28.284
27.7943333333333 27.9056666666667 27.966 27.982 28.055 27.9993333333333 27.7383333333333 27.6186666666667 27.416 27.31 27.207 27.4166666666667 27.9376666666667 28.213 28.284 28.1073333333333 28.032 28.0496666666667 27.8906666666667 27.668 27.5676666666667 27.5556666666667 27.8116666666667 27.8796666666667 28.181 28.1676666666667 28.0166666666667
27.9376666666667 28.213 28.284 28.1073333333333 28.032 28.0496666666667 27.8906666666667 27.668 27.5676666666667 27.5556666666667 27.8116666666667 27.8796666666667 28.181 28.1676666666667 28.0166666666667 27.6143333333333 27.434 27.4773333333333 27.569 27.6716666666667 27.7056666666667 27.7716666666667 27.798 27.9253333333333 28.0806666666667 28.1306666666667 28.0613333333333
28.181 28.1676666666667 28.0166666666667 27.6143333333333 27.434 27.4773333333333 27.569 27.6716666666667 27.7056666666667 27.7716666666667 27.798 27.9253333333333 28.0806666666667 28.1306666666667 28.0613333333333 27.8056666666667 27.777 27.7966666666667 28.017 28.0216666666667 28.1143333333333 28.1273333333333 28.3043333333333 28.4886666666667 28.6183333333333 28.664 28.5223333333333
28.0806666666667 28.1306666666667 28.0613333333333 27.8056666666667 27.777 27.7966666666667 28.017 28.0216666666667 28.1143333333333 28.1273333333333 28.3043333333333 28.4886666666667 28.6183333333333 28.664 28.5223333333333 28.5603333333333 28.5353333333333 28.5436666666667 28.5276666666667 28.446 28.4763333333333 28.4593333333333 28.6163333333333 28.719 28.7326666666667 28.5616666666667 28.4403333333333
28.6183333333333 28.664 28.5223333333333 28.5603333333333 28.5353333333333 28.5436666666667 28.5276666666667 28.446 28.4763333333333 28.4593333333333 28.6163333333333 28.719 28.7326666666667 28.5616666666667 28.4403333333333 28.346 28.4403333333333 28.6313333333333 28.811 28.76 28.506 28.295 28.323 28.5056666666667 28.721 28.745 28.6453333333333
28.7326666666667 28.5616666666667 28.4403333333333 28.346 28.4403333333333 28.6313333333333 28.811 28.76 28.506 28.295 28.323 28.5056666666667 28.721 28.745 28.6453333333333 28.576 28.64 28.7796666666667 28.721 28.6726666666667 28.51 28.5713333333333 28.614 28.776 28.9056666666667 28.9006666666667 28.823
28.721 28.745 28.6453333333333 28.576 28.64 28.7796666666667 28.721 28.6726666666667 28.51 28.5713333333333 28.614 28.776 28.9056666666667 28.9006666666667 28.823 28.654 28.5786666666667 28.4616666666667 28.3826666666667 28.274 28.2443333333333 28.3643333333333 28.6306666666667 28.918 29.0536666666667 29.107 29.083
28.9056666666667 28.9006666666667 28.823 28.654 28.5786666666667 28.4616666666667 28.3826666666667 28.274 28.2443333333333 28.3643333333333 28.6306666666667 28.918 29.0536666666667 29.107 29.083 29.0233333333333 28.9813333333333 28.933 28.8566666666667 28.7063333333333 28.5793333333333 28.5446666666667 28.6543333333333 28.8213333333333 28.994 29.0353333333333 28.9276666666667
29.0536666666667 29.107 29.083 29.0233333333333 28.9813333333333 28.933 28.8566666666667 28.7063333333333 28.5793333333333 28.5446666666667 28.6543333333333 28.8213333333333 28.994 29.0353333333333 28.9276666666667 28.8193333333333 28.7283333333333 28.719 28.689 28.5953333333333 28.5363333333333 28.5543333333333 28.58 28.7026666666667 28.829 29.0556666666667 29.0233333333333
28.994 29.0353333333333 28.9276666666667 28.8193333333333 28.7283333333333 28.719 28.689 28.5953333333333 28.5363333333333 28.5543333333333 28.58 28.7026666666667 28.829 29.0556666666667 29.0233333333333 29.0033333333333 28.8856666666667 28.8473333333333 28.816 28.7856666666667 28.7793333333333 28.6196666666667 28.475 28.3926666666667 28.3166666666667 28.158 27.871
28.829 29.0556666666667 29.0233333333333 29.0033333333333 28.8856666666667 28.8473333333333 28.816 28.7856666666667 28.7793333333333 28.6196666666667 28.475 28.3926666666667 28.3166666666667 28.158 27.871 27.633 27.5966666666667 27.7106666666667 27.796 27.8786666666667 27.911 28.002 28.1386666666667 28.2323333333333 28.2836666666667 28.267 28.2766666666667
28.3166666666667 28.158 27.871 27.633 27.5966666666667 27.7106666666667 27.796 27.8786666666667 27.911 28.002 28.1386666666667 28.2323333333333 28.2836666666667 28.267 28.2766666666667 28.268 28.3566666666667 28.4896666666667 28.541 28.4643333333333 28.3143333333333 28.4186666666667 28.53 28.707 28.6833333333333 28.6646666666667 28.5813333333333
28.2836666666667 28.267 28.2766666666667 28.268 28.3566666666667 28.4896666666667 28.541 28.4643333333333 28.3143333333333 28.4186666666667 28.53 28.707 28.6833333333333 28.6646666666667 28.5813333333333 28.5913333333333 28.5596666666667 28.7 28.672 28.516 28.151 27.877 27.729 27.6973333333333 27.6503333333333 27.6993333333333 27.7783333333333
28.6833333333333 28.6646666666667 28.5813333333333 28.5913333333333 28.5596666666667 28.7 28.672 28.516 28.151 27.877 27.729 27.6973333333333 27.6503333333333 27.6993333333333 27.7783333333333 27.938 28.1236666666667 28.253 28.4196666666667 28.4216666666667 28.3796666666667 28.2713333333333 28.1756666666667 28.2006666666667 28.2216666666667 28.1726666666667 28.0646666666667
27.6503333333333 27.6993333333333 27.7783333333333 27.938 28.1236666666667 28.253 28.4196666666667 28.4216666666667 28.3796666666667 28.2713333333333 28.1756666666667 28.2006666666667 28.2216666666667 28.1726666666667 28.0646666666667 27.9886666666667 28.107 28.221 28.294 28.2763333333333 28.2973333333333 28.4163333333333 28.633 28.9033333333333 29.112 29.1626666666667 28.9823333333333
28.2216666666667 28.1726666666667 28.0646666666667 27.9886666666667 28.107 28.221 28.294 28.2763333333333 28.2973333333333 28.4163333333333 28.633 28.9033333333333 29.112 29.1626666666667 28.9823333333333 28.727 28.631 28.6606666666667 28.6556666666667 28.5493333333333 28.3266666666667 28.269 28.2973333333333 28.503 28.717 28.712 28.6763333333333
