58.3441380868537
58.3441380868537
41.7300567956358
19.94
19.94
9.50387994884325
9.50387994884325
19.94
19.94
54.4969855357591
19.94
19.94
19.94
11.2212856471776
19.94
11.2212856471776
19.94
54.4969855357591
54.4969855357591
41.7300567956358
19.94
9.50387994884325
41.7300567956358
19.94
19.94
54.4969855357591
54.4969855357591
41.7300567956358
9.50387994884325
19.94
9.50387994884325
54.4969855357591
11.2212856471776
19.94
19.94
54.4969855357591
9.50387994884325
19.94
41.7300567956358
19.94
54.4969855357591
9.50387994884325
58.3441380868537
58.3441380868537
11.2212856471776
54.4969855357591
19.94
19.94
54.4969855357591
19.94
41.7300567956358
58.3441380868537
19.94
54.4969855357591
41.7300567956358
41.7300567956358
54.4969855357591
11.2212856471776
19.94
11.2212856471776
19.94
54.4969855357591
41.7300567956358
54.4969855357591
54.4969855357591
54.4969855357591
58.3441380868537
19.94
19.94
19.94
54.4969855357591
41.7300567956358
19.94
19.94
19.94
19.94
9.50387994884325
19.94
11.2212856471776
19.94
11.2212856471776
19.94
11.2212856471776
19.94
9.50387994884325
19.94
41.7300567956358
19.94
54.4969855357591
11.2212856471776
58.3441380868537
19.94
58.3441380868537
54.4969855357591
54.4969855357591
58.3441380868537
41.7300567956358
11.2212856471776
54.4969855357591
58.3441380868537
9.50387994884325
41.7300567956358
54.4969855357591
19.94
11.2212856471776
11.2212856471776
54.4969855357591
19.94
54.4969855357591
58.3441380868537
19.94
41.7300567956358
9.50387994884325
19.94
19.94
19.94
54.4969855357591
19.94
54.4969855357591
19.94
54.4969855357591
19.94
54.4969855357591
54.4969855357591
19.94
9.50387994884325
11.2212856471776
19.94
19.94
54.4969855357591
19.94
11.2212856471776
19.94
54.4969855357591
41.7300567956358
54.4969855357591
58.3441380868537
41.7300567956358
19.94
11.2212856471776
9.50387994884325
54.4969855357591
19.94
9.50387994884325
54.4969855357591
54.4969855357591
19.94
19.94
54.4969855357591
19.94
19.94
19.94
41.7300567956358
19.94
58.3441380868537
58.3441380868537
19.94
19.94
41.7300567956358
11.2212856471776
19.94
58.3441380868537
11.2212856471776
19.94
19.94
19.94
58.3441380868537
19.94
41.7300567956358
19.94
11.2212856471776
11.2212856471776
54.4969855357591
19.94
54.4969855357591
19.94
58.3441380868537
19.94
19.94
19.94
19.94
19.94
54.4969855357591
9.50387994884325
19.94
41.7300567956358
19.94
11.2212856471776
11.2212856471776
58.3441380868537
19.94
19.94
19.94
41.7300567956358
54.4969855357591
19.94
11.2212856471776
41.7300567956358
19.94
54.4969855357591
54.4969855357591
9.50387994884325
54.4969855357591
11.2212856471776
41.7300567956358
9.50387994884325
9.50387994884325
11.2212856471776
9.50387994884325
19.94
58.3441380868537
19.94
54.4969855357591
19.94
9.50387994884325
19.94
19.94
19.94
19.94
19.94
19.94
58.3441380868537
19.94
41.7300567956358
58.3441380868537
41.7300567956358
19.94
19.94
41.7300567956358
41.7300567956358
58.3441380868537
54.4969855357591
9.50387994884325
11.2212856471776
19.94
11.2212856471776
19.94
54.4969855357591
41.7300567956358
19.94
41.7300567956358
19.94
54.4969855357591
41.7300567956358
54.4969855357591
58.3441380868537
19.94
54.4969855357591
58.3441380868537
41.7300567956358
11.2212856471776
19.94
54.4969855357591
19.94
54.4969855357591
11.2212856471776
19.94
19.94
19.94
41.7300567956358
11.2212856471776
19.94
58.3441380868537
11.2212856471776
54.4969855357591
19.94
11.2212856471776
9.50387994884325
54.4969855357591
58.3441380868537
19.94
19.94
19.94
19.94
19.94
19.94
58.3441380868537
9.50387994884325
58.3441380868537
19.94
19.94
11.2212856471776
41.7300567956358
41.7300567956358
11.2212856471776
19.94
19.94
19.94
19.94
54.4969855357591
19.94
19.94
19.94
54.4969855357591
54.4969855357591
19.94
19.94
11.2212856471776
19.94
54.4969855357591
