
1948 1009.138 1009.767 1010.157 1010.085 1010.112 1011.046 1011.111 1011.133 1010.875 1010.943 1009.626 1009.095
1949 1008.369 1008.447 1008.930 1010.563 1009.711 1010.462 1010.597 1010.549 1010.690 1010.484 1009.238 1006.978
1950 1007.405 1008.021 1009.322 1009.270 1009.591 1010.135 1010.935 1011.557 1011.397 1010.867 1008.514 1007.352
1951 1008.448 1008.372 1008.061 1008.991 1010.017 1009.860 1010.484 1011.112 1010.564 1010.525 1008.609 1007.891
1952 1007.200 1007.673 1009.253 1009.623 1009.610 1010.404 1010.739 1010.509 1010.568 1009.587 1008.357 1008.343
1953 1008.902 1009.043 1008.817 1009.889 1009.949 1010.318 1010.590 1010.422 1010.798 1010.003 1008.702 1008.178
1954 1007.648 1008.407 1008.465 1008.581 1008.884 1009.841 1010.021 1010.362 1010.737 1010.258 1009.292 1008.115
1955 1008.044 1008.290 1008.060 1008.707 1009.746 1010.081 1010.829 1010.680 1010.540 1010.525 1008.693 1009.080
1956 1007.309 1007.818 1008.545 1009.127 1009.612 1010.163 1010.575 1010.477 1010.294 1010.283 1008.404 1007.200
1957 1008.079 1006.038 1008.898 1009.050 1009.594 1009.644 1010.084 1009.881 1010.139 1010.693 1007.578 1007.218
1958 1008.209 1008.870 1008.523 1009.280 1009.213 1010.210 1010.380 1009.963 1010.272 1009.375 1008.384 1008.176
1959 1007.253 1007.210 1009.854 1009.237 1009.236 1010.683 1010.914 1010.071 1010.166 1010.023 1008.729 1007.573
1960 1008.458 1008.687 1009.593 1009.234 1009.414 1010.170 1010.310 1010.936 1010.060 1010.210 1009.103 1009.012
1961 1007.778 1008.708 1008.210 1009.723 1010.173 1010.125 1010.883 1010.826 1010.404 1009.789 1009.818 1008.831
1962 1008.803 1008.458 1009.783 1009.413 1009.794 1010.711 1010.336 1011.856 1010.562 1011.132 1009.163 1008.974
1963 1009.239 1010.270 1009.179 1009.577 1009.574 1010.674 1010.654 1009.811 1010.724 1010.332 1009.911 1008.731
1964 1007.532 1007.916 1009.651 1009.984 1009.818 1010.544 1010.916 1011.338 1010.437 1010.675 1008.252 1007.898
1965 1007.279 1007.443 1009.993 1010.083 1009.652 1011.273 1010.493 1010.829 1010.566 1010.130 1009.106 1008.304
1966 1006.979 1008.841 1008.727 1009.236 1010.607 1011.375 1010.065 1011.129 1011.303 1010.415 1009.160 1008.318
1967 1008.583 1008.928 1008.697 1009.102 1009.566 1010.701 1010.293 1010.856 1011.229 1010.294 1008.519 1007.487
1968 1006.347 1007.578 1008.922 1009.544 1010.190 1011.268 1010.608 1010.945 1010.855 1010.285 1009.977 1008.173
1969 1005.234 1006.310 1009.007 1009.480 1009.849 1010.655 1010.489 1011.203 1010.139 1010.126 1008.974 1008.156
1970 1008.120 1007.087 1008.162 1009.145 1009.785 1010.272 1011.037 1010.529 1010.389 1009.334 1009.577 1006.795
1971 1007.915 1007.691 1009.549 1009.486 1010.205 1010.977 1010.736 1011.273 1011.172 1010.855 1009.174 1006.816
1972 1007.360 1008.542 1008.862 1009.442 1009.256 1009.903 1009.636 1010.546 1009.288 1009.844 1009.024 1008.464
1973 1007.085 1008.082 1009.337 1009.133 1010.279 1010.486 1010.737 1010.882 1011.686 1010.349 1009.147 1008.695
1974 1008.127 1008.208 1009.766 1009.048 1010.523 1010.680 1011.248 1011.183 1011.426 1010.332 1008.129 1006.695
1975 1006.466 1009.732 1009.466 1009.124 1010.143 1010.810 1011.322 1011.590 1011.603 1010.895 1009.787 1009.079
1976 1007.945 1008.862 1008.842 1009.898 1010.728 1010.590 1010.873 1011.436 1011.296 1010.625 1009.269 1007.205
1977 1007.614 1008.990 1008.163 1009.249 1010.461 1010.662 1009.797 1010.668 1011.765 1010.843 1009.715 1007.319
1978 1008.453 1007.715 1009.535 1010.115 1010.231 1010.447 1010.505 1010.657 1010.713 1010.177 1009.196 1008.336
1979 1007.316 1009.605 1009.446 1009.970 1010.306 1010.485 1011.728 1011.318 1010.767 1010.616 1009.189 1008.512
1980 1008.109 1008.409 1007.143 1008.410 1010.092 1010.294 1010.700 1011.219 1010.946 1010.402 1009.312 1008.457
1981 1008.098 1006.674 1008.256 1009.380 1010.426 1010.763 1010.765 1011.305 1010.779 1010.348 1009.417 1008.221
1982 1008.755 1008.299 1008.718 1009.974 1010.089 1010.206 1010.033 1009.860 1010.983 1010.137 1008.170 1009.064
1983 1007.767 1008.992 1009.815 1010.304 1010.757 1011.094 1011.008 1012.292 1011.689 1010.628 1010.103 1009.268
1984 1009.284 1008.396 1009.383 1009.995 1010.260 1010.438 1010.760 1010.692 1011.014 1010.599 1009.844 1006.169
1985 1008.303 1007.728 1007.716 1009.306 1009.059 1010.356 1011.128 1011.241 1010.933 1010.556 1008.880 1008.669
1986 1007.217 1008.531 1009.498 1008.770 1010.368 1009.737 1010.746 1010.299 1010.412 1011.422 1008.451 1007.086
1987 1007.530 1006.851 1009.322 1009.107 1010.012 1010.508 1011.301 1010.700 1011.973 1010.952 1009.676 1007.482
1988 1008.205 1007.308 1008.813 1009.505 1010.071 1011.430 1011.487 1012.396 1011.545 1010.198 1010.576 1009.402
1989 1008.436 1009.253 1010.155 1009.188 1010.252 1011.684 1011.257 1011.408 1011.417 1010.415 1008.715 1008.766
1990 1007.079 1007.424 1008.714 1009.655 1010.085 1010.305 1010.830 1010.910 1011.029 1011.022 1008.158 1008.400
1991 1008.427 1007.508 1009.371 1009.153 1010.242 1010.701 1010.880 1011.050 1010.915 1009.978 1008.646 1006.241
1992 1008.229 1008.470 1007.872 1009.186 1009.898 1009.829 1010.815 1010.966 1010.423 1008.999 1009.354 1007.108
1993 1007.996 1008.072 1009.778 1009.278 1010.600 1010.657 1010.478 1011.418 1011.528 1010.600 1009.695 1008.263
1994 1008.466 1008.883 1009.271 1009.168 1010.255 1010.274 1009.774 1010.978 1011.183 1010.774 1009.441 1007.225
1995 1008.274 1009.241 1009.489 1009.011 1010.227 1011.266 1010.852 1011.178 1011.921 1010.576 1009.651 1009.164
1996 1008.476 1008.431 1009.105 1010.169 1011.051 1011.455 1010.989 1012.065 1010.526 1010.373 1009.418 1007.569
1997 1008.820 1008.036 1007.610 1010.395 1009.959 1010.725 1010.912 1011.557 1012.158 1010.294 1011.287 1008.513
1998 1008.200 1010.210 1009.718 1011.676 1011.717 1011.503 1012.328 1012.181 1012.258 1011.165 1009.668 1008.689
1999 1009.374 1009.694 1009.367 1010.294 1010.600 1011.241 1010.796 1011.986 1011.735 1010.718 1009.563 1009.123
2000 1008.626 1010.227 1009.920 1009.674 1010.526 1010.706 1010.589 1010.156 1011.648 1009.436 1008.838 1008.096
2001 1009.643 1007.816 1009.659 1009.424 1010.254 1009.561 1010.793 1010.403 1011.091 1009.862 1009.319 1006.282
2002 1008.736 1008.687 1008.917 1009.366 1009.545 1010.253 1011.074 1010.198 1010.913 1009.475 1008.440 1008.165
2003 1007.518 1007.070 1008.813 1009.309 1009.401 1010.933 1010.557 1010.864 1011.091 1010.223 1009.183 1007.749
2004 1007.165 1009.049 1008.303 1009.143 1010.234 1010.565 1010.614 1010.740 1011.127 1010.500 1009.117 1008.448
2005 1007.915 1004.939 1009.646 1009.084 1009.782 1010.548 1010.776 1011.235 1010.735 1010.690 1009.066 1008.308
2006 1007.683 1007.880 1009.354 1009.352 1010.509 1010.020 1010.783 1010.256 1010.496 1010.418 1009.317 1008.672
2007 1006.478 1008.725 1008.364 1010.234 1010.185 1009.731 1010.381 1010.956 1010.172 1010.307 1007.897 1008.664
2008 1007.331 1010.199 1010.390 1009.744 1010.599 1010.807 1011.541 1011.822 1011.130 1011.686 1010.003 1009.049
2009 1008.985 1009.431 1009.246 1009.385 1009.375 1010.686 1009.976 1010.563 1009.983 1009.799 1008.383 1008.425
2010 1006.394 1006.884 1008.067 1010.368 1009.724 1011.500 1011.537 1012.014 1012.175 1010.842 1010.212 1009.241
2011 1008.081 1010.013 1010.077 1010.681 1010.290 1010.256 1010.997 1011.176 1011.919 1011.076 1009.790 1008.937
2012 1008.731 1009.841 1008.580 1010.513 1009.695 1010.825 1010.055 1011.458 1010.834 1010.526 1009.400 1007.515
2013 1006.843 1008.291 1009.905 1009.967 1010.801 1010.009 1010.257 1010.926 1010.779 1010.659 1009.534 1007.830
2014 1007.710 1007.099 1008.209 1009.897 1010.711 1010.379 1010.770 1011.690 -999.999 -999.999 -999.999 -999.999