3.21390186757876
50.6662824450944
3.21390186757876
50.6662824450944
3.21390186757876
46.7016893386941
50.6662824450944
46.2520537347455
50.6662824450944
64.6290185129095
50.6662824450944
50.6662824450944
50.6662824450944
50.6662824450944
46.2520537347455
46.2520537347455
46.2520537347455
46.7016893386941
50.6662824450944
3.21390186757876
50.6662824450944
50.6662824450944
50.6662824450944
46.2520537347455
3.21390186757876
50.6662824450944
50.6662824450944
50.6662824450944
64.6290185129095
50.6662824450944
3.21390186757876
46.7016893386941
50.6662824450944
46.7016893386941
12.8736142636321
3.21390186757876
3.21390186757876
50.6662824450944
3.21390186757876
50.6662824450944
50.6662824450944
3.21390186757876
50.6662824450944
50.6662824450944
50.6662824450944
64.6290185129095
3.21390186757876
50.6662824450944
64.6290185129095
46.2520537347455
50.6662824450944
50.6662824450944
3.21390186757876
50.6662824450944
50.6662824450944
50.6662824450944
64.6290185129095
46.2520537347455
50.6662824450944
50.6662824450944
64.6290185129095
64.6290185129095
50.6662824450944
46.7016893386941
50.6662824450944
50.6662824450944
46.2520537347455
46.2520537347455
3.21390186757876
46.2520537347455
3.21390186757876
50.6662824450944
3.21390186757876
46.7016893386941
50.6662824450944
50.6662824450944
3.21390186757876
46.2520537347455
50.6662824450944
12.8736142636321
46.2520537347455
50.6662824450944
64.6290185129095
3.21390186757876
50.6662824450944
3.21390186757876
46.7016893386941
50.6662824450944
50.6662824450944
3.21390186757876
3.21390186757876
50.6662824450944
46.7016893386941
3.21390186757876
12.8736142636321
64.6290185129095
50.6662824450944
46.7016893386941
50.6662824450944
50.6662824450944
64.6290185129095
46.7016893386941
50.6662824450944
12.8736142636321
46.7016893386941
50.6662824450944
46.7016893386941
3.21390186757876
46.2520537347455
3.21390186757876
3.21390186757876
46.7016893386941
3.21390186757876
46.7016893386941
46.7016893386941
3.21390186757876
50.6662824450944
50.6662824450944
64.6290185129095
46.7016893386941
50.6662824450944
46.2520537347455
3.21390186757876
46.7016893386941
50.6662824450944
50.6662824450944
50.6662824450944
50.6662824450944
50.6662824450944
50.6662824450944
50.6662824450944
50.6662824450944
50.6662824450944
46.7016893386941
46.2520537347455
46.7016893386941
50.6662824450944
50.6662824450944
64.6290185129095
50.6662824450944
64.6290185129095
12.8736142636321
50.6662824450944
50.6662824450944
50.6662824450944
3.21390186757876
3.21390186757876
50.6662824450944
50.6662824450944
3.21390186757876
46.7016893386941
3.21390186757876
50.6662824450944
3.21390186757876
50.6662824450944
50.6662824450944
46.7016893386941
46.2520537347455
3.21390186757876
64.6290185129095
50.6662824450944
64.6290185129095
50.6662824450944
50.6662824450944
50.6662824450944
50.6662824450944
46.2520537347455
46.7016893386941
3.21390186757876
46.2520537347455
46.2520537347455
12.8736142636321
46.7016893386941
50.6662824450944
46.2520537347455
64.6290185129095
50.6662824450944
50.6662824450944
3.21390186757876
46.7016893386941
46.7016893386941
50.6662824450944
3.21390186757876
46.7016893386941
50.6662824450944
50.6662824450944
46.7016893386941
3.21390186757876
64.6290185129095
46.7016893386941
50.6662824450944
3.21390186757876
50.6662824450944
46.2520537347455
3.21390186757876
3.21390186757876
50.6662824450944
64.6290185129095
46.2520537347455
46.7016893386941
46.2520537347455
46.7016893386941
50.6662824450944
3.21390186757876
50.6662824450944
50.6662824450944
46.2520537347455
50.6662824450944
50.6662824450944
64.6290185129095
12.8736142636321
50.6662824450944
50.6662824450944
3.21390186757876
50.6662824450944
50.6662824450944
50.6662824450944
12.8736142636321
50.6662824450944
12.8736142636321
50.6662824450944
3.21390186757876
46.7016893386941
50.6662824450944
3.21390186757876
3.21390186757876
50.6662824450944
50.6662824450944
3.21390186757876
3.21390186757876
50.6662824450944
46.7016893386941
3.21390186757876
12.8736142636321
46.2520537347455
12.8736142636321
46.7016893386941
12.8736142636321
3.21390186757876
50.6662824450944
50.6662824450944
64.6290185129095
50.6662824450944
50.6662824450944
50.6662824450944
50.6662824450944
50.6662824450944
50.6662824450944
46.7016893386941
50.6662824450944
3.21390186757876
50.6662824450944
46.7016893386941
64.6290185129095
50.6662824450944
3.21390186757876
12.8736142636321
50.6662824450944
46.7016893386941
46.7016893386941
50.6662824450944
50.6662824450944
64.6290185129095
3.21390186757876
50.6662824450944
50.6662824450944
3.21390186757876
50.6662824450944
50.6662824450944
3.21390186757876
50.6662824450944
3.21390186757876
50.6662824450944
50.6662824450944
64.6290185129095
3.21390186757876
50.6662824450944
50.6662824450944
46.2520537347455
50.6662824450944
3.21390186757876
50.6662824450944
3.21390186757876
12.8736142636321
46.7016893386941
46.7016893386941
64.6290185129095
50.6662824450944
46.7016893386941
12.8736142636321
50.6662824450944
46.2520537347455
3.21390186757876
50.6662824450944
46.7016893386941
50.6662824450944
50.6662824450944
3.21390186757876
50.6662824450944
50.6662824450944
