1009.92033333333 1008.937 1008.62866666667 1008.54966666667 1009.20066666667 1009.82266666667 1010.40533333333 1010.73033333333 1010.96633333333 1011.20166666667 1011.119 1010.39666666667 1009.033 1008.02933333333 1007.93633333333 1008.25566666667 1008.80066666667 1009.291 1010.124 1010.30666666667 1010.37566666667 1010.74333333333 1011.092 1010.77433333333 1009.29233333333 1008.49566666667 1007.829
1009.033 1008.02933333333 1007.93633333333 1008.25566666667 1008.80066666667 1009.291 1010.124 1010.30666666667 1010.37566666667 1010.74333333333 1011.092 1010.77433333333 1009.29233333333 1008.49566666667 1007.829 1008.56766666667 1009.12166666667 1009.96033333333 1010.26433333333 1010.39433333333 1010.53633333333 1010.625 1010.51566666667 1010.02866666667 1009.23633333333 1008.28266666667 1008.419
1009.29233333333 1008.49566666667 1007.829 1008.56766666667 1009.12166666667 1009.96033333333 1010.26433333333 1010.39433333333 1010.53633333333 1010.625 1010.51566666667 1010.02866666667 1009.23633333333 1008.28266666667 1008.419 1008.789 1009.67366666667 1009.90733333333 1010.25366666667 1010.83966666667 1011.177 1011.271 1010.90033333333 1010.19066666667 1009.439 1008.60333333333 1008.34333333333
1009.23633333333 1008.28266666667 1008.419 1008.789 1009.67366666667 1009.90733333333 1010.25366666667 1010.83966666667 1011.177 1011.271 1010.90033333333 1010.19066666667 1009.439 1008.60333333333 1008.34333333333 1007.887 1007.98733333333 1008.54833333333 1009.59866666667 1010.362 1010.73766666667 1010.955 1010.85566666667 1010.22 1009.39033333333 1008.62233333333 1007.743
1009.439 1008.60333333333 1008.34333333333 1007.887 1007.98733333333 1008.54833333333 1009.59866666667 1010.362 1010.73766666667 1010.955 1010.85566666667 1010.22 1009.39033333333 1008.62233333333 1007.743 1007.676 1008.10333333333 1009.354 1010.18966666667 1010.65133333333 1010.94433333333 1010.94966666667 1010.81066666667 1010.18133333333 1009.32866666667 1008.79766666667 1008.425
1009.39033333333 1008.62233333333 1007.743 1007.676 1008.10333333333 1009.354 1010.18966666667 1010.65133333333 1010.94433333333 1010.94966666667 1010.81066666667 1010.18133333333 1009.32866666667 1008.79766666667 1008.425 1008.59066666667 1008.997 1009.59366666667 1010.08966666667 1010.10933333333 1010.033 1010.292 1010.32666666667 1009.76333333333 1009.12366666667 1008.33366666667 1008.60766666667
1009.32866666667 1008.79766666667 1008.425 1008.59066666667 1008.997 1009.59366666667 1010.08966666667 1010.10933333333 1010.033 1010.292 1010.32666666667 1009.76333333333 1009.12366666667 1008.33366666667 1008.60766666667 1008.858 1009.70366666667 1010.292 1010.71833333333 1010.953 1011.46466666667 1011.663 1011.53633333333 1010.80666666667 1009.99966666667 1009.55166666667 1008.98266666667
1009.12366666667 1008.33366666667 1008.60766666667 1008.858 1009.70366666667 1010.292 1010.71833333333 1010.953 1011.46466666667 1011.663 1011.53633333333 1010.80666666667 1009.99966666667 1009.55166666667 1008.98266666667 1009.021 1009.258 1009.87933333333 1010.231 1010.486 1010.63 1010.822 1010.76833333333 1010.48566666667 1008.87066666667 1008.10533333333 1007.4
1009.99966666667 1009.55166666667 1008.98266666667 1009.021 1009.258 1009.87933333333 1010.231 1010.486 1010.63 1010.822 1010.76833333333 1010.48566666667 1008.87066666667 1008.10533333333 1007.4 1007.91566666667 1008.25 1008.69366666667 1009.57366666667 1010.181 1010.90833333333 1011.10066666667 1010.91 1010.123 1009.36833333333 1008.25533333333 1008.139
1008.87066666667 1008.10533333333 1007.4 1007.91566666667 1008.25 1008.69366666667 1009.57366666667 1010.181 1010.90833333333 1011.10066666667 1010.91 1010.123 1009.36833333333 1008.25533333333 1008.139 1008.41533333333 1008.933 1009.54533333333 1009.625 1010.28366666667 1010.26066666667 1010.48566666667 1010.711 1010.095 1008.98633333333 1007.689 1007.15566666667
1009.36833333333 1008.25533333333 1008.139 1008.41533333333 1008.933 1009.54533333333 1009.625 1010.28366666667 1010.26066666667 1010.48566666667 1010.711 1010.095 1008.98633333333 1007.689 1007.15566666667 1007.901 1008.42666666667 1009.48033333333 1009.87566666667 1010.607 1010.83633333333 1011.32466666667 1011.20833333333 1010.867 1009.37 1008.45433333333 1007.665
1008.98633333333 1007.689 1007.15566666667 1007.901 1008.42666666667 1009.48033333333 1009.87566666667 1010.607 1010.83633333333 1011.32466666667 1011.20833333333 1010.867 1009.37 1008.45433333333 1007.665 1008.10866666667 1008.542 1009.463 1010.33533333333 1010.996 1011.771 1011.80933333333 1011.37966666667 1010.773 1010.05866666667 1009.47133333333 1009.03033333333
1009.37 1008.45433333333 1007.665 1008.10866666667 1008.542 1009.463 1010.33533333333 1010.996 1011.771 1011.80933333333 1011.37966666667 1010.773 1010.05866666667 1009.47133333333 1009.03033333333 1009.28133333333 1009.532 1009.865 1010.37466666667 1011.06433333333 1011.44966666667 1011.36066666667 1011.08 1010.18233333333 1009.29866666667 1008.18666666667 1007.75633333333
1010.05866666667 1009.47133333333 1009.03033333333 1009.28133333333 1009.532 1009.865 1010.37466666667 1011.06433333333 1011.44966666667 1011.36066666667 1011.08 1010.18233333333 1009.29866666667 1008.18666666667 1007.75633333333 1007.739 1008.59766666667 1009.48466666667 1010.015 1010.40666666667 1010.68166666667 1010.923 1010.987 1010.06966666667 1009.19333333333 1008.32833333333 1008.11166666667
1009.29866666667 1008.18666666667 1007.75633333333 1007.739 1008.59766666667 1009.48466666667 1010.015 1010.40666666667 1010.68166666667 1010.923 1010.987 1010.06966666667 1009.19333333333 1008.32833333333 1008.11166666667 1008.43533333333 1008.67733333333 1009.58866666667 1010.032 1010.60766666667 1010.877 1010.94833333333 1010.64766666667 1009.84633333333 1008.28833333333 1007.70533333333 1007.64666666667
1009.19333333333 1008.32833333333 1008.11166666667 1008.43533333333 1008.67733333333 1009.58866666667 1010.032 1010.60766666667 1010.877 1010.94833333333 1010.64766666667 1009.84633333333 1008.28833333333 1007.70533333333 1007.64666666667 1008.19033333333 1008.50933333333 1008.98533333333 1009.63766666667 1010.18066666667 1010.53666666667 1010.73466666667 1010.12933333333 1009.592 1008.487 1008.15266666667 1007.72533333333
1008.28833333333 1007.70533333333 1007.64666666667 1008.19033333333 1008.50933333333 1008.98533333333 1009.63766666667 1010.18066666667 1010.53666666667 1010.73466666667 1010.12933333333 1009.592 1008.487 1008.15266666667 1007.72533333333 1008.61533333333 1009.04266666667 1009.88533333333 1010.17833333333 1010.57833333333 1010.851 1011.14133333333 1011.182 1010.60766666667 1009.51933333333 1008.808 1008.53733333333
1008.487 1008.15266666667 1007.72533333333 1008.61533333333 1009.04266666667 1009.88533333333 1010.17833333333 1010.57833333333 1010.851 1011.14133333333 1011.182 1010.60766666667 1009.51933333333 1008.808 1008.53733333333 1008.87333333333 1009.10733333333 1009.56466666667 1009.899 1010.101 1010.342 1010.645 1010.97833333333 1010.466 1009.14666666667 1008.31333333333 1008.24666666667
1009.51933333333 1008.808 1008.53733333333 1008.87333333333 1009.10733333333 1009.56466666667 1009.899 1010.101 1010.342 1010.645 1010.97833333333 1010.466 1009.14666666667 1008.31333333333 1008.24666666667 1009.00133333333 1009.247 1009.57566666667 1010.168 1010.78166666667 1011.09866666667 1011.317 1011.225 1010.716 1009.797 1009.097 1008.69033333333
1009.14666666667 1008.31333333333 1008.24666666667 1009.00133333333 1009.247 1009.57566666667 1010.168 1010.78166666667 1011.09866666667 1011.317 1011.225 1010.716 1009.797 1009.097 1008.69033333333 1008.67066666667 1009.235 1010.10833333333 1010.89166666667 1011.165 1011.503 1011.19333333333 1010.988 1010.10566666667 1009.12 1008.60233333333 1008.14166666667
1009.797 1009.097 1008.69033333333 1008.67066666667 1009.235 1010.10833333333 1010.89166666667 1011.165 1011.503 1011.19333333333 1010.988 1010.10566666667 1009.12 1008.60233333333 1008.14166666667 1008.15533333333 1008.68033333333 1009.32133333333 1010.35966666667 1010.532 1011.06466666667 1011.54233333333 1011.33633333333 1011.24633333333 1010.03133333333 1009.33333333333 1008.97433333333
1009.12 1008.60233333333 1008.14166666667 1008.15533333333 1008.68033333333 1009.32133333333 1010.35966666667 1010.532 1011.06466666667 1011.54233333333 1011.33633333333 1011.24633333333 1010.03133333333 1009.33333333333 1008.97433333333 1009.376 1010.53466666667 1011.037 1011.632 1011.84933333333 1012.004 1012.25566666667 1011.868 1011.03033333333 1009.84066666667 1009.24366666667 1009.25233333333
1010.03133333333 1009.33333333333 1008.97433333333 1009.376 1010.53466666667 1011.037 1011.632 1011.84933333333 1012.004 1012.25566666667 1011.868 1011.03033333333 1009.84066666667 1009.24366666667 1009.25233333333 1009.47833333333 1009.785 1010.087 1010.71166666667 1010.879 1011.341 1011.50566666667 1011.47966666667 1010.672 1009.80133333333 1009.104 1009.32533333333
1009.84066666667 1009.24366666667 1009.25233333333 1009.47833333333 1009.785 1010.087 1010.71166666667 1010.879 1011.341 1011.50566666667 1011.47966666667 1010.672 1009.80133333333 1009.104 1009.32533333333 1009.591 1009.94033333333 1010.04 1010.302 1010.607 1010.48366666667 1010.79766666667 1010.41333333333 1009.974 1008.79 1008.859 1008.51833333333
1009.80133333333 1009.104 1009.32533333333 1009.591 1009.94033333333 1010.04 1010.302 1010.607 1010.48366666667 1010.79766666667 1010.41333333333 1009.974 1008.79 1008.859 1008.51833333333 1009.03933333333 1008.96633333333 1009.779 1009.74633333333 1010.20266666667 1010.25233333333 1010.76233333333 1010.452 1010.09066666667 1008.48766666667 1008.11233333333 1007.90166666667
1008.79 1008.859 1008.51833333333 1009.03933333333 1008.96633333333 1009.779 1009.74633333333 1010.20266666667 1010.25233333333 1010.76233333333 1010.452 1010.09066666667 1008.48766666667 1008.11233333333 1007.90166666667 1008.78 1008.99 1009.276 1009.72133333333 1010.29066666667 1010.50833333333 1010.72833333333 1010.19533333333 1009.60933333333 1008.69333333333 1008.041 1007.58433333333
1008.48766666667 1008.11233333333 1007.90166666667 1008.78 1008.99 1009.276 1009.72133333333 1010.29066666667 1010.50833333333 1010.72833333333 1010.19533333333 1009.60933333333 1008.69333333333 1008.041 1007.58433333333 1007.80033333333 1008.39733333333 1009.17433333333 1009.881 1010.297 1010.78466666667 1010.83733333333 1010.726 1010.16566666667 1009.05166666667 1008.03233333333 1007.98766666667
1008.69333333333 1008.041 1007.58433333333 1007.80033333333 1008.39733333333 1009.17433333333 1009.881 1010.297 1010.78466666667 1010.83733333333 1010.726 1010.16566666667 1009.05166666667 1008.03233333333 1007.98766666667 1008.17233333333 1008.83166666667 1009.22666666667 1009.98066666667 1010.471 1010.63966666667 1010.827 1010.789 1010.248 1009.355 1008.49333333333 1007.10066666667
1009.05166666667 1008.03233333333 1007.98766666667 1008.17233333333 1008.83166666667 1009.22666666667 1009.98066666667 1010.471 1010.63966666667 1010.827 1010.789 1010.248 1009.355 1008.49333333333 1007.10066666667 1007.5 1007.88966666667 1009.504 1009.80466666667 1010.36866666667 1010.853 1010.91533333333 1010.88666666667 1010.16366666667 1009.35466666667 1008.35233333333 1007.957
1009.355 1008.49333333333 1007.10066666667 1007.5 1007.88966666667 1009.504 1009.80466666667 1010.36866666667 1010.853 1010.91533333333 1010.88666666667 1010.16366666667 1009.35466666667 1008.35233333333 1007.957 1008.30566666667 1008.862 1009.73833333333 1009.96033333333 1010.43733333333 1010.353 1010.51166666667 1010.39 1010.077 1009.469 1008.15566666667 1007.95833333333
1009.35466666667 1008.35233333333 1007.957 1008.30566666667 1008.862 1009.73833333333 1009.96033333333 1010.43733333333 1010.353 1010.51166666667 1010.39 1010.077 1009.469 1008.15566666667 1007.95833333333 1007.85566666667 1009.10766666667 1009.59433333333 1010.05 1010.099 1010.356 1010.503 1010.47833333333 1009.45866666667 1008.956 1007.964 1008.73133333333
1009.469 1008.15566666667 1007.95833333333 1007.85566666667 1009.10766666667 1009.59433333333 1010.05 1010.099 1010.356 1010.503 1010.47833333333 1009.45866666667 1008.956 1007.964 1008.73133333333 1009.30666666667 1010.111 1010.24433333333 1010.38333333333 1010.98233333333 1011.39 1011.49766666667 1011.546 1010.93966666667 1010.246 1009.34566666667 1009.155
1008.956 1007.964 1008.73133333333 1009.30666666667 1010.111 1010.24433333333 1010.38333333333 1010.98233333333 1011.39 1011.49766666667 1011.546 1010.93966666667 1010.246 1009.34566666667 1009.155 1009.22066666667 1009.354 1009.33533333333 1009.81533333333 1010.01233333333 1010.40833333333 1010.174 1010.115 1009.38833333333 1008.869 1007.734 1007.23433333333
1010.246 1009.34566666667 1009.155 1009.22066666667 1009.354 1009.33533333333 1009.81533333333 1010.01233333333 1010.40833333333 1010.174 1010.115 1009.38833333333 1008.869 1007.734 1007.23433333333 1007.115 1008.43966666667 1009.38633333333 1010.53066666667 1010.92033333333 1011.68366666667 1011.90866666667 1011.677 1011.07633333333 1010.09833333333 1009.178 1009.11166666667
1008.869 1007.734 1007.23433333333 1007.115 1008.43966666667 1009.38633333333 1010.53066666667 1010.92033333333 1011.68366666667 1011.90866666667 1011.677 1011.07633333333 1010.09833333333 1009.178 1009.11166666667 1009.39033333333 1010.257 1010.34933333333 1010.409 1010.51433333333 1010.80966666667 1011.364 1011.39033333333 1010.92833333333 1009.93433333333 1009.15266666667 1009.16966666667
1010.09833333333 1009.178 1009.11166666667 1009.39033333333 1010.257 1010.34933333333 1010.409 1010.51433333333 1010.80966666667 1011.364 1011.39033333333 1010.92833333333 1009.93433333333 1009.15266666667 1009.16966666667 1009.05066666667 1009.64466666667 1009.596 1010.34433333333 1010.19166666667 1010.77933333333 1010.78233333333 1010.93933333333 1010.25333333333 1009.147 1007.91933333333 1007.54966666667
1009.93433333333 1009.15266666667 1009.16966666667 1009.05066666667 1009.64466666667 1009.596 1010.34433333333 1010.19166666667 1010.77933333333 1010.78233333333 1010.93933333333 1010.25333333333 1009.147 1007.91933333333 1007.54966666667 1008.34633333333 1009.38766666667 1010.22433333333 1010.259 1010.35566666667 1010.39733333333 1010.654 1010.788 1010.324 1009.341 1008.358 1007.54633333333
