561.781136922345
348.666277246457
561.781136922345
348.666277246457
701.877266387006
355.934426261332
355.934426261332
701.877266387006
355.934426261332
348.666277246457
701.877266387006
471.814239132753
355.934426261332
467.65661679938
467.65661679938
471.814239132753
355.934426261332
355.934426261332
355.934426261332
467.65661679938
355.934426261332
561.781136922345
467.65661679938
471.814239132753
355.934426261332
467.65661679938
701.877266387006
561.781136922345
561.781136922345
355.934426261332
561.781136922345
355.934426261332
561.781136922345
467.65661679938
701.877266387006
471.814239132753
467.65661679938
467.65661679938
471.814239132753
355.934426261332
701.877266387006
561.781136922345
561.781136922345
471.814239132753
701.877266387006
348.666277246457
467.65661679938
355.934426261332
471.814239132753
471.814239132753
467.65661679938
471.814239132753
701.877266387006
355.934426261332
355.934426261332
355.934426261332
348.666277246457
348.666277246457
355.934426261332
355.934426261332
561.781136922345
561.781136922345
471.814239132753
467.65661679938
561.781136922345
561.781136922345
355.934426261332
471.814239132753
355.934426261332
561.781136922345
561.781136922345
471.814239132753
355.934426261332
355.934426261332
561.781136922345
355.934426261332
355.934426261332
471.814239132753
355.934426261332
561.781136922345
355.934426261332
355.934426261332
467.65661679938
355.934426261332
348.666277246457
355.934426261332
471.814239132753
355.934426261332
467.65661679938
355.934426261332
467.65661679938
701.877266387006
701.877266387006
355.934426261332
467.65661679938
561.781136922345
467.65661679938
355.934426261332
467.65661679938
701.877266387006
701.877266387006
471.814239132753
561.781136922345
355.934426261332
561.781136922345
355.934426261332
471.814239132753
467.65661679938
467.65661679938
701.877266387006
561.781136922345
355.934426261332
561.781136922345
355.934426261332
355.934426261332
355.934426261332
355.934426261332
355.934426261332
355.934426261332
355.934426261332
355.934426261332
355.934426261332
355.934426261332
355.934426261332
355.934426261332
701.877266387006
355.934426261332
561.781136922345
355.934426261332
471.814239132753
561.781136922345
471.814239132753
467.65661679938
561.781136922345
348.666277246457
701.877266387006
467.65661679938
355.934426261332
561.781136922345
701.877266387006
467.65661679938
561.781136922345
348.666277246457
355.934426261332
561.781136922345
467.65661679938
355.934426261332
348.666277246457
348.666277246457
701.877266387006
561.781136922345
467.65661679938
701.877266387006
561.781136922345
561.781136922345
701.877266387006
355.934426261332
355.934426261332
355.934426261332
467.65661679938
701.877266387006
355.934426261332
348.666277246457
701.877266387006
467.65661679938
348.666277246457
467.65661679938
355.934426261332
467.65661679938
561.781136922345
355.934426261332
701.877266387006
701.877266387006
355.934426261332
561.781136922345
355.934426261332
355.934426261332
471.814239132753
467.65661679938
355.934426261332
355.934426261332
355.934426261332
355.934426261332
355.934426261332
467.65661679938
471.814239132753
348.666277246457
355.934426261332
348.666277246457
561.781136922345
355.934426261332
355.934426261332
355.934426261332
701.877266387006
471.814239132753
348.666277246457
561.781136922345
467.65661679938
467.65661679938
561.781136922345
701.877266387006
467.65661679938
471.814239132753
355.934426261332
348.666277246457
355.934426261332
355.934426261332
467.65661679938
561.781136922345
561.781136922345
355.934426261332
471.814239132753
561.781136922345
701.877266387006
561.781136922345
348.666277246457
561.781136922345
355.934426261332
467.65661679938
355.934426261332
561.781136922345
471.814239132753
348.666277246457
467.65661679938
348.666277246457
561.781136922345
355.934426261332
561.781136922345
355.934426261332
561.781136922345
471.814239132753
355.934426261332
471.814239132753
561.781136922345
467.65661679938
355.934426261332
561.781136922345
467.65661679938
355.934426261332
467.65661679938
355.934426261332
355.934426261332
355.934426261332
471.814239132753
348.666277246457
471.814239132753
561.781136922345
355.934426261332
471.814239132753
355.934426261332
467.65661679938
355.934426261332
471.814239132753
467.65661679938
355.934426261332
561.781136922345
467.65661679938
355.934426261332
348.666277246457
471.814239132753
471.814239132753
561.781136922345
561.781136922345
355.934426261332
471.814239132753
355.934426261332
561.781136922345
467.65661679938
471.814239132753
467.65661679938
355.934426261332
561.781136922345
471.814239132753
355.934426261332
355.934426261332
561.781136922345
561.781136922345
348.666277246457
355.934426261332
355.934426261332
701.877266387006
355.934426261332
355.934426261332
561.781136922345
467.65661679938
355.934426261332
561.781136922345
355.934426261332
561.781136922345
355.934426261332
471.814239132753
467.65661679938
355.934426261332
467.65661679938
701.877266387006
701.877266387006
355.934426261332
355.934426261332
467.65661679938
355.934426261332
