
1948 1011.681 1013.470 1012.968 1012.154 1011.660 1011.474 1011.291 1009.139 1009.900 1009.241 1009.586 1012.283
1949 1013.112 1012.859 1012.635 1013.307 1012.816 1012.346 1011.354 1011.249 1010.617 1011.307 1010.545 1011.365
1950 1012.113 1012.061 1012.502 1011.206 1010.847 1011.476 1010.415 1010.457 1010.635 1010.764 1009.571 1009.737
1951 1012.648 1010.919 1011.838 1012.934 1012.717 1011.861 1011.615 1010.420 1010.762 1010.369 1011.235 1012.125
1952 1013.522 1012.883 1012.645 1013.265 1011.768 1011.929 1011.254 1010.579 1010.330 1009.576 1010.268 1011.815
1953 1012.657 1014.237 1012.668 1011.921 1012.329 1011.925 1011.017 1008.794 1010.954 1010.140 1010.938 1010.372
1954 1011.342 1012.346 1012.159 1011.710 1011.290 1011.142 1010.098 1009.356 1009.153 1010.341 1010.619 1010.620
1955 1014.004 1010.996 1011.690 1011.845 1011.690 1011.801 1010.964 1010.695 1009.920 1010.435 1009.831 1009.951
1956 1010.838 1011.237 1012.454 1011.754 1011.847 1011.322 1010.422 1010.297 1010.377 1010.519 1010.371 1011.705
1957 1011.936 1012.062 1012.874 1012.605 1011.272 1011.883 1010.973 1009.006 1010.581 1009.749 1010.805 1012.643
1958 1014.552 1013.064 1013.701 1013.137 1011.863 1011.153 1010.364 1010.235 1009.851 1009.150 1010.377 1010.867
1959 1013.089 1014.373 1013.000 1012.093 1011.649 1011.560 1010.404 1008.950 1008.210 1010.672 1009.415 1010.598
1960 1012.377 1012.592 1011.759 1011.599 1010.736 1011.356 1010.487 1009.346 1009.616 1009.020 1010.326 1010.687
1961 1010.763 1011.219 1012.095 1011.254 1011.227 1009.776 1009.565 1008.801 1007.804 1006.821 1010.780 1010.732
1962 1010.574 1012.549 1012.427 1009.894 1011.331 1010.685 1008.684 1010.095 1009.053 1008.510 1009.566 1010.014
1963 1010.124 1012.505 1011.197 1010.167 1010.007 1010.041 1009.263 1008.659 1009.198 1007.343 1011.398 1011.073
1964 1012.630 1012.783 1012.350 1011.150 1009.315 1010.325 1009.706 1008.813 1009.247 1009.551 1009.127 1010.589
1965 1010.825 1011.049 1011.852 1012.122 1011.632 1012.167 1009.610 1010.017 1008.855 1009.308 1012.561 1011.953
1966 1014.430 1013.143 1012.387 1012.008 1011.895 1012.009 1009.830 1009.198 1008.752 1009.471 1010.552 1010.900
1967 1011.170 1012.089 1010.989 1012.197 1010.277 1009.806 1007.805 1008.596 1007.221 1009.590 1010.518 1011.868
1968 1010.878 1012.571 1012.461 1011.127 1010.725 1011.242 1009.387 1009.162 1008.226 1009.463 1009.890 1011.065
1969 1012.182 1012.371 1013.191 1012.744 1011.710 1011.639 1010.269 1010.821 1008.659 1009.540 1010.567 1011.158
1970 1012.410 1012.534 1012.205 1012.741 1011.231 1011.328 1010.143 1009.401 1009.587 1009.505 1010.569 1010.538
1971 1009.456 1010.736 1010.130 1008.915 1010.168 1011.171 1009.512 1009.953 1009.143 1010.973 1010.419 1011.211
1972 1010.850 1010.727 1011.700 1012.102 1010.494 1009.830 1007.378 1010.036 1008.632 1008.932 1012.059 1012.934
1973 1013.135 1014.464 1013.126 1012.900 1011.862 1011.256 1010.622 1010.585 1011.912 1010.043 1010.462 1010.723
1974 1009.553 1010.807 1010.717 1010.258 1010.204 1009.596 1009.693 1007.401 1009.485 1009.671 1009.349 1011.420
1975 1012.083 1012.371 1011.998 1011.975 1011.219 1011.691 1010.301 1010.308 1010.241 1010.315 1008.295 1010.877
1976 1010.772 1011.085 1011.069 1011.167 1009.734 1010.722 1009.641 1010.104 1007.639 1011.312 1010.615 1010.994
1977 1011.606 1012.643 1013.307 1012.261 1011.435 1011.090 1009.447 1009.050 1009.084 1008.551 1010.792 1012.301
1978 1012.833 1013.925 1013.160 1012.426 1010.630 1010.868 1008.325 1009.702 1009.429 1008.900 1008.904 1012.320
1979 1012.305 1012.284 1012.476 1012.556 1011.720 1011.654 1011.399 1009.487 1009.691 1009.188 1010.293 1011.090
1980 1012.191 1013.011 1012.963 1012.125 1011.074 1011.835 1010.546 1009.885 1008.061 1009.979 1010.648 1010.452
1981 1011.419 1012.348 1013.847 1011.931 1011.172 1011.259 1009.808 1007.419 1009.974 1009.560 1010.016 1010.319
1982 1011.540 1012.227 1011.912 1012.133 1011.734 1010.494 1008.197 1009.220 1009.364 1009.109 1012.028 1013.630
1983 1015.245 1015.810 1015.521 1013.854 1013.246 1012.035 1011.033 1010.922 1010.492 1010.272 1010.687 1011.406
1984 1011.602 1010.997 1012.710 1011.669 1010.906 1010.696 1008.706 1009.266 1009.702 1007.840 1010.252 1009.399
1985 1010.587 1010.764 1012.039 1009.467 1009.364 1010.018 1009.827 1008.957 1010.122 1010.895 1010.514 1010.713
1986 1011.094 1011.176 1012.214 1011.568 1009.950 1009.793 1009.756 1005.278 1008.909 1011.422 1011.535 1010.470
1987 1013.025 1013.762 1014.417 1012.997 1012.476 1011.359 1010.982 1010.584 1008.713 1010.752 1010.995 1012.326
1988 1012.247 1012.665 1012.251 1012.385 1011.355 1011.514 1010.041 1011.433 1009.096 1009.152 1010.629 1010.885
1989 1010.884 1011.506 1010.906 1009.532 1011.438 1011.155 1010.081 1008.586 1009.609 1008.839 1009.562 1010.880
1990 1011.431 1014.501 1012.845 1011.608 1010.849 1010.420 1008.537 1008.408 1009.772 1010.095 1009.343 1011.190
1991 1012.747 1013.354 1012.511 1011.911 1011.302 1010.745 1010.596 1006.980 1009.234 1008.904 1010.161 1012.377
1992 1013.914 1014.232 1015.391 1012.658 1011.472 1010.939 1011.325 1008.753 1007.799 1008.521 1009.596 1013.342
1993 1013.001 1013.479 1012.827 1012.617 1011.907 1011.534 1010.258 1009.664 1010.172 1009.973 1010.664 1011.118
1994 1011.416 1011.591 1012.827 1011.439 1010.926 1010.644 1008.103 1009.008 1007.905 1009.402 1011.314 1012.279
1995 1013.251 1013.225 1012.939 1012.452 1011.607 1011.822 1010.813 1010.439 1010.151 1009.204 1010.722 1011.859
1996 1011.454 1011.657 1012.241 1011.189 1011.585 1011.722 1009.328 1010.106 1008.047 1010.196 1008.998 1008.196
1997 1011.345 1011.494 1012.518 1011.536 1010.767 1010.944 1009.261 1008.056 1009.748 1011.980 1012.892 1012.776
1998 1014.693 1015.822 1014.944 1014.804 1013.092 1012.276 1011.039 1011.155 1010.124 1011.195 1011.025 1011.198
1999 1010.890 1011.474 1010.473 1011.085 1011.549 1011.796 1010.004 1011.171 1011.029 1011.153 1009.149 1011.513
2000 1010.919 1011.381 1011.900 1011.513 1010.402 1011.118 1009.962 1009.287 1009.562 1010.084 1010.278 1010.571
2001 1011.701 1010.815 1011.904 1011.825 1011.309 1009.647 1009.225 1006.736 1009.501 1009.510 1009.946 1012.012
2002 1012.810 1012.717 1012.281 1011.321 1010.446 1010.764 1008.593 1007.531 1008.564 1008.980 1010.624 1012.121
2003 1012.768 1012.819 1012.762 1011.517 1009.673 1011.284 1010.402 1010.098 1009.354 1008.856 1010.055 1011.016
2004 1012.767 1011.758 1011.357 1010.403 1011.564 1007.976 1010.125 1007.041 1010.194 1008.690 1009.646 1010.326
2005 1010.718 1013.688 1013.021 1011.838 1010.841 1011.107 1009.897 1009.530 1009.339 1010.780 1010.846 1011.567
2006 1011.584 1012.716 1011.490 1011.621 1011.688 1011.274 1010.514 1007.944 1008.997 1008.959 1011.606 1011.898
2007 1013.201 1012.175 1011.775 1011.773 1011.493 1009.991 1009.653 1009.644 1009.126 1009.746 1008.921 1010.828
2008 1011.581 1011.765 1011.903 1011.086 1011.169 1011.365 1010.166 1010.503 1010.618 1011.453 1011.685 1010.709
2009 1012.028 1012.042 1012.000 1011.501 1010.367 1010.993 1008.764 1008.230 1007.823 1009.901 1009.657 1010.572
2010 1013.075 1014.099 1013.553 1013.743 1011.209 1011.815 1011.911 1011.227 1011.245 1010.186 1011.023 1008.794
2011 1010.476 1010.870 1010.907 1010.670 1011.281 1011.068 1009.090 1008.865 1009.780 1011.008 1010.797 1010.937
2012 1011.772 1011.678 1011.617 1012.076 1009.839 1010.577 1009.123 1009.362 1009.505 1009.395 1011.132 1011.490
2013 1012.447 1012.790 1012.276 1011.645 1011.314 1010.636 1009.988 1010.411 1007.479 1008.071 1011.373 1011.002
2014 1010.713 1010.857 1011.903 1010.626 1011.710 1009.508 1009.331 1010.272 -999.999 -999.999 -999.999 -999.999