1948   -0.543   -1.294    0.017   -0.445   -2.288   -3.217   -2.304   -3.218   -3.974   -3.503   -2.048    2.494
1949    2.242    0.600   -0.030   -2.623   -0.442   -0.445   -1.631   -1.861   -0.973   -2.248   -1.689   -1.027
1950   -0.558   -0.597   -2.027   -1.797   -2.620   -2.224   -1.480   -3.579   -2.907   -3.050   -2.748   -1.515
1951   -1.136   -0.993   -0.031   -1.490   -0.763    0.175   -2.625   -1.614   -2.754   -1.529   -1.725    0.938
1952    0.129   -1.496   -1.186   -0.898   -2.054   -2.128   -1.110   -1.355   -1.802   -1.714   -1.296    2.543
1953    0.260    0.008    0.306   -1.027    0.495   -2.011   -0.346   -1.142   -1.405   -1.316   -1.074    0.790
1954   -0.956   -1.211   -1.377   -0.511   -1.997   -1.422   -1.639   -3.302   -3.404   -2.596   -1.749   -2.376
1955    0.686   -3.597   -1.163   -1.007   -2.292   -1.849   -2.471   -3.927   -3.236   -3.718   -2.735   -2.163
1956   -1.772   -1.755   -2.153   -2.553   -2.591   -2.678   -2.523   -2.724   -2.329   -2.755   -0.382   -0.755
1957    0.256    3.416    1.000    1.249   -0.433    0.117   -1.029   -0.896    0.706    0.347    2.903    2.244
1958    1.559    1.028   -0.493   -2.434   -3.471   -3.623   -3.719   -4.232   -3.265   -3.245   -0.910    0.374
1959    0.673    2.081   -0.071   -0.947   -2.075   -2.907   -2.529   -3.831   -4.032   -2.724   -2.538   -0.531
1960   -0.032   -0.326   -0.712   -1.108   -2.235   -2.234   -3.571   -4.004   -2.511   -1.752   -1.469   -1.068
1961    0.403   -1.823    1.822   -1.075   -2.494   -2.344   -2.360   -2.402   -2.367   -3.002   -1.005   -2.270
1962   -1.548   -0.966   -2.083   -1.728   -2.922   -3.791   -3.534   -4.287   -3.478   -4.708   -2.030   -2.014
1963   -2.970   -2.190   -1.388   -2.444   -3.856   -2.839   -3.590   -3.310   -3.621   -3.066   -0.033    1.038
1964    0.245    0.028   -0.359   -2.920   -3.074   -3.779   -3.831   -4.131   -3.838   -3.413   -1.007    0.517
1965    0.345   -0.100   -1.200   -0.874   -0.595   -0.947   -1.376   -1.797   -1.835   -1.947   -0.108   -0.193
1966    2.732   -0.342    0.298    0.704   -1.732   -2.595   -3.426   -3.881   -3.736   -2.604   -1.942   -0.768
1967   -1.334   -0.932   -0.745    0.347   -1.093   -2.983   -2.597   -1.675   -2.264   -1.039   -0.599    2.048
1968    0.174    0.926   -0.770   -0.673   -2.374   -2.909   -2.557   -2.603   -2.711   -2.581    0.266    0.756
1969    3.348    3.249    1.664    0.885   -1.388   -2.314   -2.333   -2.504   -2.084   -2.187   -1.128    0.025
1970    1.732    1.747   -0.526    0.031   -1.017   -1.587   -2.092   -3.122   -2.935   -2.356   -2.059   -0.477
1971   -1.277   -1.291   -1.216   -2.041   -1.596   -1.819   -3.075   -3.592   -3.859   -2.711   -0.581    1.540
1972    2.023   -0.494    0.307   -0.022    0.147   -2.801   -3.296   -1.967   -1.429   -1.285    0.249    3.046
1973    1.683    2.281   -0.772   -0.962   -1.219   -2.797   -2.693   -3.625   -3.675   -3.109   -1.168   -0.935
1974   -1.951   -1.611   -1.227   -0.460   -2.458   -1.981   -2.930   -3.890   -3.490   -2.087    0.404    2.484
1975    2.061   -0.792   -0.184   -0.168   -1.112   -1.748   -2.969   -3.285   -4.275   -2.714   -1.906   -1.960
1976   -0.549   -0.519   -0.644    0.038   -1.347   -1.026   -1.098   -2.722   -2.643   -1.851   -0.884    2.237
1977    1.393   -0.297    2.820   -0.009   -1.320   -1.196   -1.945   -2.951   -3.843   -3.399   -0.494    2.330
1978    1.659    2.015   -0.400   -0.610   -3.184   -2.960   -3.658   -3.753   -4.174   -3.793   -1.413    1.372
1979    3.197   -0.061    0.270   -1.292   -2.020   -2.714   -3.115   -3.551   -3.136   -1.927   -1.966    1.498
1980    0.849    0.030    3.280    0.293   -1.523   -1.134   -2.221   -3.228   -2.180   -2.079    0.263   -0.076
1981    0.556    2.452    1.820    1.354   -2.881   -2.293   -3.759   -4.454   -3.790   -3.327   -2.346    1.477
1982    0.151    0.186    0.683   -0.950   -1.967   -1.208   -1.269   -0.211   -2.438   -0.060    3.101    0.926
1983    2.389    1.510    1.317   -0.901   -0.985   -2.614   -3.436   -4.392   -4.119   -2.356   -1.491    0.194
1984   -2.074   -2.189   -1.265   -2.078   -2.485   -1.144   -3.396   -2.857   -3.121   -2.658   -0.601    0.310
1985   -0.163   -1.500    1.090   -2.152   -2.277   -2.086   -2.597   -4.238   -3.249   -2.256   -0.329    0.632
1986    0.093    1.125   -1.523    0.505   -0.991   -2.393   -3.587   -4.501   -2.546   -2.664    1.391    4.440
1987    1.189    4.161    1.418    0.029   -0.147   -2.660   -2.074   -3.725   -3.968   -2.765   -1.056    2.174
1988    1.151    1.352   -0.773    0.263   -1.752   -2.709   -3.081   -4.210   -4.361   -2.457   -3.126   -1.456
1989   -1.810   -1.684   -3.059   -3.369   -2.301   -3.285   -4.457   -4.131   -3.982   -3.271   -0.921    0.772
1990    1.883    4.322    2.780   -1.676   -2.958   -2.410   -3.513   -3.802   -3.432   -3.724   -0.346    1.935
1991    0.779    1.193   -0.215   -1.369   -2.353   -3.182   -2.822   -4.085   -2.560   -2.828    1.117    2.204
1992    3.417    1.895    1.670    0.695   -2.018   -2.417   -3.225   -3.786   -3.061   -3.561   -0.828    2.280
1993    0.676    3.554    1.400    1.121   -2.432   -2.646   -3.998   -3.119   -3.999   -3.650   -3.045   -0.827
1994    0.029   -1.274   -1.044   -1.606   -2.417   -2.884   -2.701   -1.975   -2.920   -1.977    0.146    2.815
1995    2.408    0.768   -0.404    0.381   -1.454   -3.807   -3.379   -4.100   -3.149   -3.104   -2.763    0.835
1996   -0.815   -1.835   -1.428   -2.575   -1.426   -3.416   -3.322   -4.460   -3.365   -2.726   -1.552    0.568
1997    1.667   -0.521    4.768    1.560    0.585   -0.458   -2.189    0.296   -0.205    1.956    0.744    1.681
1998    2.549    1.283    1.168   -1.088   -3.013   -3.305   -4.688   -4.039   -4.434   -3.032   -2.340   -1.144
1999   -4.371   -3.041   -5.564   -3.984   -3.514   -3.047   -3.895   -4.529   -3.596   -4.129   -2.156   -2.928
2000   -2.194   -4.887   -3.840   -4.394   -3.549   -4.146   -2.836   -3.700   -3.623   -3.036   -2.928   -1.283
2001   -3.772   -2.797   -2.749   -2.614   -1.478   -2.389   -2.027   -2.575   -3.183   -1.897   -1.180    3.785
2002    1.518    2.267    0.572   -1.351   -1.738   -3.947   -1.965   -1.346   -0.525    0.200   -0.394    1.741
2003    2.538    0.806   -0.861   -1.182   -2.544   -2.343   -3.656   -3.831   -3.787   -2.792   -2.244   -0.835
2004    1.119   -0.461    0.003   -1.038   -3.502   -1.272   -2.574   -1.589   -2.633   -1.516   -0.462    0.819
2005    0.815    4.931   -0.719   -0.088   -2.553   -3.804   -3.634   -3.014   -2.842   -3.724   -2.171   -2.299
2006   -1.417   -0.667   -2.475   -3.055   -1.728   -2.720   -2.330   -1.290   -2.239    1.225    0.304   -0.002
2007    1.706   -0.463   -1.263   -2.630   -2.009   -4.651   -3.360   -3.944   -3.900   -3.352   -2.101   -3.414
2008   -1.093   -4.393   -4.721   -4.376   -2.824   -4.359   -4.822   -5.429   -3.591   -4.341   -4.345   -2.415
2009   -2.009   -4.987   -2.140   -2.551   -2.539   -2.546   -2.619   -2.782   -1.376    0.280   -1.671    2.147
2010    2.243    2.412    0.120   -1.699   -3.634   -4.009   -5.374   -5.289   -5.388   -4.554   -3.349   -4.573
2011   -2.063   -3.034   -5.108   -4.407   -2.998   -4.169   -4.465   -4.080   -5.239   -3.312   -3.211   -4.130
2012   -2.265   -4.461   -3.478   -2.234   -3.263   -3.484   -3.714   -3.778   -2.078   -2.010   -1.403   -0.765
2013    1.433   -1.709   -2.578   -3.833   -4.071   -3.546   -4.316   -3.770   -3.459   -1.705   -2.547   -1.345
2014    0.165    1.258    1.377   -1.731   -2.372 -999.999 -999.999 -999.999 -999.999 -999.999 -999.999 -999.999