1948   -2.208   -2.571   -1.556   -1.006    0.068    0.955    0.506    1.697    0.582    0.725    0.800   -0.098
1949   -4.388   -2.790   -2.077   -2.021   -1.506   -1.550   -0.775   -0.435    0.097   -0.293   -1.594   -2.755
1950   -3.173   -2.642   -3.193   -1.643   -2.144   -1.806   -0.095   -0.247   -0.177   -0.358   -0.084   -0.572
1951   -2.392   -2.628   -1.998   -2.654   -2.461   -0.890   -1.164    0.304   -0.028   -0.399   -1.740   -2.626
1952   -4.210   -3.513   -2.460   -1.836   -1.704   -1.277   -0.319    0.593    0.537    0.095   -0.597   -0.322
1953   -1.849   -3.107   -1.122   -1.852   -0.798   -1.321   -0.775   -0.578   -0.652   -0.597   -1.328   -2.369
1954   -1.991   -3.105   -2.219   -1.919   -1.781   -1.149   -0.476   -0.271    0.158   -0.134   -0.516   -0.526
1955   -3.150   -2.315   -1.516   -1.021   -1.246   -1.073    0.226   -0.134    0.132   -0.630   -0.904    0.214
1956   -2.161   -2.894   -2.441   -2.314   -1.648   -1.216   -0.774    0.149    0.638    0.580   -0.667   -2.189
1957   -2.577   -1.910   -2.219   -2.175   -1.899   -1.115   -0.170    0.319    0.457    0.481   -0.876   -2.144
1958   -3.532   -2.830   -3.817   -2.851   -2.876   -2.066   -0.484   -0.152    0.238    0.023   -1.027   -1.693
1959   -3.188   -3.536   -2.121   -2.205   -1.427   -0.985    0.660    0.413    1.115    0.210   -1.393   -1.464
1960   -2.715   -3.055   -0.952   -1.657   -1.523   -0.976   -0.545   -0.641    0.386    0.043    0.124   -1.944
1961   -2.116   -2.716   -2.483   -1.350   -1.381   -0.979   -0.249    0.215    0.531    0.294    0.240   -1.069
1962   -1.574   -2.561   -2.554   -1.284   -1.702   -1.129   -0.168   -0.172   -0.019   -1.212   -0.506   -1.902
1963   -2.615   -2.372   -2.452   -1.466   -1.422   -0.656   -0.349    0.079    0.105    1.429   -0.419   -2.264
1964   -3.223   -3.363   -1.696   -1.740   -0.605   -0.582   -0.496    0.038   -0.192   -0.016   -0.524   -1.796
1965   -3.719   -2.822   -2.868   -2.421   -2.471   -1.166    0.598    0.483    0.687    0.516   -0.687   -2.289
1966   -4.407   -3.226   -2.522   -2.018   -1.292   -1.021    0.034    0.044    0.297    0.788   -0.165   -1.899
1967   -2.041   -2.529   -1.955   -1.450   -0.277   -0.971   -0.017    0.663    0.973    0.259   -0.376   -3.348
1968   -4.052   -3.642   -3.437   -0.958   -0.978   -0.867   -0.593    0.684    0.535    0.149   -0.666   -1.360
1969   -4.143   -3.232   -3.286   -2.324   -2.353   -1.717   -0.817   -0.118    0.539   -0.301   -0.559   -2.570
1970   -2.977   -3.218   -3.186   -2.485   -1.809   -1.783   -0.312   -0.763   -0.263   -1.116    0.292   -1.412
1971   -1.436   -1.755   -1.127   -0.789   -1.728   -1.341   -0.590   -0.412   -0.530   -0.693   -0.832   -2.336
1972   -2.260   -1.976   -2.132   -1.168   -0.436   -0.600    0.456   -0.016    0.316    1.096   -1.782   -2.843
1973   -4.223   -3.880   -3.099   -3.028   -1.698   -1.993   -0.243   -0.459   -0.248   -0.008   -0.489   -2.068
1974   -0.861   -1.768   -0.538   -1.953   -1.480   -1.267   -0.087    0.046   -0.177   -0.486   -1.066   -2.627
1975   -3.787   -2.862   -2.762   -2.775   -1.792   -1.794   -0.818   -0.732   -0.747   -0.527   -0.841   -2.080
1976   -2.788   -0.989   -1.418   -1.357   -0.949   -0.444    0.202    0.640    1.157   -0.823   -1.659   -2.635
1977   -3.466   -3.341   -2.560   -1.882   -1.662   -0.990   -0.871   -0.467    0.914    0.197   -0.721   -1.713
1978   -2.208   -3.406   -2.591   -1.809   -1.619   -0.866   -0.229    0.039    0.681    0.390   -1.051   -2.093
1979   -3.407   -3.387   -3.184   -2.168   -2.337   -1.821   -0.947    0.394   -0.728   -0.378    0.052   -0.980
1980   -2.558   -3.204   -3.086   -1.619   -2.268   -1.386   -0.460   -0.361    0.604   -0.054   -0.852   -2.574
1981   -2.615   -3.128   -2.312   -2.334   -1.601   -1.534   -1.107   -0.007   -0.389    0.001   -0.863   -2.495
1982   -3.473   -2.567   -1.491   -1.351   -1.748   -1.398    0.444    0.557    1.483    1.016   -1.279   -4.698
1983   -5.564   -5.551   -4.548   -3.097   -2.912   -2.282   -1.247   -0.643   -0.266   -0.393   -1.788   -2.326
1984   -2.048   -2.027   -3.312   -2.473   -2.071   -1.098   -0.384   -0.321    0.382   -0.042   -0.243   -1.604
1985   -3.036   -2.831   -2.772   -0.993   -1.821   -1.981   -0.616   -0.077   -0.199   -0.132   -1.760   -3.537
1986   -3.230   -3.547   -2.455   -2.062   -0.707   -1.314    0.389    1.638    0.417   -0.551   -1.976   -2.738
1987   -4.010   -4.287   -3.845   -3.674   -2.495   -2.403   -1.146   -0.728    1.535   -0.716   -1.269   -3.965
1988   -3.623   -3.709   -3.608   -2.456   -2.499   -1.416   -0.760   -0.590    0.012    0.118   -0.533   -1.475
1989   -1.756   -1.765   -0.723   -1.633   -2.066   -1.479   -0.771   -0.318    0.420    0.207    0.909   -2.418
1990   -3.826   -1.841   -2.177   -1.448   -1.611   -0.739   -0.019    0.049   -0.082    0.812    1.833   -1.122
1991   -3.167   -3.425   -2.667   -2.055   -2.002   -0.939   -0.568    0.235    0.279    0.487   -0.776   -3.268
1992   -4.227   -4.369   -4.738   -3.342   -2.631   -2.458   -0.830   -0.421    1.478    0.602   -0.587   -3.500
1993   -4.537   -3.052   -2.976   -2.993   -2.525   -2.032   -1.101    0.079    0.188    0.862   -0.780   -2.723
1994   -2.975   -2.771   -3.246   -2.130   -1.738   -1.237   -0.906   -0.112    1.041    1.488    0.518   -2.300
1995   -3.125   -3.270   -3.017   -2.315   -1.766   -1.714   -0.638   -0.237    0.187    0.031   -0.350   -1.687
1996   -1.514   -1.447   -1.896   -1.946   -1.630   -0.906   -0.332   -0.041    0.130   -0.109    0.128   -1.230
1997   -2.409   -2.847   -0.792   -1.350   -0.700   -0.803   -0.140    1.297    1.788   -1.187   -1.741   -3.082
1998   -4.946   -4.235   -3.890   -2.828   -2.113   -1.551   -0.915   -0.424   -0.255    0.030   -0.540   -1.589
1999   -1.218   -1.700   -1.879   -2.424   -1.329   -1.199   -1.378   -0.929   -0.010   -0.726   -0.445   -1.459
2000    0.347   -1.389   -2.055   -2.070   -1.859   -1.681   -0.512   -0.819    0.764   -0.707   -0.720   -2.310
2001   -2.240   -2.924   -1.808   -2.494   -1.928   -1.411   -0.791   -0.516   -0.528   -0.599   -0.885   -2.820
2002   -3.326   -3.066   -3.110   -1.749   -2.247   -1.889    0.063   -0.264    0.735    0.282   -2.043   -3.044
2003   -3.476   -3.403   -3.287   -2.450   -2.261   -1.895   -1.434   -0.631   -0.303   -0.490    0.557   -2.015
2004   -3.310   -2.836   -3.116   -2.847   -1.275   -1.033   -0.715    0.038   -0.525    0.407   -1.272   -2.488
2005   -3.665   -5.023   -4.000   -3.228   -2.699   -1.979   -1.441   -0.748   -0.591   -0.292   -0.700   -2.315
2006   -2.127   -2.958   -3.414   -2.306   -1.012   -1.601   -1.077   -0.219   -0.201   -0.412   -1.440   -2.998
2007   -4.773   -2.766   -2.245   -2.392   -1.672   -1.741   -1.204   -0.751   -0.227    0.168   -2.008   -2.700
2008   -2.810   -1.907   -1.840   -2.151   -1.969   -1.986   -1.600   -1.185   -1.230   -1.039   -2.118   -1.770
2009   -3.217   -2.590   -2.273   -2.941   -1.557   -1.601   -1.433    0.074   -0.718   -1.221   -1.571   -3.201
2010   -4.451   -4.978   -3.822   -2.951   -2.372   -1.703   -1.337   -0.786   -0.267    0.517   -0.464    0.337
2011   -1.312   -0.054   -0.908   -1.091   -1.369   -1.647   -0.670   -0.528   -0.420   -0.250    0.439   -2.442
2012   -2.010   -2.354   -1.891   -1.038   -1.547   -1.091   -1.214   -0.682   -0.727   -0.781   -1.770   -2.755
2013   -4.045   -3.587   -3.388   -2.341   -2.293   -2.251   -1.080   -0.429    0.444    0.545   -0.778   -2.575
2014   -2.943   -2.923   -2.742   -2.320   -1.799 -999.999 -999.999 -999.999 -999.999 -999.999 -999.999 -999.999