440.036043734105
709.575230408271
402.841379310344
402.841379310344
709.575230408271
405.601233318375
542.251252269561
402.841379310344
402.841379310344
440.036043734105
440.036043734105
724.213960059943
440.036043734105
402.841379310344
542.251252269561
402.841379310344
402.841379310344
405.601233318375
402.841379310344
724.213960059943
440.036043734105
542.251252269561
405.601233318375
542.251252269561
440.036043734105
405.601233318375
402.841379310344
724.213960059943
440.036043734105
402.841379310344
402.841379310344
402.841379310344
542.251252269561
440.036043734105
402.841379310344
542.251252269561
542.251252269561
724.213960059943
405.601233318375
542.251252269561
542.251252269561
542.251252269561
402.841379310344
709.575230408271
405.601233318375
724.213960059943
542.251252269561
402.841379310344
440.036043734105
724.213960059943
709.575230408271
709.575230408271
542.251252269561
402.841379310344
402.841379310344
402.841379310344
405.601233318375
724.213960059943
724.213960059943
402.841379310344
405.601233318375
709.575230408271
724.213960059943
542.251252269561
542.251252269561
405.601233318375
405.601233318375
402.841379310344
405.601233318375
405.601233318375
402.841379310344
402.841379310344
542.251252269561
402.841379310344
709.575230408271
542.251252269561
402.841379310344
542.251252269561
542.251252269561
709.575230408271
709.575230408271
405.601233318375
405.601233318375
402.841379310344
440.036043734105
542.251252269561
709.575230408271
402.841379310344
402.841379310344
542.251252269561
542.251252269561
402.841379310344
402.841379310344
542.251252269561
709.575230408271
402.841379310344
402.841379310344
709.575230408271
724.213960059943
405.601233318375
402.841379310344
402.841379310344
542.251252269561
405.601233318375
405.601233318375
402.841379310344
402.841379310344
402.841379310344
405.601233318375
405.601233318375
440.036043734105
402.841379310344
402.841379310344
402.841379310344
542.251252269561
440.036043734105
402.841379310344
542.251252269561
440.036043734105
402.841379310344
402.841379310344
402.841379310344
440.036043734105
440.036043734105
402.841379310344
402.841379310344
542.251252269561
402.841379310344
542.251252269561
440.036043734105
402.841379310344
402.841379310344
405.601233318375
405.601233318375
402.841379310344
724.213960059943
402.841379310344
542.251252269561
405.601233318375
402.841379310344
542.251252269561
402.841379310344
542.251252269561
402.841379310344
709.575230408271
709.575230408271
542.251252269561
724.213960059943
542.251252269561
724.213960059943
402.841379310344
724.213960059943
542.251252269561
402.841379310344
542.251252269561
405.601233318375
402.841379310344
402.841379310344
709.575230408271
724.213960059943
402.841379310344
542.251252269561
405.601233318375
709.575230408271
402.841379310344
709.575230408271
724.213960059943
402.841379310344
402.841379310344
402.841379310344
402.841379310344
402.841379310344
402.841379310344
542.251252269561
542.251252269561
724.213960059943
724.213960059943
440.036043734105
402.841379310344
402.841379310344
542.251252269561
402.841379310344
724.213960059943
542.251252269561
405.601233318375
405.601233318375
402.841379310344
724.213960059943
542.251252269561
402.841379310344
402.841379310344
402.841379310344
402.841379310344
709.575230408271
402.841379310344
402.841379310344
402.841379310344
405.601233318375
542.251252269561
724.213960059943
724.213960059943
440.036043734105
402.841379310344
402.841379310344
402.841379310344
709.575230408271
402.841379310344
542.251252269561
402.841379310344
709.575230408271
402.841379310344
440.036043734105
542.251252269561
402.841379310344
405.601233318375
724.213960059943
440.036043734105
402.841379310344
402.841379310344
542.251252269561
402.841379310344
402.841379310344
542.251252269561
542.251252269561
402.841379310344
724.213960059943
402.841379310344
542.251252269561
402.841379310344
542.251252269561
402.841379310344
402.841379310344
402.841379310344
405.601233318375
440.036043734105
542.251252269561
440.036043734105
402.841379310344
405.601233318375
402.841379310344
440.036043734105
542.251252269561
402.841379310344
542.251252269561
542.251252269561
709.575230408271
542.251252269561
402.841379310344
709.575230408271
542.251252269561
542.251252269561
542.251252269561
724.213960059943
440.036043734105
709.575230408271
440.036043734105
402.841379310344
542.251252269561
542.251252269561
542.251252269561
402.841379310344
405.601233318375
709.575230408271
402.841379310344
402.841379310344
405.601233318375
402.841379310344
402.841379310344
542.251252269561
402.841379310344
405.601233318375
402.841379310344
440.036043734105
402.841379310344
402.841379310344
402.841379310344
440.036043734105
542.251252269561
402.841379310344
405.601233318375
542.251252269561
402.841379310344
542.251252269561
402.841379310344
402.841379310344
402.841379310344
542.251252269561
709.575230408271
542.251252269561
405.601233318375
542.251252269561
402.841379310344
402.841379310344
709.575230408271
440.036043734105
724.213960059943
440.036043734105
402.841379310344
709.575230408271
402.841379310344
