1009.829 1009.98133333333 1010.91133333333 1010.97533333333 1011.107 1010.65666666667 1010.541 1010.03233333333 1010.15566666667 1009.128 1009.685 1009.85533333333 1010.97366666667 1011.07166666667 1011.74766666667 1012.51866666667 1012.737 1012.33433333333 1011.59533333333 1010.65733333333 1009.86233333333 1009.19366666667 1008.895 1009.47566666667 1010.548 1011.97533333333 1013.01966666667
1010.97366666667 1011.07166666667 1011.74766666667 1012.51866666667 1012.737 1012.33433333333 1011.59533333333 1010.65733333333 1009.86233333333 1009.19366666667 1008.895 1009.47566666667 1010.548 1011.97533333333 1013.01966666667 1013.306 1013.17033333333 1012.072 1011.308 1009.941 1009.63166666667 1009.152 1009.34366666667 1009.07766666667 1010.04133333333 1011.17633333333 1012.303
1010.548 1011.97533333333 1013.01966666667 1013.306 1013.17033333333 1012.072 1011.308 1009.941 1009.63166666667 1009.152 1009.34366666667 1009.07766666667 1010.04133333333 1011.17633333333 1012.303 1012.355 1012.43866666667 1012.25066666667 1011.97666666667 1011.591 1010.84666666667 1010.19233333333 1009.45533333333 1009.724 1010.19033333333 1011.19133333333 1012.09733333333
1010.04133333333 1011.17633333333 1012.303 1012.355 1012.43866666667 1012.25066666667 1011.97666666667 1011.591 1010.84666666667 1010.19233333333 1009.45533333333 1009.724 1010.19033333333 1011.19133333333 1012.09733333333 1012.72166666667 1012.69966666667 1012.054 1011.678 1011.15166666667 1010.75533333333 1009.49733333333 1009.30833333333 1009.56266666667 1010.35966666667 1010.83966666667 1011.40633333333
1010.19033333333 1011.19133333333 1012.09733333333 1012.72166666667 1012.69966666667 1012.054 1011.678 1011.15166666667 1010.75533333333 1009.49733333333 1009.30833333333 1009.56266666667 1010.35966666667 1010.83966666667 1011.40633333333 1012.538 1012.70866666667 1012.31666666667 1011.454 1010.74633333333 1009.49533333333 1009.067 1008.98433333333 1009.85 1009.965 1010.625 1011.362
1010.35966666667 1010.83966666667 1011.40633333333 1012.538 1012.70866666667 1012.31666666667 1011.454 1010.74633333333 1009.49533333333 1009.067 1008.98433333333 1009.85 1009.965 1010.625 1011.362 1011.893 1012.09066666667 1011.92633333333 1011.45366666667 1010.14166666667 1009.30366666667 1008.927 1009.231 1010.167 1011.589 1013.63433333333 1014.895
1009.965 1010.625 1011.362 1011.893 1012.09066666667 1011.92633333333 1011.45366666667 1010.14166666667 1009.30366666667 1008.927 1009.231 1010.167 1011.589 1013.63433333333 1014.895 1015.52533333333 1015.06166666667 1014.207 1013.045 1012.10466666667 1011.33 1010.81566666667 1010.562 1010.48366666667 1010.78833333333 1011.23166666667 1011.335
1011.589 1013.63433333333 1014.895 1015.52533333333 1015.06166666667 1014.207 1013.045 1012.10466666667 1011.33 1010.81566666667 1010.562 1010.48366666667 1010.78833333333 1011.23166666667 1011.335 1011.76966666667 1011.792 1011.76166666667 1011.09033333333 1010.10266666667 1009.556 1009.22466666667 1008.936 1009.26466666667 1009.16366666667 1010.07933333333 1010.25
1010.78833333333 1011.23166666667 1011.335 1011.76966666667 1011.792 1011.76166666667 1011.09033333333 1010.10266666667 1009.556 1009.22466666667 1008.936 1009.26466666667 1009.16366666667 1010.07933333333 1010.25 1011.13 1010.75666666667 1010.29 1009.61633333333 1009.73633333333 1009.60066666667 1009.63533333333 1009.99133333333 1010.51033333333 1010.70733333333 1010.77366666667 1010.99433333333
1009.16366666667 1010.07933333333 1010.25 1011.13 1010.75666666667 1010.29 1009.61633333333 1009.73633333333 1009.60066666667 1009.63533333333 1009.99133333333 1010.51033333333 1010.70733333333 1010.77366666667 1010.99433333333 1011.49466666667 1011.65266666667 1011.244 1010.437 1009.833 1008.27566666667 1007.981 1008.53633333333 1010.622 1011.14233333333 1011.67666666667 1012.419
1010.70733333333 1010.77366666667 1010.99433333333 1011.49466666667 1011.65266666667 1011.244 1010.437 1009.833 1008.27566666667 1007.981 1008.53633333333 1010.622 1011.14233333333 1011.67666666667 1012.419 1013.73466666667 1013.72533333333 1013.29666666667 1012.27733333333 1011.60566666667 1010.975 1010.093 1010.01633333333 1010.15333333333 1011.35766666667 1011.856 1012.41266666667
1011.14233333333 1011.67666666667 1012.419 1013.73466666667 1013.72533333333 1013.29666666667 1012.27733333333 1011.60566666667 1010.975 1010.093 1010.01633333333 1010.15333333333 1011.35766666667 1011.856 1012.41266666667 1012.38766666667 1012.43366666667 1011.997 1011.75133333333 1010.97 1010.996 1010.19 1009.89366666667 1009.62566666667 1010.222 1010.79933333333 1011.09166666667
1011.35766666667 1011.856 1012.41266666667 1012.38766666667 1012.43366666667 1011.997 1011.75133333333 1010.97 1010.996 1010.19 1009.89366666667 1009.62566666667 1010.222 1010.79933333333 1011.09166666667 1011.09866666667 1010.648 1010.62533333333 1010.70833333333 1010.89133333333 1009.94066666667 1009.42533333333 1009.01133333333 1009.33666666667 1009.76033333333 1010.62433333333 1012.27066666667
1010.222 1010.79933333333 1011.09166666667 1011.09866666667 1010.648 1010.62533333333 1010.70833333333 1010.89133333333 1009.94066666667 1009.42533333333 1009.01133333333 1009.33666666667 1009.76033333333 1010.62433333333 1012.27066666667 1012.92566666667 1012.98466666667 1011.76733333333 1010.959 1009.93533333333 1009.12166666667 1008.90566666667 1009.425 1009.73666666667 1010.20933333333 1011.09333333333 1012.43033333333
1009.76033333333 1010.62433333333 1012.27066666667 1012.92566666667 1012.98466666667 1011.76733333333 1010.959 1009.93533333333 1009.12166666667 1008.90566666667 1009.425 1009.73666666667 1010.20933333333 1011.09333333333 1012.43033333333 1012.87066666667 1012.592 1011.908 1011.31933333333 1010.881 1009.44033333333 1008.93666666667 1008.37266666667 1009.433 1010.48066666667 1012.15066666667 1013.50766666667
1010.20933333333 1011.09333333333 1012.43033333333 1012.87066666667 1012.592 1011.908 1011.31933333333 1010.881 1009.44033333333 1008.93666666667 1008.37266666667 1009.433 1010.48066666667 1012.15066666667 1013.50766666667 1014.51233333333 1014.09366666667 1013.17366666667 1011.68966666667 1011.24533333333 1010.339 1009.29233333333 1008.35766666667 1008.63866666667 1010.48633333333 1011.97966666667 1013.274
1010.48066666667 1012.15066666667 1013.50766666667 1014.51233333333 1014.09366666667 1013.17366666667 1011.68966666667 1011.24533333333 1010.339 1009.29233333333 1008.35766666667 1008.63866666667 1010.48633333333 1011.97966666667 1013.274 1013.10233333333 1012.97433333333 1012.45033333333 1012.01933333333 1011.233 1010.48533333333 1010.03133333333 1009.93633333333 1010.26966666667 1010.585 1011.066 1011.375
1010.48633333333 1011.97966666667 1013.274 1013.10233333333 1012.97433333333 1012.45033333333 1012.01933333333 1011.233 1010.48533333333 1010.03133333333 1009.93633333333 1010.26966666667 1010.585 1011.066 1011.375 1011.94466666667 1011.95233333333 1011.73066666667 1011.003 1009.891 1009.25166666667 1008.33866666667 1008.77166666667 1009.54033333333 1010.99833333333 1012.28133333333 1012.91833333333
1010.585 1011.066 1011.375 1011.94466666667 1011.95233333333 1011.73066666667 1011.003 1009.891 1009.25166666667 1008.33866666667 1008.77166666667 1009.54033333333 1010.99833333333 1012.28133333333 1012.91833333333 1013.13833333333 1012.872 1012.33266666667 1011.96033333333 1011.414 1011.02466666667 1010.46766666667 1009.93133333333 1010.02566666667 1010.595 1011.345 1011.65666666667
1010.99833333333 1012.28133333333 1012.91833333333 1013.13833333333 1012.872 1012.33266666667 1011.96033333333 1011.414 1011.02466666667 1010.46766666667 1009.93133333333 1010.02566666667 1010.595 1011.345 1011.65666666667 1011.784 1011.69566666667 1011.67166666667 1011.49866666667 1010.87833333333 1010.38533333333 1009.16033333333 1009.44966666667 1009.08033333333 1009.13 1009.513 1010.345
1010.595 1011.345 1011.65666666667 1011.784 1011.69566666667 1011.67166666667 1011.49866666667 1010.87833333333 1010.38533333333 1009.16033333333 1009.44966666667 1009.08033333333 1009.13 1009.513 1010.345 1011.78566666667 1011.84933333333 1011.607 1011.08233333333 1010.324 1009.42033333333 1009.02166666667 1009.928 1011.54 1012.54933333333 1013.45366666667 1014.43033333333
1009.13 1009.513 1010.345 1011.78566666667 1011.84933333333 1011.607 1011.08233333333 1010.324 1009.42033333333 1009.02166666667 1009.928 1011.54 1012.54933333333 1013.45366666667 1014.43033333333 1015.153 1015.19 1014.28 1013.39066666667 1012.13566666667 1011.49 1010.77266666667 1010.82466666667 1010.78133333333 1011.13933333333 1011.03766666667 1011.18733333333
1012.54933333333 1013.45366666667 1014.43033333333 1015.153 1015.19 1014.28 1013.39066666667 1012.13566666667 1011.49 1010.77266666667 1010.82466666667 1010.78133333333 1011.13933333333 1011.03766666667 1011.18733333333 1010.94566666667 1011.01066666667 1011.03566666667 1011.47666666667 1011.11633333333 1010.99033333333 1010.73466666667 1011.11766666667 1010.44366666667 1010.605 1010.527 1011.271
1011.13933333333 1011.03766666667 1011.18733333333 1010.94566666667 1011.01066666667 1011.03566666667 1011.47666666667 1011.11633333333 1010.99033333333 1010.73466666667 1011.11766666667 1010.44366666667 1010.605 1010.527 1011.271 1011.4 1011.598 1011.27166666667 1011.011 1010.494 1010.12233333333 1009.60366666667 1009.64433333333 1009.97466666667 1010.311 1010.85 1011.029
1010.605 1010.527 1011.271 1011.4 1011.598 1011.27166666667 1011.011 1010.494 1010.12233333333 1009.60366666667 1009.64433333333 1009.97466666667 1010.311 1010.85 1011.029 1011.47333333333 1011.51466666667 1011.67933333333 1010.927 1010.06033333333 1008.536 1008.48733333333 1008.58233333333 1009.65233333333 1010.48933333333 1011.58933333333 1012.513
1010.311 1010.85 1011.029 1011.47333333333 1011.51466666667 1011.67933333333 1010.927 1010.06033333333 1008.536 1008.48733333333 1008.58233333333 1009.65233333333 1010.48933333333 1011.58933333333 1012.513 1012.60266666667 1012.10633333333 1011.34933333333 1010.84366666667 1009.93433333333 1008.96266666667 1008.22933333333 1008.35833333333 1009.38933333333 1010.575 1011.83766666667 1012.56933333333
1010.48933333333 1011.58933333333 1012.513 1012.60266666667 1012.10633333333 1011.34933333333 1010.84366666667 1009.93433333333 1008.96266666667 1008.22933333333 1008.35833333333 1009.38933333333 1010.575 1011.83766666667 1012.56933333333 1012.783 1012.366 1011.31733333333 1010.82466666667 1010.453 1010.59466666667 1009.95133333333 1009.436 1009.42166666667 1009.97566666667 1011.27933333333 1011.847
1010.575 1011.83766666667 1012.56933333333 1012.783 1012.366 1011.31733333333 1010.82466666667 1010.453 1010.59466666667 1009.95133333333 1009.436 1009.42166666667 1009.97566666667 1011.27933333333 1011.847 1011.96066666667 1011.17266666667 1011.108 1009.981 1009.88833333333 1008.38066666667 1009.12 1008.64166666667 1009.51 1009.554 1010.23 1011.57733333333
1009.97566666667 1011.27933333333 1011.847 1011.96066666667 1011.17266666667 1011.108 1009.981 1009.88833333333 1008.38066666667 1009.12 1008.64166666667 1009.51 1009.554 1010.23 1011.57733333333 1012.47566666667 1012.849 1011.9 1011.262 1010.615 1010.178 1009.58866666667 1009.883 1010.32166666667 1011.06433333333 1011.33233333333 1011.95566666667
1009.554 1010.23 1011.57733333333 1012.47566666667 1012.849 1011.9 1011.262 1010.615 1010.178 1009.58866666667 1009.883 1010.32166666667 1011.06433333333 1011.33233333333 1011.95566666667 1011.93 1011.94233333333 1011.59966666667 1011.52766666667 1011.15866666667 1009.91066666667 1009.15166666667 1008.63333333333 1009.854 1010.821 1012.235 1012.42466666667
1011.06433333333 1011.33233333333 1011.95566666667 1011.93 1011.94233333333 1011.59966666667 1011.52766666667 1011.15866666667 1009.91066666667 1009.15166666667 1008.63333333333 1009.854 1010.821 1012.235 1012.42466666667 1012.38366666667 1011.90766666667 1011.68033333333 1011.08566666667 1010.379 1009.76266666667 1009.47433333333 1009.50533333333 1009.26433333333 1009.83166666667 1010.44333333333 1011.39133333333
1010.821 1012.235 1012.42466666667 1012.38366666667 1011.90766666667 1011.68033333333 1011.08566666667 1010.379 1009.76266666667 1009.47433333333 1009.50533333333 1009.26433333333 1009.83166666667 1010.44333333333 1011.39133333333 1011.74966666667 1011.58466666667 1011.386 1011.20666666667 1010.9 1010.678 1010.429 1010.858 1011.252 1011.28233333333 1011.474 1011.593
1009.83166666667 1010.44333333333 1011.39133333333 1011.74966666667 1011.58466666667 1011.386 1011.20666666667 1010.9 1010.678 1010.429 1010.858 1011.252 1011.28233333333 1011.474 1011.593 1012.02333333333 1011.84766666667 1011.28933333333 1010.95366666667 1010.04133333333 1009.329 1008.27233333333 1008.65133333333 1009.127 1010.04333333333 1011.10133333333 1012.582
1011.28233333333 1011.474 1011.593 1012.02333333333 1011.84766666667 1011.28933333333 1010.95366666667 1010.04133333333 1009.329 1008.27233333333 1008.65133333333 1009.127 1010.04333333333 1011.10133333333 1012.582 1013.57566666667 1013.79833333333 1012.835 1012.25566666667 1011.645 1011.651 1011.461 1010.886 1010.818 1010.001 1010.09766666667 1010.04666666667
1010.04333333333 1011.10133333333 1012.582 1013.57566666667 1013.79833333333 1012.835 1012.25566666667 1011.645 1011.651 1011.461 1010.886 1010.818 1010.001 1010.09766666667 1010.04666666667 1010.751 1010.81566666667 1010.95266666667 1011.00633333333 1010.47966666667 1009.67433333333 1009.245 1009.88433333333 1010.52833333333 1010.914 1011.16866666667 1011.46233333333
1010.001 1010.09766666667 1010.04666666667 1010.751 1010.81566666667 1010.95266666667 1011.00633333333 1010.47966666667 1009.67433333333 1009.245 1009.88433333333 1010.52833333333 1010.914 1011.16866666667 1011.46233333333 1011.689 1011.79033333333 1011.17733333333 1010.83066666667 1009.84633333333 1009.68733333333 1009.33 1009.42066666667 1010.01066666667 1010.67233333333 1011.68966666667 1012.24233333333
1010.914 1011.16866666667 1011.46233333333 1011.689 1011.79033333333 1011.17733333333 1010.83066666667 1009.84633333333 1009.68733333333 1009.33 1009.42066666667 1010.01066666667 1010.67233333333 1011.68966666667 1012.24233333333 1012.50433333333 1012.237 1011.745 1011.19833333333 1010.646 1010.345 1009.29266666667 1008.65366666667 1008.97433333333 1010.14866666667 1011.02933333333 1010.85733333333
