-2.19333333333333 -1.47166666666667 -1.00933333333333 -0.570666666666667 -0.375 -0.651 -0.778333333333333 -1.157 -1.61533333333333 -2.15433333333333 -2.40533333333333 -1.79266666666667 -0.166 0.915333333333333 1.111 1.30533333333333 0.838 0.497 -0.841666666666667 -1.487 -2.03066666666667 -2.913 -3.39766666666667 -2.57866666666667 -0.521 1.165 2.00133333333333
-0.166 0.915333333333333 1.111 1.30533333333333 0.838 0.497 -0.841666666666667 -1.487 -2.03066666666667 -2.913 -3.39766666666667 -2.57866666666667 -0.521 1.165 2.00133333333333 1.09133333333333 0.335 -1.398 -2.25133333333333 -3.26733333333333 -3.457 -3.86166666666667 -3.90666666666667 -3.12666666666667 -1.278 1.052 1.50266666666667
-0.521 1.165 2.00133333333333 1.09133333333333 0.335 -1.398 -2.25133333333333 -3.26733333333333 -3.457 -3.86166666666667 -3.90666666666667 -3.12666666666667 -1.278 1.052 1.50266666666667 1.13533333333333 -0.361 -1.014 -2.00866666666667 -2.61633333333333 -3.12666666666667 -3.26733333333333 -2.87133333333333 -2.343 -0.798333333333333 0.127 0.792333333333333
-1.278 1.052 1.50266666666667 1.13533333333333 -0.361 -1.014 -2.00866666666667 -2.61633333333333 -3.12666666666667 -3.26733333333333 -2.87133333333333 -2.343 -0.798333333333333 0.127 0.792333333333333 1.38633333333333 1.201 0.683333333333333 -0.788 -1.626 -2.19433333333333 -2.543 -2.49566666666667 -1.332 -0.630666666666667 0.247666666666667 0.977333333333333
-0.798333333333333 0.127 0.792333333333333 1.38633333333333 1.201 0.683333333333333 -0.788 -1.626 -2.19433333333333 -2.543 -2.49566666666667 -1.332 -0.630666666666667 0.247666666666667 0.977333333333333 1.60933333333333 1.87533333333333 0.0976666666666669 -1.27333333333333 -2.97766666666667 -3.502 -4.001 -3.857 -3.15433333333333 -1.39866666666667 -0.239333333333333 0.604666666666667
-0.630666666666667 0.247666666666667 0.977333333333333 1.60933333333333 1.87533333333333 0.0976666666666669 -1.27333333333333 -2.97766666666667 -3.502 -4.001 -3.857 -3.15433333333333 -1.39866666666667 -0.239333333333333 0.604666666666667 0.34 -0.027 -0.744666666666667 -1.375 -1.48133333333333 -0.896 -1.306 -0.903 0.201 1.32233333333333 2.13866666666667 1.60833333333333
-1.39866666666667 -0.239333333333333 0.604666666666667 0.34 -0.027 -0.744666666666667 -1.375 -1.48133333333333 -0.896 -1.306 -0.903 0.201 1.32233333333333 2.13866666666667 1.60833333333333 1.73866666666667 0.642 -0.189666666666667 -1.5 -2.345 -3.48066666666667 -3.98233333333333 -3.62233333333333 -2.65533333333333 -1.21766666666667 -1.12366666666667 -1.35633333333333
1.32233333333333 2.13866666666667 1.60833333333333 1.73866666666667 0.642 -0.189666666666667 -1.5 -2.345 -3.48066666666667 -3.98233333333333 -3.62233333333333 -2.65533333333333 -1.21766666666667 -1.12366666666667 -1.35633333333333 -1.84266666666667 -1.844 -1.94266666666667 -1.90233333333333 -2.34166666666667 -2.46566666666667 -3.12466666666667 -2.87866666666667 -2.12666666666667 -0.983 -0.151333333333333 -0.451
-1.21766666666667 -1.12366666666667 -1.35633333333333 -1.84266666666667 -1.844 -1.94266666666667 -1.90233333333333 -2.34166666666667 -2.46566666666667 -3.12466666666667 -2.87866666666667 -2.12666666666667 -0.983 -0.151333333333333 -0.451 -0.191 -0.854 -1.113 -2.17166666666667 -2.32 -2.97366666666667 -3.36133333333333 -3.24766666666667 -1.94466666666667 -0.651 0.132 0.616666666666667
-0.983 -0.151333333333333 -0.451 -0.191 -0.854 -1.113 -2.17166666666667 -2.32 -2.97366666666667 -3.36133333333333 -3.24766666666667 -1.94466666666667 -0.651 0.132 0.616666666666667 -0.101666666666667 0.0356666666666667 -0.669666666666667 -0.959666666666667 -2.32366666666667 -3.49366666666667 -3.54466666666667 -3.237 -1.273 1.05566666666667 2.34 3.26333333333333
-0.651 0.132 0.616666666666667 -0.101666666666667 0.0356666666666667 -0.669666666666667 -0.959666666666667 -2.32366666666667 -3.49366666666667 -3.54466666666667 -3.237 -1.273 1.05566666666667 2.34 3.26333333333333 2.256 1.86933333333333 0.433333333333333 -0.926 -1.627 -2.81966666666667 -3.25566666666667 -3.486 -2.59633333333333 -0.549 0.756333333333333 1.559
1.05566666666667 2.34 3.26333333333333 2.256 1.86933333333333 0.433333333333333 -0.926 -1.627 -2.81966666666667 -3.25566666666667 -3.486 -2.59633333333333 -0.549 0.756333333333333 1.559 0.576666666666667 0.280666666666667 -0.754 -1.39933333333333 -2.514 -3.33333333333333 -3.884 -3.676 -3.31466666666667 -2.34633333333333 -2.13066666666667 -1.65
-0.549 0.756333333333333 1.559 0.576666666666667 0.280666666666667 -0.754 -1.39933333333333 -2.514 -3.33333333333333 -3.884 -3.676 -3.31466666666667 -2.34633333333333 -2.13066666666667 -1.65 -2.18433333333333 -2.704 -2.90966666666667 -2.985 -3.34766666666667 -3.95766666666667 -4.19 -3.79466666666667 -2.72466666666667 -1.14 0.578 2.32566666666667
-2.34633333333333 -2.13066666666667 -1.65 -2.18433333333333 -2.704 -2.90966666666667 -2.985 -3.34766666666667 -3.95766666666667 -4.19 -3.79466666666667 -2.72466666666667 -1.14 0.578 2.32566666666667 2.995 1.80866666666667 -0.618 -2.348 -2.96033333333333 -3.24166666666667 -3.58233333333333 -3.65266666666667 -2.50066666666667 -0.711666666666667 0.789333333333333 1.30233333333333
-1.14 0.578 2.32566666666667 2.995 1.80866666666667 -0.618 -2.348 -2.96033333333333 -3.24166666666667 -3.58233333333333 -3.65266666666667 -2.50066666666667 -0.711666666666667 0.789333333333333 1.30233333333333 0.585666666666667 -0.130333333333333 -1.31233333333333 -2.30133333333333 -2.78566666666667 -3.363 -3.15566666666667 -3.15766666666667 -1.42366666666667 0.164333333333333 2.246 2.50533333333333
-0.711666666666667 0.789333333333333 1.30233333333333 0.585666666666667 -0.130333333333333 -1.31233333333333 -2.30133333333333 -2.78566666666667 -3.363 -3.15566666666667 -3.15766666666667 -1.42366666666667 0.164333333333333 2.246 2.50533333333333 2.32733333333333 1.42 0.115666666666667 -1.24666666666667 -2.55333333333333 -3.14266666666667 -3.35733333333333 -3.46933333333333 -2.48333333333333 -0.703 0.709333333333333 2.17
0.164333333333333 2.246 2.50533333333333 2.32733333333333 1.42 0.115666666666667 -1.24666666666667 -2.55333333333333 -3.14266666666667 -3.35733333333333 -3.46933333333333 -2.48333333333333 -0.703 0.709333333333333 2.17 1.87666666666667 2.025 0.0296666666666667 -1.319 -3.02533333333333 -3.25433333333333 -3.70533333333333 -3.58933333333333 -3.56466666666667 -2.50733333333333 -1.281 -0.690666666666667
-0.703 0.709333333333333 2.17 1.87666666666667 2.025 0.0296666666666667 -1.319 -3.02533333333333 -3.25433333333333 -3.70533333333333 -3.58933333333333 -3.56466666666667 -2.50733333333333 -1.281 -0.690666666666667 -0.763 -1.308 -1.689 -2.30233333333333 -2.66733333333333 -2.52 -2.532 -2.29066666666667 -1.58366666666667 0.328 1.78966666666667 1.997
-2.50733333333333 -1.281 -0.690666666666667 -0.763 -1.308 -1.689 -2.30233333333333 -2.66733333333333 -2.52 -2.532 -2.29066666666667 -1.58366666666667 0.328 1.78966666666667 1.997 0.924 0.248333333333333 -0.492333333333333 -1.62666666666667 -2.88 -3.762 -3.54266666666667 -3.451 -3.00533333333333 -1.67733333333333 -0.914333333333333 -0.605
0.328 1.78966666666667 1.997 0.924 0.248333333333333 -0.492333333333333 -1.62666666666667 -2.88 -3.762 -3.54266666666667 -3.451 -3.00533333333333 -1.67733333333333 -0.914333333333333 -0.605 -1.35933333333333 -1.946 -1.80966666666667 -2.47233333333333 -2.72133333333333 -3.73266666666667 -3.71566666666667 -3.517 -2.54766666666667 -1.23666666666667 0.227666666666667 0.571333333333333
-1.67733333333333 -0.914333333333333 -0.605 -1.35933333333333 -1.946 -1.80966666666667 -2.47233333333333 -2.72133333333333 -3.73266666666667 -3.71566666666667 -3.517 -2.54766666666667 -1.23666666666667 0.227666666666667 0.571333333333333 1.97133333333333 1.93566666666667 2.30433333333333 0.562333333333333 -0.687333333333333 -0.783666666666667 -0.699333333333333 0.682333333333333 0.831666666666667 1.46033333333333 1.658 1.83766666666667
-1.23666666666667 0.227666666666667 0.571333333333333 1.97133333333333 1.93566666666667 2.30433333333333 0.562333333333333 -0.687333333333333 -0.783666666666667 -0.699333333333333 0.682333333333333 0.831666666666667 1.46033333333333 1.658 1.83766666666667 1.66666666666667 0.454333333333333 -0.977666666666667 -2.46866666666667 -3.66866666666667 -4.01066666666667 -4.387 -3.835 -3.26866666666667 -2.172 -2.61833333333333 -2.852
1.46033333333333 1.658 1.83766666666667 1.66666666666667 0.454333333333333 -0.977666666666667 -2.46866666666667 -3.66866666666667 -4.01066666666667 -4.387 -3.835 -3.26866666666667 -2.172 -2.61833333333333 -2.852 -4.32533333333333 -4.19633333333333 -4.354 -3.515 -3.48533333333333 -3.82366666666667 -4.00666666666667 -4.08466666666667 -3.29366666666667 -3.071 -2.426 -3.33633333333333
-2.172 -2.61833333333333 -2.852 -4.32533333333333 -4.19633333333333 -4.354 -3.515 -3.48533333333333 -3.82366666666667 -4.00666666666667 -4.08466666666667 -3.29366666666667 -3.071 -2.426 -3.33633333333333 -3.64033333333333 -4.37366666666667 -3.92766666666667 -4.02966666666667 -3.51033333333333 -3.56066666666667 -3.38633333333333 -3.453 -3.19566666666667 -2.41566666666667 -2.661 -2.61733333333333
-3.071 -2.426 -3.33633333333333 -3.64033333333333 -4.37366666666667 -3.92766666666667 -4.02966666666667 -3.51033333333333 -3.56066666666667 -3.38633333333333 -3.453 -3.19566666666667 -2.41566666666667 -2.661 -2.61733333333333 -3.106 -2.72 -2.28033333333333 -2.16033333333333 -1.96466666666667 -2.33033333333333 -2.595 -2.55166666666667 -2.08666666666667 0.236 1.37433333333333 2.52333333333333
-2.41566666666667 -2.661 -2.61733333333333 -3.106 -2.72 -2.28033333333333 -2.16033333333333 -1.96466666666667 -2.33033333333333 -2.595 -2.55166666666667 -2.08666666666667 0.236 1.37433333333333 2.52333333333333 1.45233333333333 0.496 -0.839 -2.34533333333333 -2.55 -2.41933333333333 -1.27866666666667 -0.557 -0.239666666666667 0.515666666666667 1.295 1.695
0.236 1.37433333333333 2.52333333333333 1.45233333333333 0.496 -0.839 -2.34533333333333 -2.55 -2.41933333333333 -1.27866666666667 -0.557 -0.239666666666667 0.515666666666667 1.295 1.695 0.827666666666667 -0.412333333333333 -1.529 -2.023 -2.84766666666667 -3.27666666666667 -3.758 -3.47 -2.941 -1.957 -0.653333333333333 -0.059
0.515666666666667 1.295 1.695 0.827666666666667 -0.412333333333333 -1.529 -2.023 -2.84766666666667 -3.27666666666667 -3.758 -3.47 -2.941 -1.957 -0.653333333333333 -0.059 0.220333333333333 -0.498666666666667 -1.51233333333333 -1.93733333333333 -2.44933333333333 -1.81166666666667 -2.26533333333333 -1.91266666666667 -1.537 -0.386333333333333 0.390666666666667 2.18833333333333
-1.957 -0.653333333333333 -0.059 0.220333333333333 -0.498666666666667 -1.51233333333333 -1.93733333333333 -2.44933333333333 -1.81166666666667 -2.26533333333333 -1.91266666666667 -1.537 -0.386333333333333 0.390666666666667 2.18833333333333 1.67566666666667 1.37466666666667 -1.12 -2.14833333333333 -3.33033333333333 -3.484 -3.16333333333333 -3.19333333333333 -2.91233333333333 -2.73133333333333 -1.96233333333333 -1.461
-0.386333333333333 0.390666666666667 2.18833333333333 1.67566666666667 1.37466666666667 -1.12 -2.14833333333333 -3.33033333333333 -3.484 -3.16333333333333 -3.19333333333333 -2.91233333333333 -2.73133333333333 -1.96233333333333 -1.461 -1.51966666666667 -2.06566666666667 -2.41933333333333 -2.501 -2.25933333333333 -2.11333333333333 -1.953 -0.768 -0.236666666666667 0.509 0.669333333333333 0.413666666666667
-2.73133333333333 -1.96233333333333 -1.461 -1.51966666666667 -2.06566666666667 -2.41933333333333 -2.501 -2.25933333333333 -2.11333333333333 -1.953 -0.768 -0.236666666666667 0.509 0.669333333333333 0.413666666666667 -0.00666666666666667 -1.452 -1.96733333333333 -3.09666666666667 -3.34 -3.985 -3.73466666666667 -3.732 -3.11766666666667 -2.95566666666667 -2.20266666666667 -2.96666666666667
0.509 0.669333333333333 0.413666666666667 -0.00666666666666667 -1.452 -1.96733333333333 -3.09666666666667 -3.34 -3.985 -3.73466666666667 -3.732 -3.11766666666667 -2.95566666666667 -2.20266666666667 -2.96666666666667 -3.40233333333333 -4.49666666666667 -3.97366666666667 -3.853 -4.00166666666667 -4.87 -4.614 -4.45366666666667 -4.09233333333333 -3.70033333333333 -2.923 -3.137
-2.95566666666667 -2.20266666666667 -2.96666666666667 -3.40233333333333 -4.49666666666667 -3.97366666666667 -3.853 -4.00166666666667 -4.87 -4.614 -4.45366666666667 -4.09233333333333 -3.70033333333333 -2.923 -3.137 -3.04533333333333 -3.226 -2.41 -2.54533333333333 -2.568 -2.649 -2.259 -1.29266666666667 -0.922333333333333 0.252 0.906333333333333 2.26733333333333
-3.70033333333333 -2.923 -3.137 -3.04533333333333 -3.226 -2.41 -2.54533333333333 -2.568 -2.649 -2.259 -1.29266666666667 -0.922333333333333 0.252 0.906333333333333 2.26733333333333 1.59166666666667 0.277666666666667 -1.73766666666667 -3.114 -4.339 -4.89066666666667 -5.35033333333333 -5.077 -4.43033333333333 -4.15866666666667 -3.32833333333333 -3.22333333333333
0.252 0.906333333333333 2.26733333333333 1.59166666666667 0.277666666666667 -1.73766666666667 -3.114 -4.339 -4.89066666666667 -5.35033333333333 -5.077 -4.43033333333333 -4.15866666666667 -3.32833333333333 -3.22333333333333 -3.40166666666667 -4.183 -4.171 -3.858 -3.87733333333333 -4.238 -4.59466666666667 -4.21033333333333 -3.92066666666667 -3.551 -3.202 -3.61866666666667
-4.15866666666667 -3.32833333333333 -3.22333333333333 -3.40166666666667 -4.183 -4.171 -3.858 -3.87733333333333 -4.238 -4.59466666666667 -4.21033333333333 -3.92066666666667 -3.551 -3.202 -3.61866666666667 -3.40133333333333 -3.391 -2.99166666666667 -2.99366666666667 -3.487 -3.65866666666667 -3.19 -2.622 -1.83033333333333 -1.39266666666667 -0.245 -0.347
-3.551 -3.202 -3.61866666666667 -3.40133333333333 -3.391 -2.99166666666667 -2.99366666666667 -3.487 -3.65866666666667 -3.19 -2.622 -1.83033333333333 -1.39266666666667 -0.245 -0.347 -0.951333333333333 -2.70666666666667 -3.494 -3.81666666666667 -3.97766666666667 -3.87733333333333 -3.84833333333333 -2.978 -2.57033333333333 -1.86566666666667 -1.24233333333333 0.026
