-1.14933333333333 -1.903 -1.95233333333333 -1.73166666666667 -1.25466666666667 -1.24133333333333 -0.916666666666667 -0.397 0.132666666666667 0.666333333333333 0.324666666666667 -0.441666666666667 -1.70566666666667 -2.58666666666667 -3.14733333333333 -3.12233333333333 -2.59433333333333 -2.03466666666667 -1.51133333333333 -1.17433333333333 -0.776 -0.141333333333333 0.214666666666667 0.13 -0.745666666666667 -1.54733333333333 -2.44233333333333
-1.70566666666667 -2.58666666666667 -3.14733333333333 -3.12233333333333 -2.59433333333333 -2.03466666666667 -1.51133333333333 -1.17433333333333 -0.776 -0.141333333333333 0.214666666666667 0.13 -0.745666666666667 -1.54733333333333 -2.44233333333333 -2.735 -2.602 -2.00633333333333 -1.43133333333333 -0.904666666666667 -0.352 0.163666666666667 0.37 0.00666666666666675 -0.918 -2.18366666666667 -2.96233333333333
-0.745666666666667 -1.54733333333333 -2.44233333333333 -2.735 -2.602 -2.00633333333333 -1.43133333333333 -0.904666666666667 -0.352 0.163666666666667 0.37 0.00666666666666675 -0.918 -2.18366666666667 -2.96233333333333 -3.326 -2.913 -2.563 -2.10866666666667 -1.70166666666667 -0.791333333333333 -0.427 -0.237333333333333 -0.351333333333333 -0.435333333333333 -1.162 -2.24733333333333
-0.918 -2.18366666666667 -2.96233333333333 -3.326 -2.913 -2.563 -2.10866666666667 -1.70166666666667 -0.791333333333333 -0.427 -0.237333333333333 -0.351333333333333 -0.435333333333333 -1.162 -2.24733333333333 -2.94933333333333 -2.63633333333333 -2.32433333333333 -1.75766666666667 -1.37133333333333 -0.735666666666667 -0.0723333333333333 0.063 -0.100666666666667 -1.16 -2.01366666666667 -2.77233333333333
-0.435333333333333 -1.162 -2.24733333333333 -2.94933333333333 -2.63633333333333 -2.32433333333333 -1.75766666666667 -1.37133333333333 -0.735666666666667 -0.0723333333333333 0.063 -0.100666666666667 -1.16 -2.01366666666667 -2.77233333333333 -2.685 -2.59133333333333 -2.08233333333333 -1.823 -1.414 -0.882666666666667 -0.501 -0.131666666666667 -0.417 -1.119 -2.277 -2.845
-1.16 -2.01366666666667 -2.77233333333333 -2.685 -2.59133333333333 -2.08233333333333 -1.823 -1.414 -0.882666666666667 -0.501 -0.131666666666667 -0.417 -1.119 -2.277 -2.845 -2.51033333333333 -1.803 -1.53 -1.499 -0.900666666666667 -0.132333333333333 0.828 1.01866666666667 0.406666666666667 -1.65366666666667 -3.847 -5.271
-1.119 -2.277 -2.845 -2.51033333333333 -1.803 -1.53 -1.499 -0.900666666666667 -0.132333333333333 0.828 1.01866666666667 0.406666666666667 -1.65366666666667 -3.847 -5.271 -5.221 -4.39866666666667 -3.519 -2.76366666666667 -2.147 -1.39066666666667 -0.718666666666667 -0.434 -0.815666666666667 -1.50233333333333 -2.054 -2.13366666666667
-1.65366666666667 -3.847 -5.271 -5.221 -4.39866666666667 -3.519 -2.76366666666667 -2.147 -1.39066666666667 -0.718666666666667 -0.434 -0.815666666666667 -1.50233333333333 -2.054 -2.13366666666667 -2.46233333333333 -2.604 -2.61866666666667 -1.88066666666667 -1.18433333333333 -0.601 -0.107666666666667 0.00633333333333333 0.0323333333333333 -0.629666666666667 -1.62766666666667 -2.49033333333333
-1.50233333333333 -2.054 -2.13366666666667 -2.46233333333333 -2.604 -2.61866666666667 -1.88066666666667 -1.18433333333333 -0.601 -0.107666666666667 0.00633333333333333 0.0323333333333333 -0.629666666666667 -1.62766666666667 -2.49033333333333 -2.87966666666667 -2.19866666666667 -1.862 -1.59833333333333 -1.47266666666667 -0.891333333333333 -0.297333333333333 -0.136 -0.697 -1.80966666666667 -2.84233333333333 -3.438
-0.629666666666667 -1.62766666666667 -2.49033333333333 -2.87966666666667 -2.19866666666667 -1.862 -1.59833333333333 -1.47266666666667 -0.891333333333333 -0.297333333333333 -0.136 -0.697 -1.80966666666667 -2.84233333333333 -3.438 -3.07733333333333 -2.688 -1.74133333333333 -1.361 -0.544 0.237666666666667 0.814666666666667 0.501333333333333 -0.703333333333333 -1.755 -2.908 -3.67833333333333
-1.80966666666667 -2.84233333333333 -3.438 -3.07733333333333 -2.688 -1.74133333333333 -1.361 -0.544 0.237666666666667 0.814666666666667 0.501333333333333 -0.703333333333333 -1.755 -2.908 -3.67833333333333 -4.04733333333333 -3.93533333333333 -3.338 -2.85733333333333 -2.01466666666667 -1.42566666666667 -0.113 0.0303333333333333 -0.15 -1.98333333333333 -2.95233333333333 -3.76566666666667
-1.755 -2.908 -3.67833333333333 -4.04733333333333 -3.93533333333333 -3.338 -2.85733333333333 -2.01466666666667 -1.42566666666667 -0.113 0.0303333333333333 -0.15 -1.98333333333333 -2.95233333333333 -3.76566666666667 -3.64666666666667 -3.25766666666667 -2.85433333333333 -2.12366666666667 -1.55833333333333 -0.922 -0.446 -0.153333333333333 -0.134333333333333 -0.63 -1.25466666666667 -1.66533333333333
-1.98333333333333 -2.95233333333333 -3.76566666666667 -3.64666666666667 -3.25766666666667 -2.85433333333333 -2.12366666666667 -1.55833333333333 -0.922 -0.446 -0.153333333333333 -0.134333333333333 -0.63 -1.25466666666667 -1.66533333333333 -1.41466666666667 -1.37366666666667 -1.474 -1.726 -1.43866666666667 -0.856 -0.223 0.103 0.512 -0.434 -1.77833333333333 -2.695
-0.63 -1.25466666666667 -1.66533333333333 -1.41466666666667 -1.37366666666667 -1.474 -1.726 -1.43866666666667 -0.856 -0.223 0.103 0.512 -0.434 -1.77833333333333 -2.695 -2.61466666666667 -1.822 -1.74533333333333 -1.266 -0.789666666666667 -0.236333333333333 -0.0173333333333333 0.259666666666667 0.854333333333333 0.507666666666667 -0.818666666666667 -2.57133333333333
-0.434 -1.77833333333333 -2.695 -2.61466666666667 -1.822 -1.74533333333333 -1.266 -0.789666666666667 -0.236333333333333 -0.0173333333333333 0.259666666666667 0.854333333333333 0.507666666666667 -0.818666666666667 -2.57133333333333 -3.08633333333333 -2.71566666666667 -2.24133333333333 -1.66533333333333 -1.16966666666667 -0.424 -0.018 0.333666666666667 -0.00333333333333334 -1.18566666666667 -2.757 -3.95466666666667
0.507666666666667 -0.818666666666667 -2.57133333333333 -3.08633333333333 -2.71566666666667 -2.24133333333333 -1.66533333333333 -1.16966666666667 -0.424 -0.018 0.333666666666667 -0.00333333333333334 -1.18566666666667 -2.757 -3.95466666666667 -4.44466666666667 -4.14966666666667 -3.57033333333333 -2.81033333333333 -1.973 -1.23633333333333 0.0756666666666667 0.553 0.497666666666667 -1.16166666666667 -2.87466666666667 -3.69633333333333
-1.18566666666667 -2.757 -3.95466666666667 -4.44466666666667 -4.14966666666667 -3.57033333333333 -2.81033333333333 -1.973 -1.23633333333333 0.0756666666666667 0.553 0.497666666666667 -1.16166666666667 -2.87466666666667 -3.69633333333333 -3.52166666666667 -3.007 -2.83133333333333 -2.51666666666667 -1.886 -1.018 -0.278 0.376333333333333 0.09 -0.880333333333333 -2.15933333333333 -2.823
-1.16166666666667 -2.87466666666667 -3.69633333333333 -3.52166666666667 -3.007 -2.83133333333333 -2.51666666666667 -1.886 -1.018 -0.278 0.376333333333333 0.09 -0.880333333333333 -2.15933333333333 -2.823 -2.99733333333333 -2.71566666666667 -2.37133333333333 -1.70166666666667 -1.29366666666667 -0.751666666666667 0.00766666666666664 0.805666666666667 1.01566666666667 -0.0979999999999999 -1.63566666666667 -2.89833333333333
-0.880333333333333 -2.15933333333333 -2.823 -2.99733333333333 -2.71566666666667 -2.37133333333333 -1.70166666666667 -1.29366666666667 -0.751666666666667 0.00766666666666664 0.805666666666667 1.01566666666667 -0.0979999999999999 -1.63566666666667 -2.89833333333333 -3.13733333333333 -2.86733333333333 -2.366 -1.93166666666667 -1.37266666666667 -0.863 -0.229333333333333 -0.00633333333333333 -0.044 -0.668666666666667 -1.18366666666667 -1.54933333333333
-0.0979999999999999 -1.63566666666667 -2.89833333333333 -3.13733333333333 -2.86733333333333 -2.366 -1.93166666666667 -1.37266666666667 -0.863 -0.229333333333333 -0.00633333333333333 -0.044 -0.668666666666667 -1.18366666666667 -1.54933333333333 -1.619 -1.763 -1.824 -1.494 -0.956 -0.426333333333333 -0.081 -0.00666666666666667 0.0496666666666667 -0.403666666666667 -1.17033333333333 -2.162
-0.668666666666667 -1.18366666666667 -1.54933333333333 -1.619 -1.763 -1.824 -1.494 -0.956 -0.426333333333333 -0.081 -0.00666666666666667 0.0496666666666667 -0.403666666666667 -1.17033333333333 -2.162 -2.016 -1.663 -0.947333333333333 -0.951 -0.547666666666667 0.118 0.981666666666667 0.632666666666667 -0.38 -2.00333333333333 -3.25633333333333 -4.08766666666667
-0.403666666666667 -1.17033333333333 -2.162 -2.016 -1.663 -0.947333333333333 -0.951 -0.547666666666667 0.118 0.981666666666667 0.632666666666667 -0.38 -2.00333333333333 -3.25633333333333 -4.08766666666667 -4.357 -3.651 -2.94366666666667 -2.164 -1.52633333333333 -0.963333333333333 -0.531333333333333 -0.216333333333333 -0.255 -0.699666666666667 -1.11566666666667 -1.50233333333333
-2.00333333333333 -3.25633333333333 -4.08766666666667 -4.357 -3.651 -2.94366666666667 -2.164 -1.52633333333333 -0.963333333333333 -0.531333333333333 -0.216333333333333 -0.255 -0.699666666666667 -1.11566666666667 -1.50233333333333 -1.599 -2.001 -1.87733333333333 -1.65066666666667 -1.302 -1.16866666666667 -0.772333333333333 -0.555 -0.393666666666667 -0.876666666666667 -0.519 -0.833666666666667
-0.699666666666667 -1.11566666666667 -1.50233333333333 -1.599 -2.001 -1.87733333333333 -1.65066666666667 -1.302 -1.16866666666667 -0.772333333333333 -0.555 -0.393666666666667 -0.876666666666667 -0.519 -0.833666666666667 -1.03233333333333 -1.838 -1.99466666666667 -1.87 -1.35066666666667 -1.004 -0.189 -0.254 -0.221 -1.24566666666667 -1.75666666666667 -2.49133333333333
-0.876666666666667 -0.519 -0.833666666666667 -1.03233333333333 -1.838 -1.99466666666667 -1.87 -1.35066666666667 -1.004 -0.189 -0.254 -0.221 -1.24566666666667 -1.75666666666667 -2.49133333333333 -2.324 -2.40866666666667 -2.07666666666667 -1.94433333333333 -1.37666666666667 -0.906 -0.611666666666667 -0.547666666666667 -0.670666666666667 -1.43466666666667 -2.34366666666667 -3.07066666666667
-1.24566666666667 -1.75666666666667 -2.49133333333333 -2.324 -2.40866666666667 -2.07666666666667 -1.94433333333333 -1.37666666666667 -0.906 -0.611666666666667 -0.547666666666667 -0.670666666666667 -1.43466666666667 -2.34366666666667 -3.07066666666667 -3.16733333333333 -2.64166666666667 -2.36866666666667 -1.96166666666667 -1.35766666666667 -0.696666666666667 0.178 0.251 -0.342 -1.60166666666667 -2.85433333333333 -3.30766666666667
-1.43466666666667 -2.34366666666667 -3.07066666666667 -3.16733333333333 -2.64166666666667 -2.36866666666667 -1.96166666666667 -1.35766666666667 -0.696666666666667 0.178 0.251 -0.342 -1.60166666666667 -2.85433333333333 -3.30766666666667 -3.38866666666667 -3.04666666666667 -2.666 -2.202 -1.86333333333333 -1.32 -0.789333333333333 -0.474666666666667 -0.0786666666666666 -0.649333333333333 -1.58933333333333 -2.72033333333333
-1.60166666666667 -2.85433333333333 -3.30766666666667 -3.38866666666667 -3.04666666666667 -2.666 -2.202 -1.86333333333333 -1.32 -0.789333333333333 -0.474666666666667 -0.0786666666666666 -0.649333333333333 -1.58933333333333 -2.72033333333333 -3.08733333333333 -2.933 -2.41266666666667 -1.71833333333333 -1.00766666666667 -0.57 -0.400666666666667 -0.0266666666666667 -0.463333333333333 -1.11766666666667 -2.475 -3.72533333333333
-0.649333333333333 -1.58933333333333 -2.72033333333333 -3.08733333333333 -2.933 -2.41266666666667 -1.71833333333333 -1.00766666666667 -0.57 -0.400666666666667 -0.0266666666666667 -0.463333333333333 -1.11766666666667 -2.475 -3.72533333333333 -4.22933333333333 -4.08366666666667 -3.309 -2.63533333333333 -2.03966666666667 -1.38933333333333 -0.926666666666667 -0.543666666666667 -0.527666666666667 -1.10233333333333 -1.714 -2.46666666666667
-1.11766666666667 -2.475 -3.72533333333333 -4.22933333333333 -4.08366666666667 -3.309 -2.63533333333333 -2.03966666666667 -1.38933333333333 -0.926666666666667 -0.543666666666667 -0.527666666666667 -1.10233333333333 -1.714 -2.46666666666667 -2.833 -2.89266666666667 -2.244 -1.63966666666667 -1.23 -0.965666666666667 -0.499 -0.277333333333333 -0.684333333333333 -1.61666666666667 -3.07033333333333 -3.51233333333333
-1.10233333333333 -1.714 -2.46666666666667 -2.833 -2.89266666666667 -2.244 -1.63966666666667 -1.23 -0.965666666666667 -0.499 -0.277333333333333 -0.684333333333333 -1.61666666666667 -3.07033333333333 -3.51233333333333 -3.26133333333333 -2.46766666666667 -2.103 -1.935 -1.539 -1.232 -0.727333333333333 -0.27 -0.689 -1.51333333333333 -2.506 -2.47233333333333
-1.61666666666667 -3.07033333333333 -3.51233333333333 -3.26133333333333 -2.46766666666667 -2.103 -1.935 -1.539 -1.232 -0.727333333333333 -0.27 -0.689 -1.51333333333333 -2.506 -2.47233333333333 -2.18566666666667 -1.966 -1.98666666666667 -2.03533333333333 -1.85166666666667 -1.59033333333333 -1.33833333333333 -1.15133333333333 -1.46233333333333 -1.64233333333333 -2.36833333333333 -2.52566666666667
-1.51333333333333 -2.506 -2.47233333333333 -2.18566666666667 -1.966 -1.98666666666667 -2.03533333333333 -1.85166666666667 -1.59033333333333 -1.33833333333333 -1.15133333333333 -1.46233333333333 -1.64233333333333 -2.36833333333333 -2.52566666666667 -2.69333333333333 -2.60133333333333 -2.257 -2.033 -1.53033333333333 -0.986666666666667 -0.692333333333333 -0.621666666666667 -1.17 -1.99766666666667 -3.07433333333333 -4.21
-1.64233333333333 -2.36833333333333 -2.52566666666667 -2.69333333333333 -2.60133333333333 -2.257 -2.033 -1.53033333333333 -0.986666666666667 -0.692333333333333 -0.621666666666667 -1.17 -1.99766666666667 -3.07433333333333 -4.21 -4.417 -3.917 -3.04833333333333 -2.342 -1.804 -1.27533333333333 -0.796666666666667 -0.178666666666667 -0.0713333333333333 0.13 -0.479666666666667 -0.343
-1.99766666666667 -3.07433333333333 -4.21 -4.417 -3.917 -3.04833333333333 -2.342 -1.804 -1.27533333333333 -0.796666666666667 -0.178666666666667 -0.0713333333333333 0.13 -0.479666666666667 -0.343 -0.758 -0.684333333333333 -1.12266666666667 -1.369 -1.22866666666667 -0.948333333333333 -0.539333333333333 -0.399333333333333 -0.077 -0.751 -1.33766666666667 -2.26866666666667
0.13 -0.479666666666667 -0.343 -0.758 -0.684333333333333 -1.12266666666667 -1.369 -1.22866666666667 -0.948333333333333 -0.539333333333333 -0.399333333333333 -0.077 -0.751 -1.33766666666667 -2.26866666666667 -2.085 -1.761 -1.492 -1.22533333333333 -1.284 -0.995666666666667 -0.874333333333333 -0.73 -1.09266666666667 -1.76866666666667 -2.85666666666667 -3.46233333333333
-0.751 -1.33766666666667 -2.26866666666667 -2.085 -1.761 -1.492 -1.22533333333333 -1.284 -0.995666666666667 -0.874333333333333 -0.73 -1.09266666666667 -1.76866666666667 -2.85666666666667 -3.46233333333333 -3.67333333333333 -3.10533333333333 -2.674 -2.295 -1.87466666666667 -1.25333333333333 -0.355 0.186666666666667 0.0703333333333334 -0.936 -2.09866666666667 -2.81366666666667
