
1948 1004.840 1005.086 1003.645 1003.270 1002.205 1001.501 1001.493 1001.385 1002.667 1003.515 1005.281 1004.882
1949 1006.123 1004.517 1004.793 1004.153 1002.940 1002.854 1003.055 1003.098 1003.203 1003.704 1004.154 1003.431
1950 1004.005 1003.993 1003.779 1002.469 1002.095 1001.420 1002.144 1002.741 1003.023 1003.586 1002.977 1005.059
1951 1004.863 1003.600 1004.280 1003.949 1003.814 1002.395 1003.079 1003.558 1003.936 1004.709 1004.598 1005.142
1952 1005.384 1004.157 1003.609 1004.166 1002.629 1002.640 1002.613 1002.354 1003.912 1003.693 1003.806 1006.666
1953 1005.233 1005.943 1004.333 1003.876 1003.738 1002.650 1003.314 1003.249 1003.896 1004.815 1004.803 1005.423
1954 1002.878 1003.910 1003.432 1002.220 1001.178 1001.300 1001.299 1001.243 1001.958 1003.625 1004.173 1003.243
1955 1005.176 1001.994 1003.068 1002.127 1001.127 1001.359 1001.984 1001.579 1002.287 1002.579 1002.449 1003.801
1956 1002.851 1002.769 1002.962 1001.416 1000.803 1001.630 1001.742 1001.686 1001.860 1003.034 1003.793 1004.164
1957 1003.711 1003.980 1003.863 1003.119 1002.320 1001.560 1001.170 1001.416 1002.450 1003.530 1004.268 1003.436
1958 1005.343 1004.989 1003.523 1002.528 1001.419 1001.095 1001.426 1001.447 1002.231 1002.736 1003.535 1004.437
1959 1004.637 1004.104 1003.624 1002.261 1000.789 1001.509 1001.692 1001.314 1001.934 1003.177 1002.689 1003.460
1960 1003.978 1003.586 1002.984 1001.986 1001.042 1001.507 1001.547 1001.529 1001.845 1003.308 1003.360 1003.938
1961 1004.415 1002.081 1003.858 1001.670 1001.062 1001.827 1001.657 1001.843 1002.713 1003.164 1003.047 1002.459
1962 1002.389 1004.027 1002.598 1002.239 1000.583 1001.267 1001.103 1002.502 1001.680 1002.393 1003.171 1003.620
1963 1003.216 1004.036 1003.006 1002.082 1000.774 1002.199 1001.652 1001.805 1002.785 1003.933 1003.264 1004.118
1964 1004.071 1002.971 1003.265 1001.368 1000.919 1001.232 1001.519 1001.396 1001.350 1002.384 1002.792 1003.517
1965 1004.436 1002.392 1003.700 1002.397 1001.111 1002.733 1002.596 1002.425 1003.079 1003.405 1003.827 1002.662
1966 1004.712 1003.284 1002.413 1001.905 1002.077 1002.817 1001.403 1001.948 1002.866 1003.261 1002.615 1002.047
1967 1003.874 1003.345 1003.407 1002.882 1001.444 1001.355 1001.593 1002.606 1003.332 1003.843 1003.482 1004.329
1968 1003.697 1004.803 1002.511 1003.169 1001.980 1002.246 1002.467 1002.932 1003.223 1003.887 1004.823 1003.437
1969 1003.021 1004.101 1003.727 1003.245 1001.637 1002.325 1002.689 1003.191 1002.779 1003.506 1003.792 1004.509
1970 1004.783 1004.673 1003.063 1003.121 1001.548 1001.940 1002.702 1001.664 1001.955 1002.525 1002.794 1003.147
1971 1003.443 1002.635 1003.777 1002.545 1001.280 1002.250 1001.864 1002.393 1002.309 1003.737 1004.480 1003.360
1972 1004.375 1003.264 1004.055 1003.398 1002.725 1001.644 1002.235 1002.942 1003.261 1004.294 1003.572 1004.852
1973 1004.578 1004.785 1003.685 1002.163 1001.991 1001.571 1001.554 1002.086 1003.067 1002.241 1003.064 1003.633
1974 1003.247 1003.105 1003.741 1002.330 1002.075 1002.049 1002.320 1002.035 1002.724 1002.608 1003.130 1003.740
1975 1003.945 1004.303 1003.375 1001.956 1001.525 1001.385 1002.458 1001.196 1002.389 1002.385 1003.672 1003.553
1976 1004.478 1003.878 1003.086 1003.194 1002.669 1002.374 1002.652 1003.028 1004.024 1003.738 1003.271 1004.232
1977 1004.342 1004.801 1005.109 1003.025 1002.679 1002.064 1001.216 1002.879 1003.430 1004.866 1004.464 1005.024
1978 1005.088 1006.004 1003.712 1003.482 1001.266 1001.791 1001.617 1002.456 1003.177 1003.585 1004.732 1004.831
1979 1005.007 1004.063 1003.727 1002.772 1002.906 1002.397 1003.531 1002.766 1003.467 1005.190 1003.390 1005.339
1980 1004.117 1004.580 1004.576 1002.762 1002.566 1002.596 1002.815 1003.604 1003.745 1003.960 1003.648 1003.802
1981 1005.554 1004.809 1004.483 1003.447 1001.931 1002.503 1002.353 1002.835 1003.384 1003.750 1003.473 1005.235
1982 1005.030 1004.507 1003.885 1003.528 1002.947 1003.119 1002.865 1003.557 1004.519 1004.476 1003.921 1004.591
1983 1005.616 1005.580 1004.878 1003.407 1002.758 1002.728 1002.622 1002.900 1003.436 1003.174 1005.186 1004.756
1984 1003.592 1002.491 1003.627 1002.365 1002.007 1001.835 1002.142 1002.631 1003.326 1004.681 1003.922 1003.199
1985 1004.669 1001.080 1003.811 1001.839 1001.282 1002.828 1003.379 1002.735 1003.282 1003.788 1004.126 1004.299
1986 1004.219 1004.628 1003.375 1002.900 1002.339 1001.612 1003.472 1002.708 1003.980 1004.769 1004.769 1004.976
1987 1005.367 1005.972 1004.105 1004.019 1003.556 1002.398 1003.840 1003.420 1004.205 1004.111 1003.918 1005.427
1988 1003.990 1004.008 1002.632 1002.949 1001.784 1002.594 1002.270 1002.640 1002.277 1003.185 1003.645 1004.775
1989 1002.856 1004.489 1003.189 1002.695 1001.612 1003.128 1002.398 1002.610 1003.167 1003.632 1004.372 1004.866
1990 1004.209 1004.613 1004.940 1002.303 1001.637 1002.362 1003.228 1003.077 1003.523 1003.705 1004.107 1004.452
1991 1004.212 1005.000 1003.628 1002.750 1002.488 1002.574 1002.553 1003.073 1004.362 1003.409 1005.064 1004.589
1992 1006.075 1005.082 1004.656 1003.396 1002.485 1001.658 1003.051 1003.211 1003.303 1003.953 1004.360 1005.198
1993 1004.805 1005.349 1004.528 1003.705 1002.634 1002.678 1002.578 1004.059 1004.073 1004.582 1003.141 1004.254
1994 1003.838 1003.230 1004.166 1002.833 1002.750 1001.745 1002.314 1003.246 1004.487 1004.521 1003.984 1004.847
1995 1004.745 1004.348 1003.674 1002.612 1002.155 1001.687 1001.545 1002.326 1003.327 1002.726 1003.056 1005.050
1996 1003.649 1003.515 1002.769 1002.370 1002.710 1002.078 1002.050 1002.752 1001.907 1003.187 1002.938 1004.085
1997 1004.426 1003.525 1004.693 1003.827 1002.728 1003.192 1002.932 1003.801 1004.945 1005.537 1004.845 1004.780
1998 1004.648 1005.426 1004.026 1003.126 1001.648 1002.046 1002.047 1002.819 1002.784 1002.876 1002.803 1003.666
1999 1002.367 1004.299 1001.085 1002.029 1002.254 1002.776 1001.993 1003.231 1002.779 1002.759 1003.172 1003.300
2000 1002.955 1002.663 1002.397 1001.817 1002.102 1001.756 1001.404 1002.407 1003.061 1002.778 1002.192 1003.002
2001 1002.498 1002.939 1002.722 1002.456 1001.831 1001.938 1002.008 1002.497 1002.911 1002.943 1003.422 1004.904
2002 1003.935 1005.005 1003.184 1002.093 1002.086 1002.227 1002.760 1003.274 1004.178 1003.675 1003.709 1004.146
2003 1005.173 1003.994 1003.643 1002.814 1001.970 1002.325 1002.748 1002.918 1003.510 1003.860 1003.712 1004.338
2004 1003.918 1004.154 1003.419 1002.911 1002.317 1003.360 1002.512 1002.945 1003.543 1004.401 1003.750 1003.728
2005 1004.049 1004.677 1004.310 1003.640 1002.155 1001.573 1002.847 1002.895 1003.084 1003.590 1003.450 1003.130
2006 1003.899 1003.853 1003.034 1002.431 1002.668 1002.311 1002.759 1002.884 1003.646 1004.583 1003.198 1003.636
2007 1004.738 1003.985 1003.313 1002.943 1002.130 1000.824 1002.292 1002.370 1002.483 1002.971 1003.019 1002.710
2008 1003.446 1003.562 1002.535 1001.791 1002.284 1002.459 1002.201 1002.314 1003.279 1003.219 1002.481 1003.446
2009 1004.428 1003.321 1003.193 1002.463 1001.459 1002.371 1002.634 1002.640 1003.097 1003.553 1002.877 1003.692
2010 1004.645 1004.102 1003.975 1003.275 1001.062 1002.237 1002.224 1002.146 1002.512 1002.311 1002.200 1001.539
2011 1002.407 1002.684 1002.406 1002.594 1002.139 1001.619 1001.753 1002.417 1003.070 1002.617 1002.482 1002.489
2012 1003.153 1002.385 1003.018 1002.865 1001.656 1001.881 1001.889 1002.930 1003.510 1003.397 1003.011 1002.575
2013 1004.209 1003.252 1003.604 1002.287 1001.708 1001.047 1001.726 1002.424 1002.825 1003.792 1002.479 1003.056
2014 1004.713 1003.339 1003.731 1003.242 1002.318 1001.045 1002.301 1003.028 -999.999 -999.999 -999.999 -999.999