1948   23.330   22.839   23.677   23.655   25.071   26.078   26.368   26.780   26.494   26.134   25.418   24.402
1949   22.822   23.631   24.023   24.395   24.773   25.904   26.042   26.423   26.358   26.079   25.356   23.838
1950   23.192   23.066   23.945   24.070   24.936   25.601   25.913   26.477   26.506   26.535   25.587   24.891
1951   24.182   23.958   22.598   24.044   25.101   25.985   26.736   27.089   27.203   27.003   26.457   24.596
1952   22.954   23.796   24.335   24.587   25.101   26.161   26.465   27.214   27.179   26.455   25.881   25.295
1953   24.647   24.198   24.170   24.663   25.607   26.705   26.697   27.002   26.790   26.778   26.228   25.048
1954   23.998   23.553   23.264   23.954   24.367   25.818   26.140   26.884   26.950   26.778   26.215   24.932
1955   23.849   23.567   23.167   23.930   24.765   25.660   25.947   26.327   26.033   25.772   25.133   24.172
1956   22.855   22.923   23.611   23.716   24.769   25.691   26.138   26.640   26.630   26.256   25.304   24.156
1957   22.816   22.773   23.839   23.853   25.093   26.309   26.815   27.382   27.143   26.257   25.514   24.666
1958   23.400   22.930   23.038   23.921   24.608   25.757   26.231   26.765   27.082   26.687   25.366   24.876
1959   22.610   22.685   23.939   23.253   24.640   25.990   26.457   27.040   27.334   26.807   25.530   24.868
1960   24.169   23.881   24.333   24.512   25.302   26.461   26.496   27.094   27.064   26.338   26.052   25.102
1961   24.473   24.643   24.616   23.781   24.809   25.884   26.360   27.042   26.858   26.220   25.499   24.818
1962   24.080   23.963   23.653   24.526   25.244   26.272   26.889   27.008   27.187   26.469   25.612   24.509
1963   24.264   23.984   23.850   23.804   24.998   25.957   26.380   27.007   26.990   26.786   25.785   24.314
1964   24.234   24.081   24.128   23.490   24.744   26.091   26.281   26.562   26.371   26.117   25.468   23.629
1965   22.639   23.365   23.251   23.256   23.973   25.582   26.105   26.658   26.804   26.076   24.784   23.852
1966   23.583   22.709   23.401   23.759   24.552   26.119   26.847   27.015   27.232   26.466   24.965   24.430
1967   24.229   23.565   23.075   24.199   25.180   26.424   26.987   27.442   27.140   26.667   25.787   24.138
1968   23.210   22.573   22.921   23.730   25.074   26.330   26.703   27.329   27.426   26.654   25.999   24.514
1969   22.629   23.357   23.771   24.149   24.630   25.856   26.322   26.997   26.893   26.576   25.510   24.651
1970   24.078   23.807   24.599   24.870   25.051   26.158   26.425   26.563   26.786   26.446   25.349   24.975
1971   23.870   23.900   24.223   24.436   25.373   25.742   26.105   26.823   26.497   25.969   25.566   23.553
1972   22.867   22.953   23.046   22.988   24.758   25.834   26.565   26.577   26.990   26.180   25.409   23.546
1973   23.161   23.223   24.316   24.067   24.893   25.883   26.277   26.648   26.611   26.421   25.433   24.903
1974   24.425   24.312   24.170   24.502   25.336   26.313   26.768   27.029   27.000   26.808   26.164   25.200
1975   24.175   23.790   24.112   23.964   24.989   25.718   25.969   26.161   26.142   26.139   25.196   24.337
1976   23.535   23.355   23.532   23.932   24.745   25.616   26.261   26.509   26.437   26.113   25.210   24.749
1977   23.832   23.849   23.644   23.809   25.118   25.982   26.309   26.676   26.865   26.270   24.999   24.078
1978   23.983   23.822   24.009   24.554   24.882   25.848   26.291   26.894   26.928   26.412   25.139   24.126
1979   23.213   23.081   24.083   23.845   24.820   25.767   26.367   26.863   27.284   26.598   25.485   24.296
1980   22.719   22.817   24.020   24.283   24.872   25.916   26.660   26.974   27.176   26.727   25.865   24.439
1981   24.488   23.688   24.471   24.776   25.690   26.508   26.557   27.170   26.852   26.462   25.738   24.277
1982   22.901   23.348   23.379   23.626   24.794   25.354   26.295   26.909   26.858   26.423   25.064   22.932
1983   22.453   22.748   23.085   23.597   24.618   25.691   26.096   26.606   26.893   26.390   25.724   24.489
1984   24.562   24.560   24.382   24.904   26.131   26.249   27.087   27.217   27.405   26.216   25.809   24.262
1985   23.854   23.616   23.501   23.773   24.898   25.649   26.096   26.348   26.555   25.995   24.723   23.911
1986   24.106   23.585   23.944   24.007   24.172   25.637   26.286   27.021   26.560   26.346   25.247   24.891
1987   23.912   23.156   23.326   23.739   24.287   25.244   26.267   26.986   27.058   26.120   25.521   23.777
1988   23.637   23.764   24.094   24.539   25.100   26.319   26.527   26.908   26.647   26.494   25.723   24.820
1989   24.481   23.176   23.755   24.328   25.118   25.946   26.390   26.543   26.551   26.290   25.297   24.540
1990   23.844   23.050   24.022   23.997   24.768   25.736   25.903   26.567   26.712   26.090   25.561   24.547
1991   23.732   23.390   23.464   24.363   25.115   26.106   26.823   27.011   26.720   25.500   25.209   23.986
1992   23.072   23.156   23.292   23.906   24.116   25.955   26.361   26.681   26.992   26.539   24.176   22.878
1993   21.753   22.642   23.769   24.490   25.046   26.017   26.379   26.736   26.785   26.192   25.158   24.492
1994   23.640   23.685   23.527   24.363   25.292   26.057   26.375   27.076   26.911   25.958   25.029   25.137
1995   24.243   23.552   23.388   24.356   24.441   25.860   26.791   26.773   26.869   26.468   25.529   25.430
1996   24.014   23.634   23.593   24.649   25.510   26.570   26.644   27.341   27.057   26.502   25.080   23.941
1997   23.248   24.039   23.825   24.059   24.735   26.177   26.680   27.332   27.067   26.549   25.529   24.593
1998   23.444   23.749   24.445   24.498   24.770   26.487   26.400   26.369   26.498   26.110   25.791   25.171
1999   24.818   24.996   24.576   24.551   25.288   25.771   26.111   26.537   26.310   25.945   25.169   24.444
2000   24.459   24.875   24.657   25.102   25.784   26.061   26.648   26.858   26.884   26.132   25.468   24.791
2001   24.711   24.126   24.439   24.698   25.860   26.575   26.816   26.877   26.753   26.167   25.859   25.160
2002   24.129   24.381   23.626   23.335   24.772   26.336   26.819   26.994   27.057   26.514   25.736   24.773
2003   23.548   23.573   23.532   23.898   24.260   25.513   26.263   26.819   26.851   26.558   25.373   25.087
2004   23.620   23.712   23.617   24.451   24.984   25.807   26.993   27.402   27.205   26.365   25.509   24.311
2005   23.421   23.656   22.951   24.191   25.650   26.624   26.888   27.220   27.200   26.654   26.450   26.112
2006   25.400   23.901   22.867   24.732   25.255   26.180   26.594   27.491   27.089   26.163   25.383   25.073
2007   24.263   24.148   24.201   24.991   25.594   26.840   27.222   27.527   27.546   26.784   25.889   25.044
2008   24.519   24.705   25.121   24.958   25.876   26.277   26.504   26.956   27.367   26.517   25.952   23.736
2009   23.517   23.995   24.025   24.822   25.951   27.540   27.603   27.649   27.342   26.577   26.073   25.063
2010   24.197   23.420   23.730   24.367   25.243   26.267   26.554   26.760   26.773   26.544   25.840   24.640
2011   25.199   23.705   25.101   25.706   25.782   26.692   26.706   27.136   26.905   26.467   26.139   25.502
2012   24.956   24.583   24.433   24.909   25.815   26.634   26.690   27.682   27.308   27.094   26.365   24.848
2013   24.465   24.546   24.002   24.445   25.669   26.587   26.863   27.693   27.700   26.843   25.966   25.502
2014   24.240   22.931 -999.999 -999.999 -999.999 -999.999 -999.999 -999.999 -999.999 -999.999 -999.999 -999.999