816.235680020984
662.026198099257
696.885896183072
959.342836042958
662.026198099257
959.342836042958
696.885896183072
662.026198099257
696.885896183072
696.885896183072
959.342836042958
959.342836042958
959.342836042958
959.342836042958
696.885896183072
959.342836042958
696.885896183072
959.342836042958
959.342836042958
662.026198099257
959.342836042958
959.342836042958
690.710953201
959.342836042958
662.026198099257
959.342836042958
696.885896183072
959.342836042958
696.885896183072
696.885896183072
959.342836042958
799.048602134473
959.342836042958
696.885896183072
959.342836042958
959.342836042958
799.048602134473
696.885896183072
816.235680020984
816.235680020984
662.026198099257
959.342836042958
799.048602134473
959.342836042958
662.026198099257
696.885896183072
959.342836042958
959.342836042958
959.342836042958
696.885896183072
696.885896183072
959.342836042958
959.342836042958
959.342836042958
799.048602134473
959.342836042958
696.885896183072
799.048602134473
696.885896183072
959.342836042958
959.342836042958
959.342836042958
959.342836042958
959.342836042958
959.342836042958
959.342836042958
696.885896183072
959.342836042958
662.026198099257
696.885896183072
959.342836042958
959.342836042958
662.026198099257
662.026198099257
690.710953201
959.342836042958
959.342836042958
662.026198099257
959.342836042958
959.342836042958
696.885896183072
816.235680020984
696.885896183072
690.710953201
959.342836042958
816.235680020984
696.885896183072
959.342836042958
696.885896183072
959.342836042958
696.885896183072
959.342836042958
959.342836042958
959.342836042958
959.342836042958
696.885896183072
959.342836042958
799.048602134473
662.026198099257
959.342836042958
696.885896183072
959.342836042958
696.885896183072
696.885896183072
696.885896183072
959.342836042958
816.235680020984
799.048602134473
799.048602134473
959.342836042958
696.885896183072
816.235680020984
662.026198099257
959.342836042958
959.342836042958
662.026198099257
959.342836042958
959.342836042958
816.235680020984
816.235680020984
959.342836042958
696.885896183072
816.235680020984
959.342836042958
696.885896183072
959.342836042958
696.885896183072
696.885896183072
696.885896183072
662.026198099257
959.342836042958
959.342836042958
690.710953201
696.885896183072
816.235680020984
662.026198099257
959.342836042958
959.342836042958
959.342836042958
696.885896183072
959.342836042958
690.710953201
959.342836042958
959.342836042958
959.342836042958
696.885896183072
959.342836042958
959.342836042958
799.048602134473
959.342836042958
959.342836042958
696.885896183072
696.885896183072
959.342836042958
662.026198099257
959.342836042958
816.235680020984
816.235680020984
799.048602134473
696.885896183072
816.235680020984
959.342836042958
816.235680020984
690.710953201
959.342836042958
959.342836042958
696.885896183072
690.710953201
690.710953201
696.885896183072
696.885896183072
959.342836042958
799.048602134473
816.235680020984
959.342836042958
696.885896183072
959.342836042958
959.342836042958
816.235680020984
696.885896183072
959.342836042958
690.710953201
959.342836042958
959.342836042958
696.885896183072
696.885896183072
959.342836042958
959.342836042958
959.342836042958
959.342836042958
662.026198099257
696.885896183072
816.235680020984
959.342836042958
816.235680020984
959.342836042958
662.026198099257
696.885896183072
959.342836042958
816.235680020984
696.885896183072
696.885896183072
662.026198099257
959.342836042958
696.885896183072
959.342836042958
959.342836042958
799.048602134473
662.026198099257
816.235680020984
696.885896183072
662.026198099257
696.885896183072
696.885896183072
959.342836042958
696.885896183072
816.235680020984
662.026198099257
816.235680020984
959.342836042958
959.342836042958
959.342836042958
696.885896183072
959.342836042958
959.342836042958
959.342836042958
959.342836042958
799.048602134473
696.885896183072
816.235680020984
799.048602134473
816.235680020984
816.235680020984
959.342836042958
959.342836042958
662.026198099257
959.342836042958
799.048602134473
959.342836042958
959.342836042958
959.342836042958
959.342836042958
959.342836042958
690.710953201
959.342836042958
816.235680020984
696.885896183072
959.342836042958
662.026198099257
959.342836042958
816.235680020984
696.885896183072
959.342836042958
696.885896183072
959.342836042958
690.710953201
799.048602134473
959.342836042958
959.342836042958
959.342836042958
799.048602134473
662.026198099257
662.026198099257
662.026198099257
959.342836042958
959.342836042958
959.342836042958
690.710953201
959.342836042958
816.235680020984
662.026198099257
696.885896183072
816.235680020984
799.048602134473
959.342836042958
690.710953201
959.342836042958
959.342836042958
816.235680020984
696.885896183072
816.235680020984
816.235680020984
959.342836042958
696.885896183072
959.342836042958
959.342836042958
662.026198099257
690.710953201
816.235680020984
799.048602134473
959.342836042958
959.342836042958
662.026198099257
662.026198099257
696.885896183072
696.885896183072
816.235680020984
799.048602134473
959.342836042958
799.048602134473
