14439.9656121649
14439.9656121649
14439.9656121649
14439.9656121649
14439.9656121649
14370.9421916588
14439.9656121649
14439.9656121649
14439.9656121649
14453.563033784
14439.9656121649
14434.7742001883
14453.563033784
14503.5805017493
14439.9656121649
14453.563033784
14434.7742001883
14434.7742001883
14439.9656121649
14439.9656121649
14434.7742001883
14439.9656121649
14439.9656121649
14439.9656121649
14439.9656121649
14439.9656121649
14434.7742001883
14439.9656121649
14439.9656121649
14439.9656121649
14494.5326110269
14434.7742001883
14494.5326110269
14439.9656121649
14434.7742001883
14453.563033784
14439.9656121649
14453.563033784
14494.5326110269
14453.563033784
14434.7742001883
14439.9656121649
14439.9656121649
14439.9656121649
14494.5326110269
14439.9656121649
14494.5326110269
14439.9656121649
14439.9656121649
14439.9656121649
14439.9656121649
14439.9656121649
14370.9421916588
14439.9656121649
14439.9656121649
14453.563033784
14434.7742001883
14439.9656121649
14439.9656121649
14370.9421916588
14439.9656121649
14439.9656121649
14439.9656121649
14439.9656121649
14439.9656121649
14434.7742001883
14453.563033784
14453.563033784
14453.563033784
14439.9656121649
14370.9421916588
14494.5326110269
14503.5805017493
14434.7742001883
14453.563033784
14494.5326110269
14434.7742001883
14370.9421916588
14434.7742001883
14494.5326110269
14439.9656121649
14439.9656121649
14434.7742001883
14503.5805017493
14453.563033784
14439.9656121649
14434.7742001883
14439.9656121649
14494.5326110269
14439.9656121649
14439.9656121649
14370.9421916588
14439.9656121649
14453.563033784
14453.563033784
14434.7742001883
14434.7742001883
14494.5326110269
14439.9656121649
14439.9656121649
14453.563033784
14434.7742001883
14439.9656121649
14494.5326110269
14434.7742001883
14439.9656121649
14434.7742001883
14370.9421916588
14434.7742001883
14453.563033784
14494.5326110269
14439.9656121649
14370.9421916588
14453.563033784
14439.9656121649
14439.9656121649
14439.9656121649
14439.9656121649
14434.7742001883
14434.7742001883
14439.9656121649
14434.7742001883
14439.9656121649
14439.9656121649
14439.9656121649
14453.563033784
14439.9656121649
14370.9421916588
14494.5326110269
14494.5326110269
14439.9656121649
14434.7742001883
14434.7742001883
14439.9656121649
14494.5326110269
14439.9656121649
14439.9656121649
14439.9656121649
14494.5326110269
14494.5326110269
14434.7742001883
14439.9656121649
14434.7742001883
14434.7742001883
14439.9656121649
14494.5326110269
14453.563033784
14494.5326110269
14439.9656121649
14434.7742001883
14439.9656121649
14494.5326110269
14503.5805017493
14434.7742001883
14439.9656121649
14439.9656121649
14439.9656121649
14453.563033784
14434.7742001883
14439.9656121649
14439.9656121649
14453.563033784
14439.9656121649
14439.9656121649
14439.9656121649
14503.5805017493
14434.7742001883
14439.9656121649
14494.5326110269
14494.5326110269
14494.5326110269
14439.9656121649
14494.5326110269
14453.563033784
14503.5805017493
14494.5326110269
14439.9656121649
14439.9656121649
14439.9656121649
14494.5326110269
14439.9656121649
14439.9656121649
14439.9656121649
14439.9656121649
14439.9656121649
14503.5805017493
14453.563033784
14370.9421916588
14439.9656121649
14434.7742001883
14439.9656121649
14494.5326110269
14503.5805017493
14439.9656121649
14434.7742001883
14434.7742001883
14439.9656121649
14439.9656121649
14439.9656121649
14503.5805017493
14439.9656121649
14439.9656121649
14434.7742001883
14434.7742001883
14439.9656121649
14439.9656121649
14453.563033784
14453.563033784
14439.9656121649
14439.9656121649
14439.9656121649
14494.5326110269
14439.9656121649
14439.9656121649
14434.7742001883
14439.9656121649
14439.9656121649
14439.9656121649
14439.9656121649
14439.9656121649
14434.7742001883
14434.7742001883
14494.5326110269
14453.563033784
14439.9656121649
14434.7742001883
14439.9656121649
14370.9421916588
14503.5805017493
14434.7742001883
14439.9656121649
14434.7742001883
14370.9421916588
14494.5326110269
14453.563033784
14503.5805017493
14439.9656121649
14439.9656121649
14439.9656121649
14370.9421916588
14370.9421916588
14439.9656121649
14439.9656121649
14439.9656121649
14494.5326110269
14439.9656121649
14494.5326110269
14439.9656121649
14439.9656121649
14439.9656121649
14439.9656121649
14439.9656121649
14453.563033784
14453.563033784
14370.9421916588
14439.9656121649
14434.7742001883
14434.7742001883
14439.9656121649
14494.5326110269
14439.9656121649
14434.7742001883
14453.563033784
14503.5805017493
14494.5326110269
14439.9656121649
14494.5326110269
14439.9656121649
14434.7742001883
14439.9656121649
14494.5326110269
14453.563033784
14434.7742001883
14439.9656121649
14453.563033784
14453.563033784
14503.5805017493
14453.563033784
14439.9656121649
14503.5805017493
14503.5805017493
14370.9421916588
14434.7742001883
14439.9656121649
14439.9656121649
14439.9656121649
14370.9421916588
14439.9656121649
14453.563033784
14453.563033784
14434.7742001883
14439.9656121649
14434.7742001883
14453.563033784
14439.9656121649
14439.9656121649
14439.9656121649
14439.9656121649
14439.9656121649
14434.7742001883
