113.588644458005
179.748405412675
283.951166440251
129.52600394591
128.405942034729
133.13
129.52600394591
179.748405412675
113.588644458005
113.588644458005
113.588644458005
283.951166440251
133.13
133.13
179.748405412675
128.405942034729
128.405942034729
283.951166440251
179.748405412675
283.951166440251
179.748405412675
283.951166440251
179.748405412675
179.748405412675
133.13
129.52600394591
133.13
179.748405412675
179.748405412675
179.748405412675
133.13
133.13
179.748405412675
128.405942034729
133.13
179.748405412675
133.13
128.405942034729
133.13
129.52600394591
179.748405412675
179.748405412675
179.748405412675
179.748405412675
133.13
133.13
133.13
283.951166440251
179.748405412675
179.748405412675
133.13
129.52600394591
283.951166440251
179.748405412675
133.13
133.13
133.13
133.13
179.748405412675
133.13
113.588644458005
133.13
133.13
128.405942034729
113.588644458005
133.13
133.13
133.13
283.951166440251
128.405942034729
179.748405412675
133.13
113.588644458005
133.13
133.13
179.748405412675
283.951166440251
179.748405412675
179.748405412675
179.748405412675
128.405942034729
128.405942034729
179.748405412675
133.13
113.588644458005
113.588644458005
179.748405412675
133.13
283.951166440251
128.405942034729
113.588644458005
133.13
283.951166440251
113.588644458005
133.13
129.52600394591
133.13
133.13
133.13
283.951166440251
179.748405412675
128.405942034729
133.13
133.13
128.405942034729
133.13
128.405942034729
179.748405412675
133.13
179.748405412675
283.951166440251
133.13
179.748405412675
133.13
179.748405412675
133.13
133.13
179.748405412675
133.13
133.13
133.13
129.52600394591
133.13
133.13
133.13
113.588644458005
128.405942034729
283.951166440251
283.951166440251
128.405942034729
133.13
283.951166440251
283.951166440251
179.748405412675
128.405942034729
133.13
283.951166440251
113.588644458005
179.748405412675
133.13
133.13
179.748405412675
179.748405412675
133.13
128.405942034729
283.951166440251
133.13
133.13
129.52600394591
283.951166440251
133.13
133.13
133.13
133.13
179.748405412675
133.13
283.951166440251
133.13
129.52600394591
133.13
283.951166440251
179.748405412675
283.951166440251
133.13
133.13
179.748405412675
133.13
179.748405412675
113.588644458005
133.13
179.748405412675
179.748405412675
133.13
283.951166440251
133.13
133.13
128.405942034729
133.13
128.405942034729
283.951166440251
133.13
113.588644458005
129.52600394591
128.405942034729
283.951166440251
133.13
179.748405412675
133.13
133.13
179.748405412675
113.588644458005
128.405942034729
179.748405412675
179.748405412675
179.748405412675
133.13
113.588644458005
283.951166440251
283.951166440251
133.13
133.13
179.748405412675
128.405942034729
133.13
133.13
179.748405412675
179.748405412675
133.13
129.52600394591
128.405942034729
133.13
179.748405412675
283.951166440251
179.748405412675
128.405942034729
128.405942034729
179.748405412675
179.748405412675
283.951166440251
128.405942034729
113.588644458005
133.13
133.13
283.951166440251
133.13
113.588644458005
128.405942034729
133.13
113.588644458005
133.13
283.951166440251
133.13
133.13
133.13
133.13
133.13
179.748405412675
179.748405412675
133.13
133.13
133.13
133.13
133.13
179.748405412675
179.748405412675
133.13
133.13
283.951166440251
129.52600394591
283.951166440251
128.405942034729
128.405942034729
179.748405412675
283.951166440251
133.13
179.748405412675
129.52600394591
179.748405412675
129.52600394591
179.748405412675
133.13
133.13
133.13
113.588644458005
133.13
133.13
133.13
133.13
129.52600394591
113.588644458005
129.52600394591
179.748405412675
179.748405412675
113.588644458005
283.951166440251
283.951166440251
283.951166440251
283.951166440251
113.588644458005
133.13
179.748405412675
133.13
128.405942034729
179.748405412675
113.588644458005
133.13
179.748405412675
133.13
179.748405412675
128.405942034729
113.588644458005
133.13
179.748405412675
283.951166440251
133.13
283.951166440251
128.405942034729
283.951166440251
133.13
133.13
