133.13
128.405942113967
133.13
179.748405503113
133.13
133.13
133.13
133.13
133.13
133.13
113.588644549624
283.951166531921
133.13
133.13
179.748405503113
133.13
113.588644549624
113.588644549624
179.748405503113
179.748405503113
113.588644549624
133.13
283.951166531921
133.13
133.13
133.13
283.951166531921
129.526004022991
133.13
283.951166531921
283.951166531921
283.951166531921
133.13
133.13
133.13
133.13
128.405942113967
133.13
113.588644549624
133.13
129.526004022991
113.588644549624
179.748405503113
133.13
133.13
133.13
129.526004022991
133.13
128.405942113967
133.13
133.13
133.13
129.526004022991
179.748405503113
133.13
283.951166531921
113.588644549624
128.405942113967
179.748405503113
133.13
179.748405503113
283.951166531921
133.13
283.951166531921
128.405942113967
283.951166531921
128.405942113967
179.748405503113
133.13
133.13
179.748405503113
133.13
179.748405503113
179.748405503113
128.405942113967
113.588644549624
283.951166531921
128.405942113967
133.13
129.526004022991
133.13
179.748405503113
283.951166531921
128.405942113967
179.748405503113
133.13
283.951166531921
129.526004022991
283.951166531921
283.951166531921
133.13
133.13
133.13
179.748405503113
113.588644549624
283.951166531921
179.748405503113
133.13
128.405942113967
129.526004022991
133.13
133.13
283.951166531921
133.13
133.13
129.526004022991
179.748405503113
133.13
283.951166531921
179.748405503113
128.405942113967
179.748405503113
128.405942113967
179.748405503113
283.951166531921
113.588644549624
133.13
283.951166531921
179.748405503113
133.13
133.13
283.951166531921
133.13
128.405942113967
179.748405503113
283.951166531921
133.13
179.748405503113
283.951166531921
129.526004022991
179.748405503113
179.748405503113
283.951166531921
283.951166531921
133.13
113.588644549624
113.588644549624
283.951166531921
133.13
129.526004022991
133.13
113.588644549624
179.748405503113
128.405942113967
128.405942113967
133.13
113.588644549624
113.588644549624
133.13
133.13
133.13
179.748405503113
283.951166531921
283.951166531921
179.748405503113
133.13
113.588644549624
283.951166531921
179.748405503113
113.588644549624
283.951166531921
283.951166531921
133.13
283.951166531921
179.748405503113
179.748405503113
133.13
133.13
133.13
283.951166531921
179.748405503113
133.13
133.13
128.405942113967
128.405942113967
133.13
283.951166531921
113.588644549624
283.951166531921
128.405942113967
129.526004022991
133.13
129.526004022991
283.951166531921
133.13
133.13
133.13
283.951166531921
179.748405503113
179.748405503113
179.748405503113
179.748405503113
128.405942113967
179.748405503113
179.748405503113
179.748405503113
113.588644549624
128.405942113967
128.405942113967
133.13
133.13
133.13
179.748405503113
133.13
133.13
128.405942113967
113.588644549624
133.13
179.748405503113
133.13
133.13
283.951166531921
133.13
283.951166531921
113.588644549624
133.13
179.748405503113
179.748405503113
133.13
128.405942113967
128.405942113967
133.13
113.588644549624
133.13
113.588644549624
128.405942113967
133.13
113.588644549624
133.13
113.588644549624
128.405942113967
133.13
179.748405503113
113.588644549624
179.748405503113
133.13
113.588644549624
133.13
128.405942113967
133.13
128.405942113967
113.588644549624
133.13
283.951166531921
133.13
179.748405503113
179.748405503113
133.13
113.588644549624
179.748405503113
283.951166531921
283.951166531921
113.588644549624
133.13
133.13
133.13
283.951166531921
129.526004022991
179.748405503113
133.13
129.526004022991
128.405942113967
179.748405503113
133.13
133.13
179.748405503113
133.13
128.405942113967
129.526004022991
283.951166531921
179.748405503113
179.748405503113
133.13
128.405942113967
129.526004022991
113.588644549624
179.748405503113
133.13
133.13
283.951166531921
128.405942113967
133.13
113.588644549624
133.13
133.13
128.405942113967
133.13
179.748405503113
133.13
113.588644549624
179.748405503113
113.588644549624
113.588644549624
133.13
128.405942113967
179.748405503113
133.13
179.748405503113
283.951166531921
128.405942113967
