1010.64633333333 1011.091 1012.191 1012.31833333333 1012.32266666667 1011.74833333333 1011.40166666667 1010.65233333333 1010.59966666667 1009.29466666667 1010.008 1010.43833333333 1012.01733333333 1012.23533333333 1012.998 1013.89766666667 1014.13233333333 1013.46266666667 1012.424 1011.22433333333 1010.221 1009.30533333333 1008.89033333333 1009.838 1011.356 1013.18666666667 1014.357
1012.01733333333 1012.23533333333 1012.998 1013.89766666667 1014.13233333333 1013.46266666667 1012.424 1011.22433333333 1010.221 1009.30533333333 1008.89033333333 1009.838 1011.356 1013.18666666667 1014.357 1014.573 1014.346 1013.059 1012.17466666667 1010.38466666667 1009.91466666667 1009.311 1009.80033333333 1009.661 1010.992 1012.39033333333 1013.652
1011.356 1013.18666666667 1014.357 1014.573 1014.346 1013.059 1012.17466666667 1010.38466666667 1009.91466666667 1009.311 1009.80033333333 1009.661 1010.992 1012.39033333333 1013.652 1013.615 1013.64666666667 1013.35766666667 1013.009 1012.323 1011.31133333333 1010.42466666667 1009.71633333333 1010.381 1011.19433333333 1012.478 1013.517
1010.992 1012.39033333333 1013.652 1013.615 1013.64666666667 1013.35766666667 1013.009 1012.323 1011.31133333333 1010.42466666667 1009.71633333333 1010.381 1011.19433333333 1012.478 1013.517 1014.20433333333 1014.18033333333 1013.34633333333 1012.80966666667 1012.046 1011.35133333333 1009.707 1009.49866666667 1010.01766666667 1011.18266666667 1011.907 1012.60933333333
1011.19433333333 1012.478 1013.517 1014.20433333333 1014.18033333333 1013.34633333333 1012.80966666667 1012.046 1011.35133333333 1009.707 1009.49866666667 1010.01766666667 1011.18266666667 1011.907 1012.60933333333 1013.86533333333 1013.97933333333 1013.42033333333 1012.325 1011.33266666667 1009.553 1009.09233333333 1009.121 1010.54566666667 1010.88133333333 1011.72266666667 1012.61766666667
1011.18266666667 1011.907 1012.60933333333 1013.86533333333 1013.97933333333 1013.42033333333 1012.325 1011.33266666667 1009.553 1009.09233333333 1009.121 1010.54566666667 1010.88133333333 1011.72266666667 1012.61766666667 1013.23 1013.38366666667 1013.09433333333 1012.327 1010.72366666667 1009.624 1009.02733333333 1009.30066666667 1010.59066666667 1012.50233333333 1014.98433333333 1016.13966666667
1010.88133333333 1011.72266666667 1012.61766666667 1013.23 1013.38366666667 1013.09433333333 1012.327 1010.72366666667 1009.624 1009.02733333333 1009.30066666667 1010.59066666667 1012.50233333333 1014.98433333333 1016.13966666667 1016.66266666667 1016.07233333333 1015.20566666667 1013.94033333333 1012.902 1011.91533333333 1011.35466666667 1011.141 1011.22533333333 1011.68233333333 1012.24766666667 1012.49
1012.50233333333 1014.98433333333 1016.13966666667 1016.66266666667 1016.07233333333 1015.20566666667 1013.94033333333 1012.902 1011.91533333333 1011.35466666667 1011.141 1011.22533333333 1011.68233333333 1012.24766666667 1012.49 1012.95633333333 1012.82833333333 1012.568 1011.64766666667 1010.34033333333 1009.65733333333 1009.21533333333 1009.09833333333 1009.72366666667 1010.021 1011.24766666667 1011.57433333333
1011.68233333333 1012.24766666667 1012.49 1012.95633333333 1012.82833333333 1012.568 1011.64766666667 1010.34033333333 1009.65733333333 1009.21533333333 1009.09833333333 1009.72366666667 1010.021 1011.24766666667 1011.57433333333 1012.58033333333 1012.024 1011.321 1010.26733333333 1010.19366666667 1009.78 1009.88866666667 1010.48733333333 1011.351 1011.68933333333 1011.962 1012.17933333333
1010.021 1011.24766666667 1011.57433333333 1012.58033333333 1012.024 1011.321 1010.26733333333 1010.19366666667 1009.78 1009.88866666667 1010.48733333333 1011.351 1011.68933333333 1011.962 1012.17933333333 1012.76866666667 1012.86766666667 1012.317 1011.22666666667 1010.316 1008.22766666667 1007.775 1008.44633333333 1011.345 1012.20066666667 1012.97666666667 1013.73533333333
1011.68933333333 1011.962 1012.17933333333 1012.76866666667 1012.86766666667 1012.317 1011.22666666667 1010.316 1008.22766666667 1007.775 1008.44633333333 1011.345 1012.20066666667 1012.97666666667 1013.73533333333 1015.11966666667 1015.009 1014.332 1013.07533333333 1012.214 1011.51533333333 1010.27433333333 1010.18133333333 1010.544 1012.35933333333 1013.17166666667 1013.79566666667
1012.20066666667 1012.97666666667 1013.73533333333 1015.11966666667 1015.009 1014.332 1013.07533333333 1012.214 1011.51533333333 1010.27433333333 1010.18133333333 1010.544 1012.35933333333 1013.17166666667 1013.79566666667 1013.75366666667 1013.638 1012.924 1012.431 1011.342 1011.29266666667 1010.31066666667 1010.19566666667 1010.124 1011.08566666667 1011.93733333333 1012.32166666667
1012.35933333333 1013.17166666667 1013.79566666667 1013.75366666667 1013.638 1012.924 1012.431 1011.342 1011.29266666667 1010.31066666667 1010.19566666667 1010.124 1011.08566666667 1011.93733333333 1012.32166666667 1012.227 1011.664 1011.56333333333 1011.52366666667 1011.42366666667 1010.01966666667 1009.37366666667 1008.997 1009.827 1010.602 1011.87366666667 1013.647
1011.08566666667 1011.93733333333 1012.32166666667 1012.227 1011.664 1011.56333333333 1011.52366666667 1011.42366666667 1010.01966666667 1009.37366666667 1008.997 1009.827 1010.602 1011.87366666667 1013.647 1014.41566666667 1014.293 1012.89033333333 1011.87666666667 1010.508 1009.34233333333 1008.93733333333 1009.61133333333 1010.40966666667 1011.26433333333 1012.513 1013.89533333333
1010.602 1011.87366666667 1013.647 1014.41566666667 1014.293 1012.89033333333 1011.87666666667 1010.508 1009.34233333333 1008.93733333333 1009.61133333333 1010.40966666667 1011.26433333333 1012.513 1013.89533333333 1014.39566666667 1014.02966666667 1013.18566666667 1012.28933333333 1011.61233333333 1009.62733333333 1009.01833333333 1008.41133333333 1009.95033333333 1011.278 1013.23933333333 1014.68766666667
1011.26433333333 1012.513 1013.89533333333 1014.39566666667 1014.02966666667 1013.18566666667 1012.28933333333 1011.61233333333 1009.62733333333 1009.01833333333 1008.41133333333 1009.95033333333 1011.278 1013.23933333333 1014.68766666667 1015.78066666667 1015.22766666667 1014.17666666667 1012.50766666667 1011.98333333333 1010.86766666667 1009.343 1008.34833333333 1008.862 1011.39233333333 1013.182 1014.677
1011.278 1013.23933333333 1014.68766666667 1015.78066666667 1015.22766666667 1014.17666666667 1012.50766666667 1011.98333333333 1010.86766666667 1009.343 1008.34833333333 1008.862 1011.39233333333 1013.182 1014.677 1014.40966666667 1014.22533333333 1013.53666666667 1012.894 1011.88766666667 1010.86233333333 1010.27766666667 1010.16966666667 1010.839 1011.56166666667 1012.286 1012.63666666667
1011.39233333333 1013.182 1014.677 1014.40966666667 1014.22533333333 1013.53666666667 1012.894 1011.88766666667 1010.86233333333 1010.27766666667 1010.16966666667 1010.839 1011.56166666667 1012.286 1012.63666666667 1013.18433333333 1013.11933333333 1012.75266666667 1011.79933333333 1010.33733333333 1009.438 1008.175 1008.611 1009.769 1011.851 1013.60833333333 1014.27966666667
1011.56166666667 1012.286 1012.63666666667 1013.18433333333 1013.11933333333 1012.75266666667 1011.79933333333 1010.33733333333 1009.438 1008.175 1008.611 1009.769 1011.851 1013.60833333333 1014.27966666667 1014.43733333333 1014.17233333333 1013.521 1012.96333333333 1012.188 1011.67633333333 1010.908 1010.25933333333 1010.444 1011.31833333333 1012.42133333333 1012.95366666667
1011.851 1013.60833333333 1014.27966666667 1014.43733333333 1014.17233333333 1013.521 1012.96333333333 1012.188 1011.67633333333 1010.908 1010.25933333333 1010.444 1011.31833333333 1012.42133333333 1012.95366666667 1013.196 1012.92433333333 1012.607 1012.17766666667 1011.30233333333 1010.61466666667 1009.186 1009.66266666667 1009.67866666667 1010.13866666667 1010.63266666667 1011.57466666667
1011.31833333333 1012.42133333333 1012.95366666667 1013.196 1012.92433333333 1012.607 1012.17766666667 1011.30233333333 1010.61466666667 1009.186 1009.66266666667 1009.67866666667 1010.13866666667 1010.63266666667 1011.57466666667 1013.024 1013.051 1012.521 1011.68833333333 1010.73666666667 1009.481 1008.886 1009.84066666667 1011.85866666667 1013.33533333333 1014.495 1015.57833333333
1010.13866666667 1010.63266666667 1011.57466666667 1013.024 1013.051 1012.521 1011.68833333333 1010.73666666667 1009.481 1008.886 1009.84066666667 1011.85866666667 1013.33533333333 1014.495 1015.57833333333 1016.25366666667 1016.26033333333 1015.32866666667 1014.37833333333 1012.84133333333 1011.98666666667 1010.98433333333 1011.18266666667 1011.30333333333 1012.027 1012.04366666667 1012.249
1013.33533333333 1014.495 1015.57833333333 1016.25366666667 1016.26033333333 1015.32866666667 1014.37833333333 1012.84133333333 1011.98666666667 1010.98433333333 1011.18266666667 1011.30333333333 1012.027 1012.04366666667 1012.249 1011.93233333333 1011.856 1011.75033333333 1012.09433333333 1011.59 1011.31933333333 1010.96133333333 1011.51266666667 1010.90733333333 1011.38233333333 1011.42866666667 1012.37866666667
1012.027 1012.04366666667 1012.249 1011.93233333333 1011.856 1011.75033333333 1012.09433333333 1011.59 1011.31933333333 1010.96133333333 1011.51266666667 1010.90733333333 1011.38233333333 1011.42866666667 1012.37866666667 1012.47166666667 1012.55366666667 1011.96566666667 1011.52066666667 1010.81466666667 1010.41266666667 1009.664 1009.89066666667 1010.55466666667 1011.354 1012.00733333333 1012.25133333333
1011.38233333333 1011.42866666667 1012.37866666667 1012.47166666667 1012.55366666667 1011.96566666667 1011.52066666667 1010.81466666667 1010.41266666667 1009.664 1009.89066666667 1010.55466666667 1011.354 1012.00733333333 1012.25133333333 1012.592 1012.56133333333 1012.43266666667 1011.51533333333 1010.349 1008.44 1008.22566666667 1008.504 1010.05666666667 1011.35533333333 1012.71733333333 1013.808
1011.354 1012.00733333333 1012.25133333333 1012.592 1012.56133333333 1012.43266666667 1011.51533333333 1010.349 1008.44 1008.22566666667 1008.504 1010.05666666667 1011.35533333333 1012.71733333333 1013.808 1013.86966666667 1013.24866666667 1012.247 1011.59233333333 1010.354 1009.168 1008.109 1008.43066666667 1009.85166666667 1011.524 1013.02933333333 1013.84333333333
1011.35533333333 1012.71733333333 1013.808 1013.86966666667 1013.24866666667 1012.247 1011.59233333333 1010.354 1009.168 1008.109 1008.43066666667 1009.85166666667 1011.524 1013.02933333333 1013.84333333333 1014.00666666667 1013.54333333333 1012.249 1011.57 1011.008 1011.03366666667 1010.22066666667 1009.55033333333 1009.887 1010.86033333333 1012.60166666667 1013.23533333333
1011.524 1013.02933333333 1013.84333333333 1014.00666666667 1013.54333333333 1012.249 1011.57 1011.008 1011.03366666667 1010.22066666667 1009.55033333333 1009.887 1010.86033333333 1012.60166666667 1013.23533333333 1013.33 1012.405 1012.17033333333 1010.656 1010.324 1008.301 1009.04733333333 1008.55633333333 1009.888 1010.187 1011.10533333333 1012.54666666667
1010.86033333333 1012.60166666667 1013.23533333333 1013.33 1012.405 1012.17033333333 1010.656 1010.324 1008.301 1009.04733333333 1008.55633333333 1009.888 1010.187 1011.10533333333 1012.54666666667 1013.53533333333 1013.931 1012.77966666667 1011.953 1011.06633333333 1010.46633333333 1009.70633333333 1010.05233333333 1010.84133333333 1011.99933333333 1012.60466666667 1013.41066666667
1010.187 1011.10533333333 1012.54666666667 1013.53533333333 1013.931 1012.77966666667 1011.953 1011.06633333333 1010.46633333333 1009.70633333333 1010.05233333333 1010.84133333333 1011.99933333333 1012.60466666667 1013.41066666667 1013.3 1013.12133333333 1012.49233333333 1012.36566666667 1011.94366666667 1010.39766666667 1009.433 1008.64066666667 1010.28133333333 1011.615 1013.57833333333 1013.78066666667
1011.99933333333 1012.60466666667 1013.41066666667 1013.3 1013.12133333333 1012.49233333333 1012.36566666667 1011.94366666667 1010.39766666667 1009.433 1008.64066666667 1010.28133333333 1011.615 1013.57833333333 1013.78066666667 1013.72 1013.03966666667 1012.677 1011.85466666667 1010.89533333333 1010.05933333333 1009.62966666667 1009.737 1009.775 1010.673 1011.58233333333 1012.58733333333
1011.615 1013.57833333333 1013.78066666667 1013.72 1013.03966666667 1012.677 1011.85466666667 1010.89533333333 1010.05933333333 1009.62966666667 1009.737 1009.775 1010.673 1011.58233333333 1012.58733333333 1012.86233333333 1012.556 1012.169 1011.854 1011.26266666667 1010.90466666667 1010.616 1011.24933333333 1011.97333333333 1012.24 1012.59466666667 1012.81933333333
1010.673 1011.58233333333 1012.58733333333 1012.86233333333 1012.556 1012.169 1011.854 1011.26266666667 1010.90466666667 1010.616 1011.24933333333 1011.97333333333 1012.24 1012.59466666667 1012.81933333333 1013.24833333333 1013.011 1012.12933333333 1011.56866666667 1010.49466666667 1009.565 1008.33933333333 1008.774 1009.62 1010.83533333333 1012.17433333333 1013.71933333333
1012.24 1012.59466666667 1012.81933333333 1013.24833333333 1013.011 1012.12933333333 1011.56866666667 1010.49466666667 1009.565 1008.33933333333 1008.774 1009.62 1010.83533333333 1012.17433333333 1013.71933333333 1014.90266666667 1015.048 1013.953 1013.128 1012.34666666667 1012.27766666667 1012.01 1011.35633333333 1011.436 1010.70366666667 1011.047 1011.043
1010.83533333333 1012.17433333333 1013.71933333333 1014.90266666667 1015.048 1013.953 1013.128 1012.34666666667 1012.27766666667 1012.01 1011.35633333333 1011.436 1010.70366666667 1011.047 1011.043 1011.91666666667 1011.84633333333 1011.93766666667 1011.88333333333 1011.12966666667 1009.987 1009.272 1010.07266666667 1011.14666666667 1011.99166666667 1012.427 1012.75133333333
1010.70366666667 1011.047 1011.043 1011.91666666667 1011.84633333333 1011.93766666667 1011.88333333333 1011.12966666667 1009.987 1009.272 1010.07266666667 1011.14666666667 1011.99166666667 1012.427 1012.75133333333 1012.95366666667 1012.94033333333 1012.05166666667 1011.457 1010.258 1009.90566666667 1009.47166666667 1009.57366666667 1010.51133333333 1011.462 1012.851 1013.59733333333
1011.99166666667 1012.427 1012.75133333333 1012.95366666667 1012.94033333333 1012.05166666667 1011.457 1010.258 1009.90566666667 1009.47166666667 1009.57366666667 1010.51133333333 1011.462 1012.851 1013.59733333333 1013.83733333333 1013.34633333333 1012.501 1011.767 1011.10833333333 1010.73333333333 1009.38366666667 1008.65966666667 1009.27233333333 1010.90066666667 1012.15333333333 1012.016
