26.319 26.3023333333333 26.2783333333333 26.387 26.5823333333333 26.3626666666667 25.7653333333333 24.955 24.5393333333333 24.398 24.7326666666667 25.2613333333333 25.844 26.2323333333333 26.4846666666667 26.6196666666667 26.7753333333333 26.6916666666667 26.411 25.6386666666667 24.8703333333333 24.4523333333333 24.733 25.4086666666667 26.1193333333333 26.691 26.939
25.844 26.2323333333333 26.4846666666667 26.6196666666667 26.7753333333333 26.6916666666667 26.411 25.6386666666667 24.8703333333333 24.4523333333333 24.733 25.4086666666667 26.1193333333333 26.691 26.939 27.229 27.1626666666667 27.164 26.6286666666667 26.0503333333333 25.4256666666667 25.2313333333333 25.4523333333333 26.022 26.5586666666667 26.7633333333333 26.821
26.1193333333333 26.691 26.939 27.229 27.1626666666667 27.164 26.6286666666667 26.0503333333333 25.4256666666667 25.2313333333333 25.4523333333333 26.022 26.5586666666667 26.7633333333333 26.821 26.8903333333333 27.0893333333333 26.949 26.5126666666667 25.7963333333333 25.2053333333333 25.042 25.396 26.2173333333333 26.6816666666667 26.943 26.8263333333333
26.5586666666667 26.7633333333333 26.821 26.8903333333333 27.0893333333333 26.949 26.5126666666667 25.7963333333333 25.2053333333333 25.042 25.396 26.2173333333333 26.6816666666667 26.943 26.8263333333333 26.944 27.057 27.104 26.8743333333333 26.3856666666667 25.8096666666667 25.5186666666667 25.6663333333333 26.104 26.508 26.573 26.5023333333333
26.6816666666667 26.943 26.8263333333333 26.944 27.057 27.104 26.8743333333333 26.3856666666667 25.8096666666667 25.5186666666667 25.6663333333333 26.104 26.508 26.573 26.5023333333333 26.6213333333333 26.957 27.149 26.7753333333333 26.1706666666667 25.561 25.467 25.7606666666667 26.1276666666667 26.3186666666667 26.3156666666667 26.3876666666667
26.508 26.573 26.5023333333333 26.6213333333333 26.957 27.149 26.7753333333333 26.1706666666667 25.561 25.467 25.7606666666667 26.1276666666667 26.3186666666667 26.3156666666667 26.3876666666667 26.539 26.7346666666667 26.7433333333333 26.412 25.6186666666667 24.9376666666667 24.5273333333333 24.7903333333333 25.475 26.4146666666667 27.11 27.4766666666667
26.3186666666667 26.3156666666667 26.3876666666667 26.539 26.7346666666667 26.7433333333333 26.412 25.6186666666667 24.9376666666667 24.5273333333333 24.7903333333333 25.475 26.4146666666667 27.11 27.4766666666667 27.6983333333333 27.8773333333333 27.6533333333333 26.9813333333333 25.9016666666667 25.1163333333333 24.8823333333333 25.3686666666667 26.0613333333333 26.551 26.8243333333333 26.926
26.4146666666667 27.11 27.4766666666667 27.6983333333333 27.8773333333333 27.6533333333333 26.9813333333333 25.9016666666667 25.1163333333333 24.8823333333333 25.3686666666667 26.0613333333333 26.551 26.8243333333333 26.926 27.011 27.068 27.1416666666667 26.8293333333333 26.2446666666667 25.509 25.383 25.6546666666667 26.2676666666667 26.5666666666667 26.7943333333333 27.1286666666667
26.551 26.8243333333333 26.926 27.011 27.068 27.1416666666667 26.8293333333333 26.2446666666667 25.509 25.383 25.6546666666667 26.2676666666667 26.5666666666667 26.7943333333333 27.1286666666667 27.3236666666667 27.4986666666667 27.271 27.043 26.3673333333333 25.649 25.2376666666667 25.3333333333333 25.807 26.1756666666667 26.5143333333333 26.5556666666667
26.5666666666667 26.7943333333333 27.1286666666667 27.3236666666667 27.4986666666667 27.271 27.043 26.3673333333333 25.649 25.2376666666667 25.3333333333333 25.807 26.1756666666667 26.5143333333333 26.5556666666667 26.8773333333333 27.1373333333333 27.2166666666667 26.894 26.088 25.361 24.9886666666667 25.1586666666667 25.7243333333333 26.182 26.5823333333333 26.75
26.1756666666667 26.5143333333333 26.5556666666667 26.8773333333333 27.1373333333333 27.2166666666667 26.894 26.088 25.361 24.9886666666667 25.1586666666667 25.7243333333333 26.182 26.5823333333333 26.75 27.052 27.2036666666667 27.2893333333333 26.8683333333333 26.268 25.518 25.0806666666667 25.0763333333333 25.5776666666667 26.0716666666667 26.6483333333333 27.059
26.182 26.5823333333333 26.75 27.052 27.2036666666667 27.2893333333333 26.8683333333333 26.268 25.518 25.0806666666667 25.0763333333333 25.5776666666667 26.0716666666667 26.6483333333333 27.059 27.6366666666667 27.5906666666667 27.4283333333333 26.7943333333333 26.144 25.5373333333333 25.3293333333333 25.6666666666667 26.0403333333333 26.2053333333333 26.6036666666667 26.77
26.0716666666667 26.6483333333333 27.059 27.6366666666667 27.5906666666667 27.4283333333333 26.7943333333333 26.144 25.5373333333333 25.3293333333333 25.6666666666667 26.0403333333333 26.2053333333333 26.6036666666667 26.77 27.0013333333333 26.962 26.957 26.755 26.3273333333333 25.899 25.6526666666667 25.5833333333333 25.907 26.3813333333333 26.9073333333333 27.117
26.2053333333333 26.6036666666667 26.77 27.0013333333333 26.962 26.957 26.755 26.3273333333333 25.899 25.6526666666667 25.5833333333333 25.907 26.3813333333333 26.9073333333333 27.117 27.1893333333333 27.252 27.1963333333333 26.8846666666667 26.1953333333333 25.648 25.415 25.6286666666667 26.0646666666667 26.5583333333333 26.846 26.9813333333333
26.3813333333333 26.9073333333333 27.117 27.1893333333333 27.252 27.1963333333333 26.8846666666667 26.1953333333333 25.648 25.415 25.6286666666667 26.0646666666667 26.5583333333333 26.846 26.9813333333333 27.0936666666667 27.2293333333333 27.1966666666667 26.7573333333333 25.969 25.1553333333333 24.7596666666667 25.0123333333333 25.3776666666667 26.0006666666667 26.308 26.877
26.5583333333333 26.846 26.9813333333333 27.0936666666667 27.2293333333333 27.1966666666667 26.7573333333333 25.969 25.1553333333333 24.7596666666667 25.0123333333333 25.3776666666667 26.0006666666667 26.308 26.877 27.0706666666667 27.3363333333333 27.229 27.0296666666667 26.3936666666667 25.7263333333333 25.215 25.212 25.4106666666667 25.55 25.7183333333333 25.6356666666667
26.0006666666667 26.308 26.877 27.0706666666667 27.3363333333333 27.229 27.0296666666667 26.3936666666667 25.7263333333333 25.215 25.212 25.4106666666667 25.55 25.7183333333333 25.6356666666667 26.0603333333333 26.332 26.699 26.472 25.91 25.411 25.0236666666667 25.065 25.5643333333333 26.1373333333333 26.6383333333333 26.9506666666667
25.55 25.7183333333333 25.6356666666667 26.0603333333333 26.332 26.699 26.472 25.91 25.411 25.0236666666667 25.065 25.5643333333333 26.1373333333333 26.6383333333333 26.9506666666667 27.1326666666667 27.1983333333333 26.792 26.1276666666667 25.2393333333333 24.6083333333333 24.4733333333333 24.8506666666667 25.747 26.4183333333333 26.977 27.0506666666667
26.1373333333333 26.6383333333333 26.9506666666667 27.1326666666667 27.1983333333333 26.792 26.1276666666667 25.2393333333333 24.6083333333333 24.4733333333333 24.8506666666667 25.747 26.4183333333333 26.977 27.0506666666667 27.1783333333333 27.1823333333333 27.039 26.7133333333333 26.1706666666667 25.6016666666667 25.3133333333333 25.483 26.0376666666667 26.367 26.5626666666667 26.6203333333333
26.4183333333333 26.977 27.0506666666667 27.1783333333333 27.1823333333333 27.039 26.7133333333333 26.1706666666667 25.6016666666667 25.3133333333333 25.483 26.0376666666667 26.367 26.5626666666667 26.6203333333333 26.9073333333333 27.1013333333333 27.0116666666667 26.7026666666667 26.234 25.8936666666667 25.6853333333333 25.9486666666667 26.328 26.6653333333333 26.7096666666667 26.7036666666667
26.367 26.5626666666667 26.6203333333333 26.9073333333333 27.1013333333333 27.0116666666667 26.7026666666667 26.234 25.8936666666667 25.6853333333333 25.9486666666667 26.328 26.6653333333333 26.7096666666667 26.7036666666667 26.775 26.9146666666667 26.966 26.8276666666667 26.1093333333333 25.365 24.8356666666667 24.995 25.566 26.2636666666667 26.8033333333333 27.3163333333333
26.6653333333333 26.7096666666667 26.7036666666667 26.775 26.9146666666667 26.966 26.8276666666667 26.1093333333333 25.365 24.8356666666667 24.995 25.566 26.2636666666667 26.8033333333333 27.3163333333333 27.6806666666667 28.0733333333333 28.0626666666667 27.8156666666667 27.3356666666667 26.9843333333333 26.6536666666667 26.6683333333333 26.6796666666667 26.817 26.995 27.179
26.2636666666667 26.8033333333333 27.3163333333333 27.6806666666667 28.0733333333333 28.0626666666667 27.8156666666667 27.3356666666667 26.9843333333333 26.6536666666667 26.6683333333333 26.6796666666667 26.817 26.995 27.179 27.4923333333333 27.4933333333333 27.4176666666667 26.974 26.383 25.7983333333333 25.55 25.7566666666667 26.17 26.705 27.1366666666667 27.471
26.817 26.995 27.179 27.4923333333333 27.4933333333333 27.4176666666667 26.974 26.383 25.7983333333333 25.55 25.7566666666667 26.17 26.705 27.1366666666667 27.471 27.4336666666667 27.423 27.2116666666667 26.9193333333333 26.318 25.8516666666667 25.7163333333333 25.9556666666667 26.3136666666667 26.6653333333333 27.085 27.2606666666667
26.705 27.1366666666667 27.471 27.4336666666667 27.423 27.2116666666667 26.9193333333333 26.318 25.8516666666667 25.7163333333333 25.9556666666667 26.3136666666667 26.6653333333333 27.085 27.2606666666667 27.4573333333333 27.3916666666667 27.347 27.018 26.4366666666667 25.92 25.7346666666667 25.9123333333333 26.316 26.5156666666667 26.8786666666667 27.0726666666667
26.6653333333333 27.085 27.2606666666667 27.4573333333333 27.3916666666667 27.347 27.018 26.4366666666667 25.92 25.7346666666667 25.9123333333333 26.316 26.5156666666667 26.8786666666667 27.0726666666667 27.513 27.6706666666667 27.6963333333333 27.205 26.425 25.602 25.0586666666667 25.1733333333333 25.7866666666667 26.7053333333333 27.2413333333333 27.5883333333333
26.5156666666667 26.8786666666667 27.0726666666667 27.513 27.6706666666667 27.6963333333333 27.205 26.425 25.602 25.0586666666667 25.1733333333333 25.7866666666667 26.7053333333333 27.2413333333333 27.5883333333333 27.605 27.7236666666667 27.4303333333333 26.9986666666667 26.1083333333333 25.4043333333333 24.9826666666667 25.2496666666667 25.857 26.4643333333333 26.8333333333333 27.083
26.7053333333333 27.2413333333333 27.5883333333333 27.605 27.7236666666667 27.4303333333333 26.9986666666667 26.1083333333333 25.4043333333333 24.9826666666667 25.2496666666667 25.857 26.4643333333333 26.8333333333333 27.083 27.3466666666667 27.5696666666667 27.3876666666667 26.822 26.084 25.3576666666667 25.1416666666667 25.2016666666667 25.9626666666667 26.5693333333333 27.1423333333333 27.5066666666667
26.4643333333333 26.8333333333333 27.083 27.3466666666667 27.5696666666667 27.3876666666667 26.822 26.084 25.3576666666667 25.1416666666667 25.2016666666667 25.9626666666667 26.5693333333333 27.1423333333333 27.5066666666667 27.8726666666667 28.0293333333333 27.8363333333333 27.3176666666667 26.6383333333333 25.9583333333333 25.544 25.652 26.0776666666667 26.6636666666667 26.7926666666667 26.9433333333333
26.5693333333333 27.1423333333333 27.5066666666667 27.8726666666667 28.0293333333333 27.8363333333333 27.3176666666667 26.6383333333333 25.9583333333333 25.544 25.652 26.0776666666667 26.6636666666667 26.7926666666667 26.9433333333333 27.0886666666667 27.2526666666667 27.099 26.5373333333333 25.7363333333333 25.069 24.6556666666667 24.9576666666667 25.6313333333333 26.5696666666667 27.0383333333333 27.3066666666667
26.6636666666667 26.7926666666667 26.9433333333333 27.0886666666667 27.2526666666667 27.099 26.5373333333333 25.7363333333333 25.069 24.6556666666667 24.9576666666667 25.6313333333333 26.5696666666667 27.0383333333333 27.3066666666667 27.1986666666667 27.2996666666667 27.148 26.812 26.1843333333333 25.4406666666667 24.9966666666667 25.0566666666667 25.4966666666667 26.257 26.7283333333333 27.0316666666667
26.5696666666667 27.0383333333333 27.3066666666667 27.1986666666667 27.2996666666667 27.148 26.812 26.1843333333333 25.4406666666667 24.9966666666667 25.0566666666667 25.4966666666667 26.257 26.7283333333333 27.0316666666667 27.0483333333333 27.1003333333333 26.9166666666667 26.441 25.6676666666667 25.0803333333333 24.9263333333333 25.364 25.983 26.3463333333333 26.494 26.614
26.257 26.7283333333333 27.0316666666667 27.0483333333333 27.1003333333333 26.9166666666667 26.441 25.6676666666667 25.0803333333333 24.9263333333333 25.364 25.983 26.3463333333333 26.494 26.614 26.9463333333333 27.3543333333333 27.436 27.126 26.3916666666667 25.727 25.3003333333333 25.4656666666667 26.0396666666667 26.753 27.077 27.2803333333333
26.3463333333333 26.494 26.614 26.9463333333333 27.3543333333333 27.436 27.126 26.3916666666667 25.727 25.3003333333333 25.4656666666667 26.0396666666667 26.753 27.077 27.2803333333333 27.5723333333333 27.812 27.817 27.379 26.806 26.2576666666667 26.062 26.32 26.8826666666667 27.1673333333333 27.186 27.0153333333333
26.753 27.077 27.2803333333333 27.5723333333333 27.812 27.817 27.379 26.806 26.2576666666667 26.062 26.32 26.8826666666667 27.1673333333333 27.186 27.0153333333333 26.9636666666667 27.0923333333333 26.998 26.6523333333333 25.9853333333333 25.3883333333333 25.083 25.2216666666667 25.7466666666667 26.5603333333333 27.0493333333333 27.235
27.1673333333333 27.186 27.0153333333333 26.9636666666667 27.0923333333333 26.998 26.6523333333333 25.9853333333333 25.3883333333333 25.083 25.2216666666667 25.7466666666667 26.5603333333333 27.0493333333333 27.235 27.1366666666667 27.1266666666667 27.0063333333333 26.4796666666667 25.7026666666667 24.8843333333333 24.6723333333333 25.0606666666667 25.9506666666667 26.7443333333333 27.09 27.305
26.5603333333333 27.0493333333333 27.235 27.1366666666667 27.1266666666667 27.0063333333333 26.4796666666667 25.7026666666667 24.8843333333333 24.6723333333333 25.0606666666667 25.9506666666667 26.7443333333333 27.09 27.305 27.3413333333333 27.6596666666667 27.5243333333333 27.248 26.5216666666667 25.872 25.3553333333333 25.4736666666667 26.026 26.7003333333333 26.857 26.9226666666667
