0.423333333333334 0.729666666666667 -0.562 -0.0966666666666667 0.837333333333333 1.44166666666667 1.562 1.04233333333333 1.03466666666667 1.52666666666667 1.12133333333333 0.934 0.692333333333333 -0.0926666666666667 -1.33266666666667 -2.24966666666667 -1.74833333333333 -1.077 -0.0553333333333334 0.600666666666667 1.32566666666667 0.756333333333333 1.17966666666667 1.304 1.24266666666667 -0.271 -1.49533333333333
0.692333333333333 -0.0926666666666667 -1.33266666666667 -2.24966666666667 -1.74833333333333 -1.077 -0.0553333333333334 0.600666666666667 1.32566666666667 0.756333333333333 1.17966666666667 1.304 1.24266666666667 -0.271 -1.49533333333333 -2.42633333333333 -2.22633333333333 -2.172 -1.02433333333333 -0.687333333333333 -0.0193333333333333 0.01 0.221666666666667 1.19133333333333 0.438666666666667 0.226666666666667 -1.30066666666667
1.24266666666667 -0.271 -1.49533333333333 -2.42633333333333 -2.22633333333333 -2.172 -1.02433333333333 -0.687333333333333 -0.0193333333333333 0.01 0.221666666666667 1.19133333333333 0.438666666666667 0.226666666666667 -1.30066666666667 -1.05133333333333 -1.311 -0.903333333333333 -0.500333333333333 0.00200000000000002 -0.00333333333333332 -0.074 0.496 1.07666666666667 2.047 0.642333333333333 -0.533
0.438666666666667 0.226666666666667 -1.30066666666667 -1.05133333333333 -1.311 -0.903333333333333 -0.500333333333333 0.00200000000000002 -0.00333333333333332 -0.074 0.496 1.07666666666667 2.047 0.642333333333333 -0.533 -1.52766666666667 -0.996 0.0226666666666667 0.481666666666667 0.893666666666667 0.924 1.16933333333333 1.29766666666667 1.12 0.751333333333333 0.352 -0.352
2.047 0.642333333333333 -0.533 -1.52766666666667 -0.996 0.0226666666666667 0.481666666666667 0.893666666666667 0.924 1.16933333333333 1.29766666666667 1.12 0.751333333333333 0.352 -0.352 -1.242 -1.395 -1.49333333333333 -0.681 -0.869333333333333 -0.323 -0.441666666666667 0.188666666666667 0.441666666666667 0.946 0.576 0.389666666666667
0.751333333333333 0.352 -0.352 -1.242 -1.395 -1.49333333333333 -0.681 -0.869333333333333 -0.323 -0.441666666666667 0.188666666666667 0.441666666666667 0.946 0.576 0.389666666666667 -0.0826666666666667 -0.113 0.248 0.928333333333333 1.99066666666667 2.35266666666667 1.96366666666667 1.47066666666667 1.159 0.228666666666667 -1.219 -2.76066666666667
0.946 0.576 0.389666666666667 -0.0826666666666667 -0.113 0.248 0.928333333333333 1.99066666666667 2.35266666666667 1.96366666666667 1.47066666666667 1.159 0.228666666666667 -1.219 -2.76066666666667 -3.355 -3.712 -3.546 -2.452 -1.23066666666667 -0.527666666666667 -0.375333333333333 0.118666666666667 1.024 1.231 0.328 -1.10466666666667
0.228666666666667 -1.219 -2.76066666666667 -3.355 -3.712 -3.546 -2.452 -1.23066666666667 -0.527666666666667 -0.375333333333333 0.118666666666667 1.024 1.231 0.328 -1.10466666666667 -2.13533333333333 -2.53533333333333 -2.564 -2.105 -1.236 -0.534 -0.281 0.722333333333333 1.47566666666667 2.08066666666667 2.16766666666667 0.805333333333333
1.231 0.328 -1.10466666666667 -2.13533333333333 -2.53533333333333 -2.564 -2.105 -1.236 -0.534 -0.281 0.722333333333333 1.47566666666667 2.08066666666667 2.16766666666667 0.805333333333333 0.225666666666667 -0.773333333333333 -0.0666666666666667 0.402 0.492 0.197333333333333 0.147666666666667 0.253333333333333 1.09533333333333 1.37666666666667 0.565666666666667 0.423
2.08066666666667 2.16766666666667 0.805333333333333 0.225666666666667 -0.773333333333333 -0.0666666666666667 0.402 0.492 0.197333333333333 0.147666666666667 0.253333333333333 1.09533333333333 1.37666666666667 0.565666666666667 0.423 -0.66 -0.284 -0.336 0.282 0.617333333333333 0.289333333333333 0.365333333333333 0.325333333333333 1.14566666666667 1.84066666666667 1.18133333333333 -0.0189999999999999
1.37666666666667 0.565666666666667 0.423 -0.66 -0.284 -0.336 0.282 0.617333333333333 0.289333333333333 0.365333333333333 0.325333333333333 1.14566666666667 1.84066666666667 1.18133333333333 -0.0189999999999999 -1.797 -1.31833333333333 -1.14 -0.599333333333333 -0.271666666666667 -0.00899999999999998 0.223666666666667 -0.0513333333333333 0.401 0.418333333333333 -0.135666666666667 -1.32333333333333
1.84066666666667 1.18133333333333 -0.0189999999999999 -1.797 -1.31833333333333 -1.14 -0.599333333333333 -0.271666666666667 -0.00899999999999998 0.223666666666667 -0.0513333333333333 0.401 0.418333333333333 -0.135666666666667 -1.32333333333333 -2.35766666666667 -2.46966666666667 -2.54 -1.69233333333333 -1.10966666666667 -1.06133333333333 -1.37033333333333 -0.842 -0.0813333333333334 1.08266666666667 0.415 0.415666666666667
0.418333333333333 -0.135666666666667 -1.32333333333333 -2.35766666666667 -2.46966666666667 -2.54 -1.69233333333333 -1.10966666666667 -1.06133333333333 -1.37033333333333 -0.842 -0.0813333333333334 1.08266666666667 0.415 0.415666666666667 -0.740666666666667 -0.226 -0.56 0.119333333333333 -0.292333333333333 -0.431666666666667 -0.967666666666667 -0.437 1.16466666666667 2.06033333333333 1.43466666666667 -0.502
1.08266666666667 0.415 0.415666666666667 -0.740666666666667 -0.226 -0.56 0.119333333333333 -0.292333333333333 -0.431666666666667 -0.967666666666667 -0.437 1.16466666666667 2.06033333333333 1.43466666666667 -0.502 -0.983333333333333 -1.022 -0.344666666666667 -0.0463333333333333 0.546 0.651333333333333 0.551333333333333 0.386333333333333 2.037 1.98233333333333 1.34733333333333 -1.05033333333333
2.06033333333333 1.43466666666667 -0.502 -0.983333333333333 -1.022 -0.344666666666667 -0.0463333333333333 0.546 0.651333333333333 0.551333333333333 0.386333333333333 2.037 1.98233333333333 1.34733333333333 -1.05033333333333 -1.04833333333333 -0.601666666666667 0.303 0.25 0.809 1.165 1.949 2.22466666666667 2.47866666666667 1.02666666666667 -0.0496666666666667 -1.94233333333333
1.98233333333333 1.34733333333333 -1.05033333333333 -1.04833333333333 -0.601666666666667 0.303 0.25 0.809 1.165 1.949 2.22466666666667 2.47866666666667 1.02666666666667 -0.0496666666666667 -1.94233333333333 -2.56766666666667 -2.93666666666667 -2.355 -1.08966666666667 -0.166333333333333 0.744666666666667 0.659 1.18533333333333 1.49266666666667 1.35666666666667 0.381 -0.451666666666667
1.02666666666667 -0.0496666666666667 -1.94233333333333 -2.56766666666667 -2.93666666666667 -2.355 -1.08966666666667 -0.166333333333333 0.744666666666667 0.659 1.18533333333333 1.49266666666667 1.35666666666667 0.381 -0.451666666666667 -0.229666666666667 0.237333333333333 0.182 0.114666666666667 0.379666666666667 1.037 1.17466666666667 1.09533333333333 0.629 0.854666666666667 0.508333333333333 0.166666666666667
1.35666666666667 0.381 -0.451666666666667 -0.229666666666667 0.237333333333333 0.182 0.114666666666667 0.379666666666667 1.037 1.17466666666667 1.09533333333333 0.629 0.854666666666667 0.508333333333333 0.166666666666667 -0.425666666666667 -0.419 0.268333333333333 0.839333333333333 1.45433333333333 1.90333333333333 2.22133333333333 1.68066666666667 1.14966666666667 1.032 0.587 0.024
0.854666666666667 0.508333333333333 0.166666666666667 -0.425666666666667 -0.419 0.268333333333333 0.839333333333333 1.45433333333333 1.90333333333333 2.22133333333333 1.68066666666667 1.14966666666667 1.032 0.587 0.024 -0.97 -0.674 -0.327333333333333 -0.496666666666667 -0.827666666666667 -1.126 -0.507 -0.025 -0.0576666666666666 -0.162333333333333 -0.375666666666667 -0.116
1.032 0.587 0.024 -0.97 -0.674 -0.327333333333333 -0.496666666666667 -0.827666666666667 -1.126 -0.507 -0.025 -0.0576666666666666 -0.162333333333333 -0.375666666666667 -0.116 -0.462333333333333 -0.866333333333333 -0.829 -1.16133333333333 -1.053 -1.79733333333333 -1.03566666666667 -0.913666666666667 0.024 1.07966666666667 1.94933333333333 1.913
-0.162333333333333 -0.375666666666667 -0.116 -0.462333333333333 -0.866333333333333 -0.829 -1.16133333333333 -1.053 -1.79733333333333 -1.03566666666667 -0.913666666666667 0.024 1.07966666666667 1.94933333333333 1.913 1.471 1.30433333333333 1.36733333333333 0.846333333333333 0.900333333333333 1.611 1.98833333333333 1.95133333333333 0.722333333333333 0.310666666666667 -0.875 -1.369
1.07966666666667 1.94933333333333 1.913 1.471 1.30433333333333 1.36733333333333 0.846333333333333 0.900333333333333 1.611 1.98833333333333 1.95133333333333 0.722333333333333 0.310666666666667 -0.875 -1.369 -2.23266666666667 -2.71533333333333 -3.11533333333333 -3.07433333333333 -2.82433333333333 -2.12233333333333 -2.10233333333333 -1.684 -1.14066666666667 -0.142333333333333 -0.614666666666667 -0.385
0.310666666666667 -0.875 -1.369 -2.23266666666667 -2.71533333333333 -3.11533333333333 -3.07433333333333 -2.82433333333333 -2.12233333333333 -2.10233333333333 -1.684 -1.14066666666667 -0.142333333333333 -0.614666666666667 -0.385 -1.44 -1.04533333333333 -1.89566666666667 -1.413 -0.807666666666667 -0.475333333333333 -0.775333333333333 -1.509 -1.172 -0.843666666666667 -0.678666666666667 -1.47666666666667
-0.142333333333333 -0.614666666666667 -0.385 -1.44 -1.04533333333333 -1.89566666666667 -1.413 -0.807666666666667 -0.475333333333333 -0.775333333333333 -1.509 -1.172 -0.843666666666667 -0.678666666666667 -1.47666666666667 -1.829 -1.998 -1.686 -1.47833333333333 -1.15633333333333 -0.827 -1.343 -0.920666666666667 -0.844333333333333 0.369 -0.346333333333333 -0.718
-0.843666666666667 -0.678666666666667 -1.47666666666667 -1.829 -1.998 -1.686 -1.47833333333333 -1.15633333333333 -0.827 -1.343 -0.920666666666667 -0.844333333333333 0.369 -0.346333333333333 -0.718 -1.483 -1.333 -1.046 -0.279333333333333 0.0793333333333333 0.270666666666667 -0.37 0.267 0.825 1.931 1.02233333333333 0.548
0.369 -0.346333333333333 -0.718 -1.483 -1.333 -1.046 -0.279333333333333 0.0793333333333333 0.270666666666667 -0.37 0.267 0.825 1.931 1.02233333333333 0.548 -0.105666666666667 0.343666666666667 0.571333333333333 0.785 1.20466666666667 1.63666666666667 2.244 2.89466666666667 2.486 1.45166666666667 0.157666666666667 -0.977333333333333
1.931 1.02233333333333 0.548 -0.105666666666667 0.343666666666667 0.571333333333333 0.785 1.20466666666667 1.63666666666667 2.244 2.89466666666667 2.486 1.45166666666667 0.157666666666667 -0.977333333333333 -1.17966666666667 -0.695 0.317 0.533333333333333 0.891666666666667 0.623333333333333 1.131 0.901666666666667 1.74133333333333 1.75966666666667 0.902333333333334 0.324333333333333
1.45166666666667 0.157666666666667 -0.977333333333333 -1.17966666666667 -0.695 0.317 0.533333333333333 0.891666666666667 0.623333333333333 1.131 0.901666666666667 1.74133333333333 1.75966666666667 0.902333333333334 0.324333333333333 0.313 1.14633333333333 0.744666666666667 1.33266666666667 1.19266666666667 1.80533333333333 1.049 1.536 1.81533333333333 2.019 1.86166666666667 0.543
1.75966666666667 0.902333333333334 0.324333333333333 0.313 1.14633333333333 0.744666666666667 1.33266666666667 1.19266666666667 1.80533333333333 1.049 1.536 1.81533333333333 2.019 1.86166666666667 0.543 0.059 0.00266666666666667 0.653666666666667 0.637 0.564333333333333 0.435333333333333 0.854 0.489666666666667 1.27333333333333 1.19166666666667 1.024 -0.103666666666667
2.019 1.86166666666667 0.543 0.059 0.00266666666666667 0.653666666666667 0.637 0.564333333333333 0.435333333333333 0.854 0.489666666666667 1.27333333333333 1.19166666666667 1.024 -0.103666666666667 -0.501 -0.673666666666667 -0.14 0.491666666666667 1.34333333333333 1.679 1.91133333333333 1.86633333333333 1.55166666666667 0.968333333333333 0.235333333333333 -0.203333333333333
1.19166666666667 1.024 -0.103666666666667 -0.501 -0.673666666666667 -0.14 0.491666666666667 1.34333333333333 1.679 1.91133333333333 1.86633333333333 1.55166666666667 0.968333333333333 0.235333333333333 -0.203333333333333 -0.280666666666667 -0.104 0.368 -0.222 -0.215666666666667 -0.515 0.146 0.0243333333333333 1.24133333333333 0.5 0.555666666666667 -1.30766666666667
0.968333333333333 0.235333333333333 -0.203333333333333 -0.280666666666667 -0.104 0.368 -0.222 -0.215666666666667 -0.515 0.146 0.0243333333333333 1.24133333333333 0.5 0.555666666666667 -1.30766666666667 -1.52466666666667 -1.80333333333333 -1.41833333333333 -1.08733333333333 -1.121 -1.33333333333333 -0.906 -1.004 -1.15666666666667 -1.35333333333333 -0.952 -0.713666666666667
0.5 0.555666666666667 -1.30766666666667 -1.52466666666667 -1.80333333333333 -1.41833333333333 -1.08733333333333 -1.121 -1.33333333333333 -0.906 -1.004 -1.15666666666667 -1.35333333333333 -0.952 -0.713666666666667 -0.585 -0.635 -0.469 -0.0356666666666667 1.175 1.66 1.799 1.38633333333333 1.49733333333333 1.302 0.488 -0.612333333333333
-1.35333333333333 -0.952 -0.713666666666667 -0.585 -0.635 -0.469 -0.0356666666666667 1.175 1.66 1.799 1.38633333333333 1.49733333333333 1.302 0.488 -0.612333333333333 -0.86 -1.181 -1.34566666666667 -2.31166666666667 -2.96033333333333 -2.82033333333333 -3.114 -2.81833333333333 -2.793 -2.013 -1.41266666666667 -0.713333333333333
1.302 0.488 -0.612333333333333 -0.86 -1.181 -1.34566666666667 -2.31166666666667 -2.96033333333333 -2.82033333333333 -3.114 -2.81833333333333 -2.793 -2.013 -1.41266666666667 -0.713333333333333 -0.391 -0.272666666666667 -0.212 0.0903333333333333 0.284666666666667 0.404666666666667 0.425666666666667 -0.212 -0.326666666666667 -0.780666666666667 -0.748 -1.25433333333333
-2.013 -1.41266666666667 -0.713333333333333 -0.391 -0.272666666666667 -0.212 0.0903333333333333 0.284666666666667 0.404666666666667 0.425666666666667 -0.212 -0.326666666666667 -0.780666666666667 -0.748 -1.25433333333333 -1.41733333333333 -1.07133333333333 -0.294666666666667 0.433333333333333 0.866 0.751666666666667 1.13133333333333 0.735666666666667 0.306666666666667 -0.906 -0.993333333333333 -1.36766666666667
-0.780666666666667 -0.748 -1.25433333333333 -1.41733333333333 -1.07133333333333 -0.294666666666667 0.433333333333333 0.866 0.751666666666667 1.13133333333333 0.735666666666667 0.306666666666667 -0.906 -0.993333333333333 -1.36766666666667 -0.76 -1.10166666666667 -1.33433333333333 -1.38833333333333 -0.759666666666667 -0.199333333333333 -0.224 0.0186666666666666 -0.160666666666667 -0.858666666666667 -0.562666666666667 0.118666666666667
