-1.40033333333333 -2.564 -3.16266666666667 -3.422 -2.44766666666667 -0.0403333333333333 2.28666666666667 4.081 4.43333333333333 4.842 3.146 1.39266666666667 -0.894333333333333 -2.002 -3.08066666666667 -3.649 -3.20266666666667 -1.47033333333333 0.79 3.19466666666667 4.39966666666667 5.025 3.48266666666667 1.52433333333333 -1.14766666666667 -2.84733333333333 -4.10433333333333
-0.894333333333333 -2.002 -3.08066666666667 -3.649 -3.20266666666667 -1.47033333333333 0.79 3.19466666666667 4.39966666666667 5.025 3.48266666666667 1.52433333333333 -1.14766666666667 -2.84733333333333 -4.10433333333333 -4.12266666666667 -3.041 -1.371 0.429 1.708 2.87333333333333 2.91533333333333 2.67466666666667 1.206 -0.587666666666667 -2.89933333333333 -3.87533333333333
-1.14766666666667 -2.84733333333333 -4.10433333333333 -4.12266666666667 -3.041 -1.371 0.429 1.708 2.87333333333333 2.91533333333333 2.67466666666667 1.206 -0.587666666666667 -2.89933333333333 -3.87533333333333 -3.80433333333333 -2.349 -0.919666666666667 0.870333333333333 2.481 3.583 3.229 2.30166666666667 0.701 -0.636 -2.48566666666667 -3.85033333333333
-0.587666666666667 -2.89933333333333 -3.87533333333333 -3.80433333333333 -2.349 -0.919666666666667 0.870333333333333 2.481 3.583 3.229 2.30166666666667 0.701 -0.636 -2.48566666666667 -3.85033333333333 -4.05133333333333 -3.29366666666667 -1.122 0.916 2.75366666666667 3.545 3.98666666666667 3.16666666666667 1.558 -0.437666666666667 -1.985 -3.136
-0.636 -2.48566666666667 -3.85033333333333 -4.05133333333333 -3.29366666666667 -1.122 0.916 2.75366666666667 3.545 3.98666666666667 3.16666666666667 1.558 -0.437666666666667 -1.985 -3.136 -3.51366666666667 -2.669 -0.944666666666667 0.959 2.19566666666667 3.598 3.42133333333333 2.791 0.871 -1.05866666666667 -2.537 -3.31366666666667
-0.437666666666667 -1.985 -3.136 -3.51366666666667 -2.669 -0.944666666666667 0.959 2.19566666666667 3.598 3.42133333333333 2.791 0.871 -1.05866666666667 -2.537 -3.31366666666667 -2.88066666666667 -2.14866666666667 -0.575333333333333 1.55233333333333 3.90966666666667 5.27133333333333 5.35666666666667 4.22866666666667 2.20533333333333 0.189666666666667 -1.81333333333333 -2.90766666666667
-1.05866666666667 -2.537 -3.31366666666667 -2.88066666666667 -2.14866666666667 -0.575333333333333 1.55233333333333 3.90966666666667 5.27133333333333 5.35666666666667 4.22866666666667 2.20533333333333 0.189666666666667 -1.81333333333333 -2.90766666666667 -3.26066666666667 -2.713 -1.35633333333333 0.420333333333333 2.33766666666667 3.56466666666667 3.583 2.583 1.40833333333333 -0.229333333333333 -1.46366666666667 -2.83266666666667
0.189666666666667 -1.81333333333333 -2.90766666666667 -3.26066666666667 -2.713 -1.35633333333333 0.420333333333333 2.33766666666667 3.56466666666667 3.583 2.583 1.40833333333333 -0.229333333333333 -1.46366666666667 -2.83266666666667 -2.87266666666667 -2.07866666666667 -0.509333333333333 1.32466666666667 2.473 3.54066666666667 2.86933333333333 2.48366666666667 0.76 -0.415333333333333 -1.992 -2.67
-0.229333333333333 -1.46366666666667 -2.83266666666667 -2.87266666666667 -2.07866666666667 -0.509333333333333 1.32466666666667 2.473 3.54066666666667 2.86933333333333 2.48366666666667 0.76 -0.415333333333333 -1.992 -2.67 -2.89466666666667 -1.81266666666667 -0.540333333333333 1.90933333333333 3.08833333333333 4.18966666666667 3.65666666666667 2.806 0.991666666666667 -0.315666666666667 -1.737 -2.377
-0.415333333333333 -1.992 -2.67 -2.89466666666667 -1.81266666666667 -0.540333333333333 1.90933333333333 3.08833333333333 4.18966666666667 3.65666666666667 2.806 0.991666666666667 -0.315666666666667 -1.737 -2.377 -2.625 -1.97233333333333 0.172333333333333 1.698 3.248 4.19266666666667 4.36933333333333 3.45266666666667 1.375 -0.604666666666667 -2.42666666666667 -3.96566666666667
-0.315666666666667 -1.737 -2.377 -2.625 -1.97233333333333 0.172333333333333 1.698 3.248 4.19266666666667 4.36933333333333 3.45266666666667 1.375 -0.604666666666667 -2.42666666666667 -3.96566666666667 -3.867 -2.59866666666667 -0.612 1.54333333333333 3.442 4.553 4.705 3.493 2.067 -0.0799999999999999 -1.40033333333333 -2.52333333333333
-0.604666666666667 -2.42666666666667 -3.96566666666667 -3.867 -2.59866666666667 -0.612 1.54333333333333 3.442 4.553 4.705 3.493 2.067 -0.0799999999999999 -1.40033333333333 -2.52333333333333 -2.80066666666667 -2.09233333333333 -0.642333333333333 1.52566666666667 2.963 3.323 2.83333333333333 2.07533333333333 0.922666666666667 -0.449333333333333 -1.911 -2.38533333333333
-0.0799999999999999 -1.40033333333333 -2.52333333333333 -2.80066666666667 -2.09233333333333 -0.642333333333333 1.52566666666667 2.963 3.323 2.83333333333333 2.07533333333333 0.922666666666667 -0.449333333333333 -1.911 -2.38533333333333 -2.44866666666667 -1.89833333333333 -0.607666666666667 1.02566666666667 2.48666666666667 3.39433333333333 3.452 2.97833333333333 1.30366666666667 -0.609 -2.49866666666667 -3.39366666666667
-0.449333333333333 -1.911 -2.38533333333333 -2.44866666666667 -1.89833333333333 -0.607666666666667 1.02566666666667 2.48666666666667 3.39433333333333 3.452 2.97833333333333 1.30366666666667 -0.609 -2.49866666666667 -3.39366666666667 -3.59133333333333 -2.58 -0.934 1.52966666666667 3.36033333333333 4.69133333333333 4.737 3.70066666666667 1.94633333333333 -0.553666666666667 -2.29466666666667 -3.62833333333333
-0.609 -2.49866666666667 -3.39366666666667 -3.59133333333333 -2.58 -0.934 1.52966666666667 3.36033333333333 4.69133333333333 4.737 3.70066666666667 1.94633333333333 -0.553666666666667 -2.29466666666667 -3.62833333333333 -3.254 -2.35866666666667 -0.421 1.527 3.50266666666667 4.75633333333333 5.12966666666667 4.45766666666667 2.55266666666667 0.0443333333333335 -1.957 -3.209
-0.553666666666667 -2.29466666666667 -3.62833333333333 -3.254 -2.35866666666667 -0.421 1.527 3.50266666666667 4.75633333333333 5.12966666666667 4.45766666666667 2.55266666666667 0.0443333333333335 -1.957 -3.209 -3.10166666666667 -2.284 -0.697666666666667 1.19966666666667 2.77566666666667 3.927 3.63666666666667 2.81366666666667 1.015 -0.757 -2.38466666666667 -3.00633333333333
0.0443333333333335 -1.957 -3.209 -3.10166666666667 -2.284 -0.697666666666667 1.19966666666667 2.77566666666667 3.927 3.63666666666667 2.81366666666667 1.015 -0.757 -2.38466666666667 -3.00633333333333 -2.701 -1.876 -0.622 1.05533333333333 2.66466666666667 3.74833333333333 3.625 2.72566666666667 1.23966666666667 -0.0776666666666666 -1.38233333333333 -2.16733333333333
-0.757 -2.38466666666667 -3.00633333333333 -2.701 -1.876 -0.622 1.05533333333333 2.66466666666667 3.74833333333333 3.625 2.72566666666667 1.23966666666667 -0.0776666666666666 -1.38233333333333 -2.16733333333333 -2.328 -1.35633333333333 0.107 1.63066666666667 3.17566666666667 3.97166666666667 4.331 3.162 1.188 -0.813 -2.36 -2.67233333333333
-0.0776666666666666 -1.38233333333333 -2.16733333333333 -2.328 -1.35633333333333 0.107 1.63066666666667 3.17566666666667 3.97166666666667 4.331 3.162 1.188 -0.813 -2.36 -2.67233333333333 -2.82166666666667 -2.238 -1.16666666666667 0.358666666666667 1.57033333333333 2.34833333333333 2.433 2.09566666666667 0.957 -0.207666666666667 -1.306 -1.996
-0.813 -2.36 -2.67233333333333 -2.82166666666667 -2.238 -1.16666666666667 0.358666666666667 1.57033333333333 2.34833333333333 2.433 2.09566666666667 0.957 -0.207666666666667 -1.306 -1.996 -2.20333333333333 -1.553 -0.266333333333333 0.837666666666667 1.68633333333333 1.841 2.084 1.318 0.804 -0.970666666666667 -2.005 -2.97533333333333
-0.207666666666667 -1.306 -1.996 -2.20333333333333 -1.553 -0.266333333333333 0.837666666666667 1.68633333333333 1.841 2.084 1.318 0.804 -0.970666666666667 -2.005 -2.97533333333333 -2.59566666666667 -1.71233333333333 -0.374333333333333 1.309 2.61 3.72633333333333 3.577 2.708 1.018 -0.528 -1.528 -2.013
-0.970666666666667 -2.005 -2.97533333333333 -2.59566666666667 -1.71233333333333 -0.374333333333333 1.309 2.61 3.72633333333333 3.577 2.708 1.018 -0.528 -1.528 -2.013 -1.93133333333333 -1.65 -0.959666666666667 -0.14 0.663666666666667 1.142 1.43466666666667 1.268 0.452666666666667 -0.639 -1.65466666666667 -2.591
-0.528 -1.528 -2.013 -1.93133333333333 -1.65 -0.959666666666667 -0.14 0.663666666666667 1.142 1.43466666666667 1.268 0.452666666666667 -0.639 -1.65466666666667 -2.591 -2.55966666666667 -1.98866666666667 -0.732 0.136666666666667 1.114 1.95066666666667 2.16733333333333 1.20366666666667 -0.0223333333333333 -1.289 -2.421 -3.06433333333333
-0.639 -1.65466666666667 -2.591 -2.55966666666667 -1.98866666666667 -0.732 0.136666666666667 1.114 1.95066666666667 2.16733333333333 1.20366666666667 -0.0223333333333333 -1.289 -2.421 -3.06433333333333 -2.87433333333333 -2.09566666666667 -0.975666666666667 -0.109333333333333 1.38033333333333 2.03333333333333 2.16866666666667 1.06866666666667 -0.348333333333333 -1.59733333333333 -2.348 -2.764
-1.289 -2.421 -3.06433333333333 -2.87433333333333 -2.09566666666667 -0.975666666666667 -0.109333333333333 1.38033333333333 2.03333333333333 2.16866666666667 1.06866666666667 -0.348333333333333 -1.59733333333333 -2.348 -2.764 -2.82733333333333 -2.38866666666667 -1.00833333333333 0.282333333333333 1.694 2.87866666666667 2.992 2.10333333333333 0.416333333333333 -1.05866666666667 -2.48733333333333 -3.85066666666667
-1.59733333333333 -2.348 -2.764 -2.82733333333333 -2.38866666666667 -1.00833333333333 0.282333333333333 1.694 2.87866666666667 2.992 2.10333333333333 0.416333333333333 -1.05866666666667 -2.48733333333333 -3.85066666666667 -3.95033333333333 -3.02333333333333 -1.174 0.587666666666667 2.67533333333333 3.74066666666667 3.72166666666667 2.272 0.574333333333333 -1.07 -2.468 -3.60366666666667
-1.05866666666667 -2.48733333333333 -3.85066666666667 -3.95033333333333 -3.02333333333333 -1.174 0.587666666666667 2.67533333333333 3.74066666666667 3.72166666666667 2.272 0.574333333333333 -1.07 -2.468 -3.60366666666667 -3.75 -3.03566666666667 -1.07533333333333 0.486333333333333 1.95466666666667 2.47166666666667 2.66366666666667 1.80333333333333 0.513 -1.05266666666667 -2.31166666666667 -3.12333333333333
-1.07 -2.468 -3.60366666666667 -3.75 -3.03566666666667 -1.07533333333333 0.486333333333333 1.95466666666667 2.47166666666667 2.66366666666667 1.80333333333333 0.513 -1.05266666666667 -2.31166666666667 -3.12333333333333 -3.167 -2.19133333333333 -1.081 1.04633333333333 2.046 3.648 2.972 2.27266666666667 0.239 -1.03733333333333 -2.578 -3.466
-1.05266666666667 -2.31166666666667 -3.12333333333333 -3.167 -2.19133333333333 -1.081 1.04633333333333 2.046 3.648 2.972 2.27266666666667 0.239 -1.03733333333333 -2.578 -3.466 -3.79266666666667 -2.933 -1.35633333333333 0.270666666666667 1.75266666666667 2.60433333333333 2.84166666666667 1.781 0.110666666666667 -1.414 -2.39233333333333 -2.97933333333333
-1.03733333333333 -2.578 -3.466 -3.79266666666667 -2.933 -1.35633333333333 0.270666666666667 1.75266666666667 2.60433333333333 2.84166666666667 1.781 0.110666666666667 -1.414 -2.39233333333333 -2.97933333333333 -3.063 -2.624 -1.51233333333333 -0.195 1.79033333333333 3.326 3.717 3.128 1.23433333333333 -0.296333333333333 -2.031 -2.73066666666667
-1.414 -2.39233333333333 -2.97933333333333 -3.063 -2.624 -1.51233333333333 -0.195 1.79033333333333 3.326 3.717 3.128 1.23433333333333 -0.296333333333333 -2.031 -2.73066666666667 -2.99566666666667 -2.37966666666667 -1.123 -0.00933333333333334 1.387 2.259 2.88866666666667 2.13333333333333 1.13466666666667 -0.469333333333333 -1.65833333333333 -2.76133333333333
-0.296333333333333 -2.031 -2.73066666666667 -2.99566666666667 -2.37966666666667 -1.123 -0.00933333333333334 1.387 2.259 2.88866666666667 2.13333333333333 1.13466666666667 -0.469333333333333 -1.65833333333333 -2.76133333333333 -2.648 -1.817 -0.165 1.105 2.08166666666667 2.466 2.54733333333333 1.859 0.532333333333333 -0.640666666666667 -1.52766666666667 -1.99233333333333
-0.469333333333333 -1.65833333333333 -2.76133333333333 -2.648 -1.817 -0.165 1.105 2.08166666666667 2.466 2.54733333333333 1.859 0.532333333333333 -0.640666666666667 -1.52766666666667 -1.99233333333333 -2.102 -1.56566666666667 -0.548 0.857666666666667 2.12 3.11366666666667 3.332 2.67666666666667 1.10233333333333 -1.14533333333333 -2.975 -3.941
-0.640666666666667 -1.52766666666667 -1.99233333333333 -2.102 -1.56566666666667 -0.548 0.857666666666667 2.12 3.11366666666667 3.332 2.67666666666667 1.10233333333333 -1.14533333333333 -2.975 -3.941 -3.86233333333333 -3.23333333333333 -2.239 -0.863 0.0226666666666667 0.772666666666667 0.51 0.416 -0.523666666666667 -1.154 -2.101 -2.39433333333333
-1.14533333333333 -2.975 -3.941 -3.86233333333333 -3.23333333333333 -2.239 -0.863 0.0226666666666667 0.772666666666667 0.51 0.416 -0.523666666666667 -1.154 -2.101 -2.39433333333333 -2.56833333333333 -2.19766666666667 -1.16466666666667 0.416333333333333 1.97933333333333 2.87533333333333 2.83166666666667 1.796 0.227 -1.571 -2.637 -3.18
-1.154 -2.101 -2.39433333333333 -2.56833333333333 -2.19766666666667 -1.16466666666667 0.416333333333333 1.97933333333333 2.87533333333333 2.83166666666667 1.796 0.227 -1.571 -2.637 -3.18 -2.97833333333333 -2.46766666666667 -1.40866666666667 0.420666666666667 1.94666666666667 3.10533333333333 2.95466666666667 2.15766666666667 0.191 -1.47766666666667 -2.71566666666667 -3.205
-1.571 -2.637 -3.18 -2.97833333333333 -2.46766666666667 -1.40866666666667 0.420666666666667 1.94666666666667 3.10533333333333 2.95466666666667 2.15766666666667 0.191 -1.47766666666667 -2.71566666666667 -3.205 -3.484 -2.909 -1.941 -0.633 0.317333333333333 1.35333333333333 1.93666666666667 1.80133333333333 0.475666666666667 -1.06933333333333 -2.44733333333333 -3.22866666666667
