333.489520289345
342.549253651601
275.280624160407
275.280624160407
275.280624160407
275.280624160407
311.110550239561
275.280624160407
334.366788624587
311.110550239561
334.366788624587
334.366788624587
275.280624160407
334.366788624587
334.366788624587
275.280624160407
275.280624160407
342.549253651601
275.280624160407
275.280624160407
334.366788624587
333.489520289345
275.280624160407
242.765298198953
311.110550239561
334.366788624587
333.489520289345
275.280624160407
334.366788624587
333.489520289345
334.366788624587
275.280624160407
275.280624160407
333.489520289345
334.366788624587
334.366788624587
242.765298198953
242.765298198953
333.489520289345
311.110550239561
275.280624160407
334.366788624587
334.366788624587
342.549253651601
333.489520289345
242.765298198953
333.489520289345
311.110550239561
342.549253651601
242.765298198953
334.366788624587
333.489520289345
342.549253651601
242.765298198953
333.489520289345
275.280624160407
242.765298198953
275.280624160407
242.765298198953
334.366788624587
275.280624160407
275.280624160407
333.489520289345
275.280624160407
242.765298198953
275.280624160407
275.280624160407
242.765298198953
275.280624160407
275.280624160407
334.366788624587
334.366788624587
333.489520289345
275.280624160407
275.280624160407
275.280624160407
333.489520289345
275.280624160407
334.366788624587
275.280624160407
311.110550239561
275.280624160407
334.366788624587
242.765298198953
342.549253651601
275.280624160407
342.549253651601
275.280624160407
334.366788624587
275.280624160407
275.280624160407
275.280624160407
242.765298198953
275.280624160407
333.489520289345
275.280624160407
275.280624160407
334.366788624587
242.765298198953
334.366788624587
242.765298198953
334.366788624587
334.366788624587
311.110550239561
242.765298198953
242.765298198953
275.280624160407
275.280624160407
275.280624160407
334.366788624587
242.765298198953
242.765298198953
334.366788624587
275.280624160407
311.110550239561
275.280624160407
333.489520289345
334.366788624587
334.366788624587
342.549253651601
311.110550239561
275.280624160407
333.489520289345
242.765298198953
334.366788624587
275.280624160407
334.366788624587
311.110550239561
333.489520289345
333.489520289345
334.366788624587
275.280624160407
334.366788624587
311.110550239561
275.280624160407
242.765298198953
275.280624160407
275.280624160407
275.280624160407
333.489520289345
242.765298198953
333.489520289345
334.366788624587
342.549253651601
275.280624160407
334.366788624587
275.280624160407
334.366788624587
333.489520289345
275.280624160407
275.280624160407
275.280624160407
333.489520289345
334.366788624587
275.280624160407
334.366788624587
311.110550239561
275.280624160407
275.280624160407
342.549253651601
334.366788624587
334.366788624587
275.280624160407
275.280624160407
275.280624160407
342.549253651601
334.366788624587
311.110550239561
342.549253651601
275.280624160407
342.549253651601
275.280624160407
342.549253651601
333.489520289345
275.280624160407
275.280624160407
311.110550239561
311.110550239561
275.280624160407
334.366788624587
334.366788624587
242.765298198953
275.280624160407
311.110550239561
333.489520289345
342.549253651601
275.280624160407
333.489520289345
334.366788624587
242.765298198953
275.280624160407
242.765298198953
275.280624160407
334.366788624587
334.366788624587
275.280624160407
275.280624160407
333.489520289345
342.549253651601
334.366788624587
334.366788624587
342.549253651601
275.280624160407
275.280624160407
275.280624160407
334.366788624587
311.110550239561
275.280624160407
333.489520289345
275.280624160407
275.280624160407
333.489520289345
275.280624160407
275.280624160407
311.110550239561
334.366788624587
242.765298198953
275.280624160407
242.765298198953
275.280624160407
275.280624160407
311.110550239561
275.280624160407
275.280624160407
275.280624160407
334.366788624587
334.366788624587
333.489520289345
275.280624160407
334.366788624587
334.366788624587
275.280624160407
342.549253651601
342.549253651601
334.366788624587
334.366788624587
242.765298198953
275.280624160407
333.489520289345
275.280624160407
242.765298198953
275.280624160407
275.280624160407
334.366788624587
275.280624160407
275.280624160407
275.280624160407
334.366788624587
333.489520289345
311.110550239561
242.765298198953
242.765298198953
275.280624160407
275.280624160407
275.280624160407
342.549253651601
334.366788624587
275.280624160407
334.366788624587
275.280624160407
275.280624160407
242.765298198953
334.366788624587
311.110550239561
311.110550239561
334.366788624587
342.549253651601
275.280624160407
275.280624160407
334.366788624587
311.110550239561
242.765298198953
275.280624160407
242.765298198953
242.765298198953
334.366788624587
311.110550239561
275.280624160407
275.280624160407
333.489520289345
275.280624160407
311.110550239561
275.280624160407
333.489520289345
334.366788624587
275.280624160407
333.489520289345
342.549253651601
334.366788624587
333.489520289345
275.280624160407
334.366788624587
333.489520289345
311.110550239561
242.765298198953
334.366788624587
275.280624160407
275.280624160407
242.765298198953
333.489520289345
