
1948 1007.334 1007.014 1005.878 1004.915 1003.644 1002.654 1003.105 1001.746 1002.996 1003.980 1005.629 1006.143
1949 1007.867 1005.911 1005.933 1005.378 1004.119 1003.366 1003.651 1003.549 1003.545 1003.506 1004.654 1003.461
1950 1004.860 1005.229 1004.885 1003.406 1003.232 1002.345 1002.982 1003.464 1003.546 1004.392 1003.841 1006.143
1951 1006.825 1005.454 1006.436 1005.181 1004.891 1003.910 1004.699 1003.902 1004.853 1005.464 1005.635 1006.171
1952 1007.488 1006.259 1005.704 1005.856 1004.301 1003.470 1003.571 1003.287 1004.426 1004.257 1004.871 1006.877
1953 1007.417 1007.875 1006.017 1005.285 1004.931 1003.571 1004.331 1002.790 1004.499 1005.312 1005.592 1005.954
1954 1005.181 1006.180 1005.753 1004.371 1003.432 1003.405 1003.153 1002.396 1002.792 1004.695 1004.768 1005.477
1955 1008.157 1004.613 1005.728 1004.092 1002.728 1003.145 1003.332 1003.351 1003.741 1003.737 1003.783 1005.734
1956 1005.054 1005.056 1005.721 1003.228 1003.224 1003.579 1003.168 1002.483 1002.613 1004.692 1004.782 1005.432
1957 1006.153 1007.047 1006.329 1005.411 1004.652 1003.067 1003.007 1002.147 1003.599 1005.268 1006.436 1006.131
1958 1008.473 1007.601 1006.524 1005.496 1003.604 1002.727 1002.735 1003.204 1002.873 1004.117 1005.788 1007.144
1959 1008.422 1007.487 1006.462 1004.988 1003.502 1003.673 1003.467 1002.248 1003.559 1004.836 1004.252 1005.664
1960 1006.665 1006.744 1005.546 1004.314 1003.366 1002.453 1003.486 1001.799 1003.106 1004.497 1005.701 1006.413
1961 1008.031 1005.555 1006.751 1004.522 1002.954 1002.708 1002.735 1002.408 1003.169 1004.391 1005.854 1005.180
1962 1006.072 1007.635 1005.811 1004.856 1003.193 1003.273 1001.590 1003.803 1003.154 1004.432 1004.917 1006.402
1963 1006.727 1008.274 1006.695 1005.477 1003.489 1003.070 1003.050 1002.878 1003.676 1005.737 1006.031 1006.536
1964 1006.782 1006.650 1006.214 1004.023 1002.375 1002.436 1003.018 1001.500 1001.883 1003.224 1003.155 1005.729
1965 1006.884 1005.357 1005.889 1004.661 1003.168 1003.254 1002.411 1003.573 1003.571 1005.223 1005.593 1005.599
1966 1007.743 1006.386 1004.795 1004.317 1003.140 1004.383 1002.503 1003.264 1003.619 1004.898 1004.266 1004.236
1967 1006.610 1006.868 1006.348 1005.404 1003.555 1002.528 1002.440 1002.410 1004.220 1005.038 1005.549 1007.615
1968 1006.444 1008.210 1005.777 1006.090 1004.181 1004.247 1003.116 1002.686 1003.694 1005.791 1006.983 1006.039
1969 1006.207 1007.179 1006.784 1006.221 1003.766 1003.587 1003.333 1004.435 1002.902 1005.122 1005.418 1006.756
1970 1007.670 1007.798 1005.849 1005.787 1003.997 1003.522 1003.796 1002.687 1002.938 1002.947 1004.667 1004.947
1971 1006.564 1005.319 1006.144 1004.479 1003.371 1003.085 1002.278 1003.783 1003.328 1004.083 1005.331 1005.539
1972 1006.558 1005.372 1006.667 1005.854 1004.114 1003.111 1001.652 1003.654 1004.446 1006.209 1005.733 1007.164
1973 1007.508 1008.083 1006.760 1004.655 1004.448 1003.171 1002.392 1002.890 1004.834 1003.117 1004.412 1005.574
1974 1005.524 1005.704 1006.592 1004.569 1003.745 1002.794 1003.661 1002.191 1004.317 1003.134 1004.092 1005.281
1975 1006.801 1006.812 1005.544 1004.010 1003.586 1002.766 1003.722 1002.066 1003.755 1003.232 1005.469 1004.752
1976 1006.554 1006.414 1005.653 1005.514 1003.662 1003.219 1003.729 1004.405 1004.424 1005.495 1005.240 1006.076
1977 1006.337 1007.756 1008.419 1005.813 1004.516 1003.756 1002.302 1003.383 1003.336 1006.490 1006.319 1007.545
1978 1007.993 1009.315 1006.346 1005.498 1003.063 1003.219 1002.924 1001.849 1003.464 1003.846 1005.956 1006.867
1979 1008.184 1006.714 1005.951 1004.872 1003.948 1003.719 1004.230 1002.976 1004.691 1005.211 1005.449 1007.597
1980 1006.630 1007.619 1006.697 1005.338 1004.162 1004.335 1003.860 1004.162 1004.239 1005.024 1005.261 1005.682
1981 1007.545 1007.158 1007.681 1005.822 1004.064 1003.255 1003.198 1002.690 1004.092 1004.937 1004.960 1007.747
1982 1007.592 1007.008 1006.050 1005.667 1004.626 1003.971 1003.273 1003.705 1004.926 1005.753 1006.044 1006.873
1983 1008.931 1008.716 1007.741 1005.842 1004.944 1003.959 1003.946 1004.089 1004.495 1004.358 1005.941 1007.212
1984 1006.343 1005.788 1006.151 1004.549 1003.833 1002.462 1003.352 1001.815 1004.568 1004.355 1005.782 1005.156
1985 1007.381 1003.630 1005.992 1003.347 1003.318 1002.455 1004.163 1002.795 1003.955 1004.800 1005.249 1006.037
1986 1006.374 1007.001 1005.837 1005.222 1003.734 1002.922 1003.959 1001.685 1004.682 1005.632 1005.322 1007.836
1987 1008.436 1009.087 1007.351 1006.268 1005.501 1003.548 1004.158 1004.284 1004.668 1005.594 1004.918 1006.967
1988 1006.213 1006.492 1004.797 1005.145 1003.638 1003.499 1003.585 1004.323 1003.272 1002.774 1005.055 1006.877
1989 1005.442 1006.640 1005.361 1004.297 1003.132 1004.051 1003.303 1002.809 1003.857 1004.597 1006.217 1007.556
1990 1006.924 1008.173 1007.730 1004.744 1003.524 1002.683 1003.393 1002.706 1004.071 1004.994 1005.183 1007.072
1991 1007.039 1007.291 1006.428 1005.035 1004.765 1003.858 1003.629 1003.093 1004.399 1004.754 1006.423 1007.052
1992 1009.364 1007.784 1007.184 1005.248 1003.941 1002.567 1004.428 1002.881 1003.841 1004.336 1006.701 1007.909
1993 1007.631 1008.117 1007.263 1005.927 1004.985 1004.189 1003.538 1004.531 1005.026 1006.248 1005.067 1005.605
1994 1006.411 1005.816 1006.891 1004.723 1004.134 1003.267 1002.439 1003.977 1004.528 1005.645 1006.483 1007.055
1995 1007.767 1007.498 1006.251 1005.204 1004.249 1003.442 1003.482 1003.642 1004.134 1003.757 1005.054 1006.228
1996 1006.008 1006.590 1005.287 1004.347 1004.236 1004.370 1002.926 1003.908 1002.282 1004.275 1003.771 1006.034
1997 1007.374 1005.412 1007.244 1006.174 1003.895 1004.230 1003.604 1003.769 1005.942 1006.925 1007.050 1007.401
1998 1007.967 1008.441 1007.148 1006.044 1004.094 1003.873 1004.058 1004.371 1003.626 1003.555 1003.558 1004.713
1999 1004.172 1006.758 1002.858 1003.258 1004.001 1003.255 1002.380 1003.968 1003.844 1004.420 1004.407 1004.619
2000 1005.733 1004.875 1004.464 1003.983 1003.143 1003.640 1002.018 1002.604 1003.960 1002.910 1004.042 1004.241
2001 1005.161 1004.583 1005.074 1004.237 1003.439 1002.651 1002.545 1002.055 1003.654 1004.471 1004.830 1006.979
2002 1007.559 1008.379 1006.239 1004.753 1004.118 1003.539 1002.917 1002.966 1004.812 1005.016 1005.623 1006.869
2003 1008.126 1007.044 1006.653 1004.993 1003.215 1003.992 1004.031 1003.364 1004.153 1005.064 1005.198 1006.519
2004 1007.089 1006.828 1005.847 1005.061 1003.760 1003.571 1004.019 1003.013 1005.231 1005.934 1005.681 1006.186
2005 1007.451 1007.775 1007.420 1006.337 1003.917 1003.045 1003.601 1003.314 1003.737 1004.773 1005.072 1005.114
2006 1005.705 1006.618 1005.217 1004.616 1004.378 1003.793 1003.148 1002.789 1004.146 1005.635 1005.370 1005.679
2007 1007.412 1007.046 1005.674 1005.425 1004.271 1002.710 1003.269 1002.697 1002.756 1003.914 1003.905 1004.843
2008 1005.807 1006.280 1005.338 1004.115 1003.133 1003.904 1003.443 1003.605 1003.417 1004.923 1004.449 1005.046
2009 1006.695 1005.136 1005.532 1004.067 1003.189 1003.180 1002.975 1002.802 1002.477 1004.525 1004.836 1006.826
2010 1007.612 1007.393 1006.839 1005.853 1003.351 1004.195 1004.058 1003.582 1004.213 1003.301 1004.359 1003.467
2011 1005.158 1005.522 1005.321 1005.067 1003.767 1002.734 1002.632 1003.224 1003.326 1004.448 1004.109 1004.785
2012 1005.688 1004.941 1004.858 1005.135 1002.981 1002.233 1002.466 1003.063 1003.904 1004.725 1005.297 1005.084
2013 1006.807 1005.971 1006.299 1004.318 1003.890 1002.116 1002.930 1003.179 1003.127 1004.980 1004.615 1005.282
2014 1007.643 1006.616 1006.869 1005.199 1004.312 1002.210 1002.835 1004.366 -999.999 -999.999 -999.999 -999.999