
1948   25.102   25.609   25.286   25.332   24.765   23.544   22.195   22.110   22.176   23.292   23.886   25.079
1949   25.317   25.343   25.489   25.340   24.652   23.396   22.729   22.366   22.131   22.835   24.220   24.733
1950   25.368   25.281   25.540   24.899   24.314   22.976   22.506   22.861   22.418   23.323   23.794   24.607
1951   25.451   25.240   25.352   24.860   24.195   22.795   22.705   22.079   22.473   23.468   24.609   25.101
1952   25.976   26.167   26.156   25.714   24.574   22.933   22.102   21.918   22.407   22.736   23.847   24.917
1953   25.409   25.551   26.054   25.814   25.082   24.337   22.887   21.952   22.615   23.451   24.520   25.800
1954   25.859   26.004   26.045   25.585   24.882   23.868   22.766   22.274   22.041   22.844   23.641   24.797
1955   25.569   25.735   26.059   25.376   23.855   22.668   22.039   22.052   22.542   23.090   24.010   24.786
1956   25.377   25.355   25.593   24.858   23.438   22.354   21.784   21.861   21.676   22.392   23.852   25.088
1957   25.930   25.629   25.845   25.431   24.663   23.126   22.534   22.022   22.340   23.073   24.119   25.581
1958   26.242   26.475   26.231   25.770   24.623   22.888   22.291   22.077   22.253   23.118   24.083   25.024
1959   25.858   26.301   25.919   25.299   24.377   23.004   21.518   21.663   22.687   23.277   24.677   25.142
1960   25.388   25.483   25.698   25.199   24.239   22.759   21.915   21.406   21.903   22.178   23.282   24.534
1961   25.426   25.731   25.792   25.467   24.443   23.150   22.225   21.753   21.999   23.368   24.600   25.437
1962   25.443   25.653   25.700   25.065   24.278   22.706   22.035   21.942   22.182   22.895   24.274   24.972
1963   25.403   25.349   25.341   25.219   24.337   23.285   22.235   21.910   21.874   23.319   24.453   25.300
1964   25.917   26.485   26.510   25.764   24.370   22.965   21.766   21.381   21.910   22.314   23.566   25.054
1965   25.541   25.970   25.511   25.493   24.369   22.908   22.363   21.831   22.080   23.336   24.087   24.638
1966   25.503   25.879   25.567   25.660   24.850   23.584   22.911   22.184   22.953   23.583   24.596   25.529
1967   25.877   25.831   26.096   25.931   24.379   23.431   23.123   22.471   22.687   23.533   24.962   26.149
1968   25.636   25.947   26.348   25.655   24.361   23.635   22.289   21.865   22.318   22.974   23.898   25.026
1969   25.846   26.415   26.917   26.290   25.033   23.711   23.052   22.712   23.389   23.970   25.121   26.212
1970   26.484   26.730   27.167   26.150   25.166   23.840   23.171   22.098   22.350   23.050   24.076   24.869
1971   25.625   25.670   25.479   25.251   24.237   23.267   22.238   21.645   21.601   22.730   24.398   25.013
1972   25.735   25.824   25.655   25.517   24.735   24.155   22.926   22.737   23.036   24.130   25.729   26.260
1973   26.600   26.664   26.608   26.112   25.309   23.392   22.835   22.154   22.719   23.398   23.661   24.681
1974   25.005   25.219   25.472   25.024   24.221   23.389   22.249   21.912   21.928   22.646   23.876   25.355
1975   25.798   26.110   26.155   25.725   25.155   23.579   23.062   21.909   22.317   22.473   23.882   24.439
1976   25.187   25.646   25.522   25.393   24.735   24.030   23.167   22.634   23.011   23.444   24.571   25.594
1977   26.141   26.248   26.143   26.001   25.337   23.951   23.230   23.071   22.935   23.823   24.644   25.552
1978   26.127   26.430   25.909   25.813   24.708   23.480   22.759   22.382   22.682   23.587   24.195   25.381
1979   26.216   26.825   26.292   25.754   25.157   23.989   22.928   23.068   23.219   23.893   24.876   26.112
1980   26.108   26.079   26.397   26.158   24.872   24.244   22.788   22.604   22.654   23.691   24.502   25.290
1981   25.494   25.683   26.450   26.226   25.241   24.031   23.308   22.936   23.169   23.627   24.493   25.499
1982   25.845   25.990   26.042   26.233   25.575   24.055   23.407   23.083   23.568   23.944   25.072   26.144
1983   26.426   27.059   26.648   26.242   25.261   24.143   23.313   22.742   22.649   23.312   24.232   25.601
1984   26.362   26.075   26.081   25.487   24.405   23.386   21.713   22.373   22.900   23.262   24.526   25.349
1985   26.134   26.356   26.260   25.753   24.903   23.664   23.026   22.390   22.716   22.968   24.301   25.554
1986   26.162   26.298   26.216   25.674   25.040   24.119   23.309   23.028   23.378   24.029   24.978   26.141
1987   26.632   27.081   27.501   27.098   25.836   24.548   23.830   23.149   23.555   24.072   24.837   25.719
1988   26.562   27.053   27.320   26.318   25.121   23.980   23.392   23.201   23.505   24.290   24.899   25.556
1989   26.146   26.310   26.325   25.711   24.428   23.219   22.538   21.863   22.487   23.219   24.066   25.661
1990   25.760   26.414   26.229   25.935   25.078   23.957   23.366   22.404   22.956   23.873   24.879   25.817
1991   26.408   26.476   26.599   26.240   25.494   24.393   23.339   23.419   23.569   24.364   25.023   25.665
1992   26.522   26.324   26.261   25.935   24.746   23.277   22.609   22.048   22.236   23.092   23.808   24.466
1993   25.675   25.974   25.994   25.703   24.936   23.653   22.174   22.177   22.029   22.836   24.270   25.127
1994   25.958   25.923   26.173   26.105   24.923   23.766   23.131   22.301   22.811   23.479   24.058   25.380
1995   26.441   26.683   26.666   25.789   24.767   24.375   23.327   22.488   22.551   22.718   23.793   25.332
1996   26.019   26.230   26.292   25.839   24.638   23.725   22.129   21.927   21.540   22.415   23.763   25.530
1997   25.770   25.381   26.191   26.208   24.868   23.692   23.050   22.494   22.768   23.477   25.484   26.701
1998   27.212   27.666   27.508   26.881   25.672   24.425   22.936   22.271   22.157   22.621   23.148   24.311
1999   25.023   25.525   25.910   25.774   24.716   23.478   22.204   21.908   22.362   23.265   24.186   25.179
2000   26.350   26.271   25.881   25.622   24.965   23.171   22.652   22.256   22.520   23.090   23.771   25.443
2001   26.170   26.315   26.617   26.205   25.367   23.825   22.987   23.064   23.373   23.444   24.344   25.483
2002   26.653   26.830   26.527   25.847   24.781   23.914   23.137   22.143   22.346   23.798   25.162   26.508
2003   27.240   27.018   26.547   26.408   25.427   23.774   23.401   23.070   23.017   23.755   24.911   25.630
2004   26.758   26.746   26.657   26.062   25.005   23.677   22.730   22.010   22.432   23.358   24.098   25.188
2005   26.476   26.770   27.630   26.817   25.474   23.651   22.863   22.156   22.367   22.935   23.757   25.405
2006   26.049   26.656   26.386   25.906   25.253   24.127   22.659   22.166   22.710   23.748   24.989   26.289
2007   26.846   27.416   26.347   25.840   24.817   23.724   22.898   22.255   22.421   22.994   24.552   25.753
2008   26.517   26.208   26.485   25.855   25.082   23.761   22.721   22.979   23.154   24.020   25.162   26.428
2009   27.541   27.459   27.167   27.150   26.250   24.732   23.054   22.477   22.770   23.971   25.134   26.290
2010   27.522   27.873   27.588   26.901   26.069   24.265   23.062   22.567   22.678   23.884   24.571   25.535
2011   26.497   26.761   26.794   25.927   25.266   23.880   22.931   22.677   23.241   23.903   25.242   26.376
2012   27.053   27.511   26.811   26.887   25.614   23.792   23.128   22.605   22.875   23.661   25.168   26.528
2013   26.771   27.327   27.280   26.451   25.014   24.195   23.546   23.165   23.511   24.039   25.358   26.618
2014   27.216   27.241   27.459   27.140   25.996   24.540   23.839   23.101 -999.999 -999.999 -999.999 -999.999