1948   -1.597   -0.756   -0.993    1.540    1.888    2.434    1.819    3.016    2.842    2.969    2.212    1.203
1949   -0.536   -0.463    0.533    1.033    2.300    3.310    3.282    3.426    3.826    4.234    2.483    1.985
1950    0.832    0.088    0.500    1.274    2.605    3.449    3.060    2.898    3.991    2.864    2.043   -0.464
1951   -1.228   -0.249   -1.364    0.905    2.167    2.447    2.572    3.525    2.983    2.880    1.945    0.128
1952   -1.943   -1.210   -0.446    0.271    1.857    3.685    3.555    3.494    3.419    3.896    1.612    1.113
1953   -1.688   -1.436   -0.199    0.272    1.957    2.635    2.599    4.008    3.065    2.438    1.902    0.868
1954   -2.049   -2.074   -1.898   -0.555    0.120    1.427    1.569    2.395    2.753    0.799    0.539   -2.238
1955   -3.230   -2.613   -2.483   -1.113    0.894    1.742    1.847    1.525    0.900    0.860    0.562   -2.197
1956   -2.160   -2.255   -2.494    0.122    0.698    0.904    1.999    2.712    2.489    0.307   -0.384   -1.519
1957   -2.393   -3.278   -2.721   -1.391   -0.234    1.976    1.905    3.135    2.763    0.215   -1.690   -2.795
1958   -3.412   -3.275   -2.912   -2.678    0.582    2.032    2.360    1.797    2.887    1.356   -1.457   -2.489
1959   -3.670   -3.248   -2.883   -1.539   -1.092    1.141    1.788    2.480    1.632    0.240   -0.747   -2.012
1960   -2.666   -3.148   -1.834   -1.022    0.142    2.667    1.048    3.067    2.483    1.125   -0.513   -2.508
1961   -3.235   -3.245   -2.674   -1.846    0.839    2.688    2.341    3.130    2.845    1.188   -2.437   -2.325
1962   -3.145   -2.935   -2.836   -1.792   -0.182    1.781    3.403    2.242    2.619    0.223   -0.448   -1.907
1963   -3.163   -4.143   -3.463   -3.080   -1.156    2.865    1.907    2.733    2.193    0.073   -2.297   -2.324
1964   -3.276   -4.719   -3.296   -2.583    1.497    1.942    1.193    3.007    2.814    1.636    1.197   -2.398
1965   -2.537   -3.156   -2.475   -1.558    0.441    2.515    3.306    1.489    2.644   -0.502   -1.315   -2.936
1966   -3.830   -3.626   -1.773   -1.625    1.696    1.034    2.072    1.814    1.501   -0.176   -0.830   -1.646
1967   -3.197   -3.952   -3.141   -2.041    0.069    1.789    2.555    3.060    1.987    0.742   -2.202   -3.967
1968   -3.461   -3.574   -3.243   -3.115   -0.459    0.708    2.833    3.668    2.956   -0.250   -1.783   -3.027
1969   -3.160   -3.691   -3.279   -2.588   -0.284    1.877    2.487    0.903    2.777   -0.178   -0.602   -2.340
1970   -3.183   -3.088   -2.849   -2.463   -0.781    2.019    2.321    2.430    1.841    2.229   -0.961   -1.836
1971   -2.865   -2.609   -2.314   -1.455    0.343    2.573    2.597    1.607    1.785    1.286   -0.251   -2.024
1972   -2.016   -1.936   -2.770   -2.032    1.047    1.369    2.827    2.057    1.217   -0.908   -1.666   -2.495
1973   -3.412   -3.516   -3.597   -1.719   -0.929    1.414    2.207    2.419    1.375    0.991   -0.542   -2.368
1974   -2.442   -3.037   -3.111   -1.415    0.417    2.104    1.809    2.887    0.886    2.357   -0.115   -1.517
1975   -3.098   -3.336   -2.071   -1.621    0.275    2.272    1.300    2.045    1.303    1.943   -0.932   -1.136
1976   -2.106   -2.758   -2.728   -1.410    1.291    1.886    1.961    1.478    2.191   -0.319   -1.274   -1.724
1977   -2.163   -3.333   -3.284   -2.480   -0.289    1.233    1.797    2.324    2.419   -0.674   -1.412   -2.811
1978   -3.091   -3.335   -2.496   -1.498   -0.211    1.374    1.494    3.291    2.173    0.999   -0.528   -2.580
1979   -3.087   -2.626   -2.492   -1.190    0.794    1.520    2.214    2.089    0.776    0.724   -1.464   -2.545
1980   -2.660   -3.706   -2.191   -1.917    0.128    1.194    2.090    2.737    2.158    0.933   -0.735   -1.901
1981   -2.129   -2.833   -3.300   -1.788   -0.744    2.019    2.154    2.544    1.790    0.787   -0.653   -2.859
1982   -2.529   -2.787   -2.124   -1.644   -0.172    2.107    2.444    2.767    1.873   -0.264   -1.926   -2.563
1983   -3.596   -3.197   -2.653   -2.087   -0.984    1.168    1.262    1.701    1.355    1.109   -0.203   -2.880
1984   -2.879   -3.419   -2.528   -1.006    0.290    2.580    1.395    3.461    1.169    2.183   -1.816   -2.504
1985   -3.058   -2.590   -2.917   -0.324   -0.301    3.062    2.081    2.602    2.008    0.826   -0.606   -1.932
1986   -2.651   -2.444   -2.505   -2.298    0.667    1.492    2.319    3.528    1.685    0.430   -0.010   -2.974
1987   -3.705   -3.375   -3.228   -2.146   -0.793    1.553    2.186    1.539    1.623   -0.428    0.493   -2.304
1988   -2.784   -2.864   -2.664   -1.989    0.336    1.953    1.504    0.801    1.636    2.812   -1.850   -2.852
1989   -3.445   -2.840   -2.435   -0.821    0.878    1.916    1.478    3.010    1.725    0.675   -2.191   -3.046
1990   -3.008   -3.465   -2.836   -1.561    0.302    3.020    3.059    3.194    2.315    0.330    0.368   -3.100
1991   -3.273   -2.784   -2.510   -1.871   -1.098    1.222    1.848    2.755    2.639    0.266   -1.489   -3.016
1992   -3.610   -2.908   -2.693   -1.125    0.145    1.918    1.360    3.324    2.098    1.976   -2.316   -3.221
1993   -3.476   -3.021   -2.647   -1.604   -0.824    1.278    2.217    2.469    2.047    0.153   -1.303   -1.223
1994   -2.679   -2.644   -3.129   -1.260    1.322    1.826    2.847    2.405    2.760    0.167   -2.828   -2.133
1995   -3.592   -3.184   -2.638   -2.454   -0.270    1.237    1.098    1.693    2.445    0.844   -0.929   -1.385
1996   -2.147   -3.608   -2.508   -1.169    0.932   -0.117    1.864    1.763    2.924    1.251    0.631   -1.869
1997   -2.815   -2.070   -2.545   -1.648    0.783    1.229    2.540    2.689    1.187   -0.579   -1.948   -3.482
1998   -3.867   -3.019   -3.428   -2.506   -0.954    1.166    0.922    1.413    2.247    1.527    0.824   -0.957
1999   -2.075   -2.826   -1.366    0.863    0.754    2.487    2.975    2.349    1.609    0.554    0.085   -0.953
2000   -3.025   -1.877   -1.352   -0.653    1.648    1.698    2.619    3.147    1.222    2.392   -1.762   -0.939
2001   -2.575   -2.187   -1.663   -0.873    0.919    2.535    2.349    3.707    2.016    0.865   -0.552   -2.031
2002   -3.469   -3.094   -2.448   -1.917    0.239    1.971    2.837    3.127    2.410    0.619   -1.124   -2.826
2003   -3.105   -3.225   -2.984   -1.448    1.331    1.166    1.918    2.587    2.682    0.873   -1.352   -2.344
2004   -3.186   -2.475   -2.147   -1.251    1.354    2.996    1.914    3.100    0.677   -0.554   -1.766   -2.376
2005   -2.861   -2.734   -2.777   -2.028    0.748    1.794    2.404    2.399    2.315    0.783   -0.236   -1.210
2006   -1.735   -3.286   -2.291   -1.453    0.293    1.595    2.655    2.825    2.271    0.389   -1.789   -2.245
2007   -2.811   -2.555   -2.332   -2.291    0.200    0.684    1.757    2.512    2.596    1.147    0.596   -2.211
2008   -2.192   -2.671   -2.597   -1.576    1.775    1.063    2.078    1.549    2.790    0.274   -1.083   -2.096
2009   -2.055   -1.768   -1.939    0.161    0.485    1.937    2.556    2.056    3.196    1.183   -1.680   -2.802
2010   -2.932   -2.847   -2.775   -2.407   -0.965    0.959    1.156    1.532    0.638    1.041   -0.914   -1.299
2011   -2.350   -2.509   -2.534   -1.761    0.557    1.919    2.255    1.883    2.597   -0.252   -0.944   -1.786
2012   -2.620   -2.170   -1.789   -0.804    1.229    2.525    2.520    2.489    2.368   -0.332   -1.741   -2.522
2013   -2.397   -2.922   -2.313   -1.356    0.007    1.545    2.324    2.251    2.233    0.596   -1.798   -1.941
2014   -2.258   -2.529 -999.999 -999.999 -999.999 -999.999 -999.999 -999.999 -999.999 -999.999 -999.999 -999.999