
1948   -4.340   -4.585   -3.019   -3.393   -2.438   -0.441   -1.148    0.705   -1.240   -1.084   -1.854   -3.667
1949   -5.300   -5.236   -5.593   -5.425   -4.644   -3.721   -2.417   -1.562   -1.862   -2.624   -4.809   -6.099
1950   -6.025   -6.592   -7.242   -5.114   -4.620   -3.891   -1.060   -2.414   -3.344   -3.156   -3.916   -4.305
1951   -5.955   -6.148   -3.936   -5.501   -4.303   -2.281   -3.446   -1.753   -1.902   -1.305   -4.060   -4.551
1952   -5.739   -6.589   -5.685   -5.128   -5.090   -3.985   -2.731   -1.059   -0.870   -0.943   -2.103   -2.582
1953   -4.822   -6.145   -4.104   -4.707   -2.596   -3.954   -3.517   -1.960   -2.594   -3.242   -4.060   -5.674
1954   -5.586   -4.202   -3.995   -3.949   -3.740   -3.280   -2.474   -2.463   -1.982   -2.762   -3.816   -5.084
1955   -6.233   -5.957   -4.639   -3.345   -3.508   -2.990   -1.452   -2.345   -2.419   -3.060   -4.163   -3.269
1956   -5.294   -5.746   -5.296   -4.119   -3.433   -2.291   -2.161   -1.781   -0.154   -2.082   -2.953   -5.449
1957   -5.587   -4.978   -5.265   -4.290   -2.648   -1.190   -0.731    0.158    0.340    0.096    1.168   -2.836
1958   -4.570   -5.235   -5.370   -5.080   -4.464   -3.533   -0.803   -0.941    0.567   -0.122   -0.880   -2.444
1959   -4.651   -4.282   -4.274   -3.639   -2.972   -0.798   -0.086    0.083   -0.453   -0.368   -3.210   -4.711
1960   -5.278   -6.084   -4.317   -3.880   -3.466   -2.453   -2.724   -1.834   -1.474   -1.449   -1.507   -4.413
1961   -5.259   -5.438   -4.940   -3.681   -3.106   -2.022   -1.203   -1.514   -0.710   -1.883   -2.512   -4.529
1962   -4.871   -5.485   -4.905   -3.262   -3.154   -2.079   -1.901   -2.197   -1.517   -2.779   -3.188   -4.751
1963   -5.119   -5.130   -4.703   -3.418   -2.972   -1.173   -1.292   -1.236   -0.759   -0.035   -2.155   -3.475
1964   -5.853   -6.841   -5.276   -4.777   -3.513   -3.150   -2.831   -2.058   -2.842   -2.626   -3.506   -4.192
1965   -6.313   -6.587   -6.395   -5.371   -4.896   -2.251   -0.152    0.342    0.827    0.482    0.266   -4.689
1966   -5.515   -5.613   -5.425   -4.281   -3.723   -2.389   -1.457   -1.920   -1.211   -1.426   -1.785   -5.000
1967   -6.417   -6.012   -5.518   -4.194   -2.622   -3.512   -1.664   -1.405   -1.832   -1.787   -3.228   -4.844
1968   -6.215   -5.735   -6.336   -3.637   -3.603   -3.369   -2.470   -1.056   -1.409   -1.406   -2.073   -3.217
1969   -4.159   -4.492   -4.881   -6.329   -5.135   -3.968   -3.283   -1.377   -2.185   -1.652   -3.065   -5.755
1970   -5.269   -6.014   -6.037   -5.870   -5.192   -4.759   -3.331   -4.242   -3.696   -4.664   -3.827   -5.329
1971   -5.021   -5.761   -6.221   -4.825   -5.834   -4.670   -3.856   -3.092   -3.843   -3.999   -3.860   -5.133
1972   -4.360   -5.342   -4.656   -2.895   -1.131   -2.235    2.258    0.017    1.573    2.978   -2.102   -3.372
1973   -5.532   -5.518   -6.290   -6.524   -5.063   -5.486   -4.178   -4.492   -5.075   -4.508   -5.064   -6.326
1974   -5.008   -6.338   -4.619   -5.059   -5.170   -3.920   -2.842   -2.765   -3.010   -3.653   -3.504   -4.885
1975   -6.397   -6.263   -6.042   -5.535   -5.146   -5.035   -3.537   -3.676   -4.937   -4.184   -4.989   -5.878
1976   -6.223   -4.744   -5.164   -4.638   -3.809   -2.788   -0.978    0.133    0.791   -2.575   -3.699   -4.470
1977   -6.514   -6.476   -5.253   -3.913   -4.296   -3.484   -2.072   -1.485    0.058   -0.377   -0.893   -1.274
1978   -3.679   -5.210   -4.832   -4.694   -4.844   -3.713   -2.492   -2.022   -1.240   -1.739   -2.962   -4.030
1979   -4.929   -5.532   -6.382   -5.405   -5.612   -5.051   -2.604   -0.972   -2.226   -2.234   -1.965   -2.712
1980   -4.777   -6.155   -5.222   -2.545   -2.813   -2.488   -1.632   -0.989    0.005   -1.683   -2.646   -5.388
1981   -6.069   -5.729   -3.006   -4.869   -4.742   -3.870   -3.399   -2.416   -1.935   -1.493   -3.061   -4.607
1982   -5.970   -5.076   -4.932   -3.415   -2.798   -1.701    1.187    2.159    3.619    2.527    2.408   -5.765
1983   -6.563   -6.872   -5.717   -5.201   -5.225   -4.081   -2.178   -1.843   -1.866   -2.604   -3.831   -5.330
1984   -5.673   -6.090   -6.775   -6.211   -5.827   -4.700   -3.839   -2.330   -2.269   -2.119   -2.690   -5.146
1985   -5.814   -6.533   -6.135   -4.185   -4.642   -3.910   -2.567   -2.306   -2.779   -2.020   -3.026   -5.365
1986   -6.471   -6.253   -6.150   -5.235   -1.996   -2.695   -0.373   -0.581    0.162   -0.660   -2.506   -1.933
1987   -6.563   -6.400   -5.963   -5.014   -3.619   -3.444   -0.422    0.068    2.162   -1.507   -2.871   -5.237
1988   -6.412   -6.994   -7.132   -5.858   -6.163   -3.753   -3.319   -3.328   -4.113   -4.525   -6.053   -6.274
1989   -6.979   -6.233   -5.591   -5.692   -5.353   -3.319   -3.579   -2.008   -1.992   -2.341   -0.298   -3.995
1990   -5.102   -3.127   -4.049   -4.100   -3.730   -2.334   -0.968   -0.905   -0.751   -1.494    1.096   -1.756
1991   -4.407   -4.217   -4.065   -3.413   -3.678   -2.223   -0.847   -0.063    1.060   -0.117    0.716   -2.241
1992   -3.042   -4.038   -4.630   -3.251   -3.390   -2.979   -0.867   -0.970    0.728   -0.392    0.025   -2.186
1993   -3.721   -3.392   -3.782   -4.049   -3.320   -2.370   -1.891    0.256   -0.849    0.582   -1.784   -3.165
1994   -5.046   -4.813   -4.924   -4.265   -3.733   -2.203   -0.810    0.056    0.667    1.659    1.851   -1.043
1995   -4.049   -3.955   -4.178   -3.204   -3.394   -3.341   -2.173   -2.684   -2.052   -2.543   -2.807   -3.811
1996   -4.125   -4.560   -4.945   -4.431   -3.921   -2.989   -2.440   -2.452   -2.152   -2.340   -1.973   -2.494
1997   -3.035   -4.657   -2.269   -0.818    0.236    1.806    0.162    4.652    3.868    3.109   -1.949   -3.915
1998   -6.053   -6.349   -5.978   -6.411   -5.091   -4.145   -3.704   -2.620   -2.979   -3.386   -4.357   -5.446
1999   -6.744   -6.588   -6.406   -6.378   -5.018   -4.065   -3.764   -3.152   -2.571   -4.140   -3.517   -5.697
2000   -4.223   -6.490   -6.408   -6.904   -5.660   -5.459   -2.479   -1.917   -0.456   -2.985   -3.948   -6.570
2001   -6.813   -6.744   -6.020   -6.153   -4.976   -3.917   -1.694   -1.830   -0.676   -1.914   -2.023   -3.190
2002   -5.223   -5.053   -5.625   -4.012   -3.369   -3.642    0.720    1.429    2.935    1.519   -2.523   -3.762
2003   -5.212   -5.639   -5.715   -4.263   -4.280   -3.421   -2.711   -1.656   -1.187   -1.362   -1.724   -4.729
2004   -4.863   -5.591   -5.387   -4.761   -3.902   -2.121   -1.052    0.380   -1.026   -0.552   -1.828   -3.059
2005   -5.638   -5.094   -5.962   -5.736   -5.237   -4.545   -3.275   -1.086   -2.085   -2.380   -3.237   -6.051
2006   -6.477   -6.725   -5.792   -5.844   -3.692   -3.603   -1.711    0.244   -0.539    0.527   -1.781   -5.533
2007   -6.541   -5.939   -5.636   -5.851   -5.036   -5.425   -3.796   -3.004   -4.106   -3.162   -5.463   -7.043
2008   -6.505   -6.548   -6.115   -6.048   -5.254   -5.153   -5.189   -3.958   -3.613   -4.246   -5.767   -5.122
2009   -6.599   -7.213   -5.456   -6.022   -5.069   -3.463   -2.330   -0.364   -0.680   -0.651   -2.484   -4.021
2010   -5.304   -5.221   -6.176   -5.894   -5.639   -5.224   -5.010   -4.711   -4.429   -4.096   -5.070   -4.479
2011   -5.335   -4.349   -5.828   -5.622   -5.546   -5.879   -3.521   -3.174   -4.315   -2.951   -3.567   -6.953
2012   -5.807   -7.214   -5.965   -4.677   -4.907   -4.703   -4.413   -2.695   -2.664   -2.848   -4.303   -4.963
2013   -6.238   -7.363   -6.443   -6.260   -6.010   -5.173   -4.376   -2.986   -2.175   -1.766   -4.183   -5.737
2014   -6.080   -4.284   -4.466   -4.274   -4.290   -2.523   -1.434   -0.761 -999.999 -999.999 -999.999 -999.999