
1948   -5.343   -1.636   -2.601   -0.017    1.718    4.465    3.909    1.816    1.965   -3.818   -5.386   -2.538
1949   -5.533   -2.637   -1.148   -0.283    2.614    6.029    3.211    2.803   -0.080   -0.164   -4.506   -2.687
1950   -2.725   -3.377   -1.707    0.297    2.404    4.205    3.960    2.801    0.396   -2.061   -2.378   -5.719
1951   -3.511   -2.876   -2.284    1.130    2.174    4.690    2.943    2.841    1.294   -0.166   -4.081   -4.605
1952   -3.317   -2.693   -1.163    0.655    2.675    5.018    4.575    1.930    0.846   -4.066   -1.743   -5.153
1953   -4.776   -3.511   -1.590   -1.424    2.237    4.455    2.392    1.656    1.373   -1.726   -3.035   -5.922
1954   -2.808   -3.703   -3.627    0.953    2.350    4.352    2.959    2.294    0.359   -2.161   -3.256   -5.710
1955   -5.358   -2.262   -1.038    0.071    3.372    4.221    3.236    3.005   -0.394   -2.566   -4.687   -4.959
1956   -3.711   -3.532   -1.047    1.078    2.709    2.959    2.449    3.190    3.066   -2.001   -5.344   -5.199
1957   -4.429   -2.953   -1.754    0.296    2.057    4.999    2.476    1.789    1.812   -3.440   -3.419   -3.226
1958   -3.797   -2.192   -0.911    0.921    2.487    3.104    2.621    1.344    0.868   -2.113   -5.572   -4.614
1959   -4.853    0.185   -2.104    0.332    1.719    4.091    2.541    3.057    0.036   -0.674   -4.421   -4.910
1960   -4.331   -4.416   -0.299   -0.411    1.183    3.321    2.791    3.137    1.065   -4.566   -2.938   -6.558
1961   -5.866   -3.310   -1.793   -0.454    2.682    2.707    3.820    2.567   -0.211   -4.224   -3.404   -4.530
1962   -6.138   -3.180   -1.940   -1.916    3.636    4.068    4.019    2.662    0.721   -3.172   -3.807   -4.432
1963   -6.870   -5.007   -1.725   -1.315    2.151    3.768    2.028    2.205    2.079   -5.704   -2.769   -4.725
1964   -2.725   -4.281   -2.082    0.254    0.444    3.627    2.215    2.305    0.704   -2.079   -5.006   -5.107
1965   -5.753   -2.904   -2.636    0.074    2.755    5.293    2.340    2.034   -1.286   -3.749   -2.026   -4.091
1966   -2.138   -1.479    0.247    1.545    2.096    3.609    2.791    2.063   -0.169   -3.772   -3.077   -3.644
1967   -6.133   -4.432   -2.027    0.505    1.440    4.146    1.208    1.064   -3.283   -2.159   -3.695   -6.798
1968   -4.436   -4.728   -1.068   -1.781    1.313    2.791    2.877    2.842   -1.982   -4.705   -5.827   -2.740
1969   -1.518   -2.409   -1.193   -0.445    3.254    4.059    2.623    2.048    0.796   -2.730   -5.939   -6.612
1970   -4.295   -3.275   -1.904   -0.896    2.126    2.617    2.977    1.890    1.561   -1.569   -4.312   -3.546
1971   -5.926   -4.326   -4.780   -2.266   -0.253    3.487    1.589    1.035    1.640   -1.332   -5.280   -4.698
1972   -4.479   -3.216   -3.233   -0.426    1.931    3.423    2.507    2.917   -1.737   -4.462   -2.994   -3.198
1973   -3.207   -0.669   -2.056    2.089    1.893    4.600    3.237    2.360    1.294   -2.657   -5.694   -7.256
1974   -5.065   -4.268   -2.558   -0.065    0.905    3.061    2.505    1.705    0.945   -0.182   -4.515   -3.936
1975   -4.700   -2.998   -1.629    0.793    1.700    4.792    2.133    4.433    0.725   -0.175   -6.061   -6.039
1976   -6.124   -1.839   -2.351   -0.618    1.742    3.680    1.845    0.988   -0.924   -1.518   -5.730   -5.131
1977   -4.595   -5.048   -2.053    0.009    1.046    4.357    2.474    1.783    0.253   -4.353   -4.968   -3.817
1978   -3.968   -3.467   -0.914    0.560    1.525    3.152    0.227    3.956    0.893   -2.831   -5.538   -4.823
1979   -3.094   -2.231   -0.327    0.323    1.196    2.854    3.414    3.158   -0.508   -4.695   -5.109   -5.419
1980   -3.658   -2.767   -1.016    0.601    1.994    2.408    2.946    1.458   -2.139   -2.610   -3.301   -6.798
1981   -5.724   -3.016   -0.207    0.505    0.925    3.231    2.117    0.211   -0.195   -3.430   -4.353   -6.962
1982   -6.033   -2.285   -0.836   -0.970    1.763    2.981    2.108    2.193   -1.209   -4.544   -2.407   -4.283
1983   -3.685   -1.949   -0.015    1.847    3.257    3.960    2.854    1.624    1.252   -2.477   -7.079   -6.428
1984   -4.073   -3.949   -1.355   -0.324    1.032    3.359    1.125    2.731   -1.003   -4.497   -3.398   -5.816
1985   -5.634   -1.110   -2.329   -2.184    0.517    3.111    1.188    2.101   -0.146   -1.593   -5.146   -6.430
1986   -6.267   -5.305   -1.590   -0.539    0.727    2.625    1.373   -0.863   -0.947   -3.145   -2.713   -6.262
1987   -5.132   -3.490    0.696    0.030    1.431    3.064    3.250    1.508   -2.806   -1.923   -3.070   -6.133
1988   -3.407   -3.391   -0.541   -1.150    1.475    4.200    0.839    2.996    0.366   -2.725   -6.525   -8.025
1989   -5.027   -4.605   -3.734   -0.030    1.669    2.452    1.872    1.602    1.867   -4.974   -5.769   -5.898
1990   -3.837   -1.584   -2.078   -0.219    1.346    3.923    0.898    2.485    0.310   -3.860   -4.287   -5.732
1991   -3.635   -3.956   -0.462    0.006    0.256    3.406    3.277   -0.623    1.418   -3.543   -5.980   -4.714
1992   -3.782   -2.221    1.799    0.918    0.938    4.316    2.167    2.056   -0.261   -4.787   -6.396   -3.451
1993   -4.209   -3.443   -1.829    0.053    1.768    3.981    3.232    0.943    0.539   -3.620   -3.811   -6.660
1994   -3.994   -2.230   -2.892    0.531    0.887    3.447    1.404    1.561   -2.964   -3.434   -4.171   -3.712
1995   -4.342   -3.919   -1.156    0.961    1.153    5.320    3.182    1.643   -0.971   -3.396   -5.284   -7.246
1996   -4.295   -4.842   -0.552   -2.684    0.161    2.953    1.733    1.691    0.184   -1.894   -4.577   -6.067
1997   -4.286   -3.587   -1.415   -0.864    1.986    2.658    1.175    1.340   -1.886   -3.312   -3.237   -4.172
1998   -1.314   -0.582    0.194    2.303    3.440    5.004    3.684    1.605    1.035    0.950   -2.403   -5.084
1999   -4.440   -5.304   -0.334   -2.012    1.194    4.103    3.711    2.927    2.245   -1.468   -5.532   -6.086
2000   -4.904   -3.457   -1.795    0.050   -0.507    3.757    3.659    2.138   -0.476   -0.447   -2.669   -4.814
2001   -4.113   -3.775   -2.084   -0.549    2.266    3.181    1.613   -1.175    2.834   -3.000   -6.339   -5.009
2002   -4.185   -3.739   -1.455    0.040    0.608    3.572    2.373    0.287   -1.668   -2.204   -5.019   -3.188
2003   -5.142   -2.836   -2.495   -0.127    0.731    3.639    1.681    2.060   -0.602   -5.106   -3.394   -6.613
2004   -3.703   -3.548   -2.507   -1.459    2.932    1.265    1.765    1.108    1.059   -4.424   -5.450   -4.657
2005   -4.601   -2.124   -3.735   -0.774    2.029    4.284    1.347    1.745   -1.479   -2.805   -3.229   -6.022
2006   -2.518   -3.073   -1.738    0.987    2.118    4.224    3.763    0.536    0.709   -5.082   -1.705   -5.550
2007   -4.992   -2.804   -0.976   -0.885    0.954    2.874    2.433    2.583    1.545   -2.659   -5.366   -4.951
2008   -4.569   -5.647   -3.031   -0.769    1.032    3.199    1.729    1.811    2.469   -1.755   -3.730   -6.989
2009   -6.354   -1.399   -1.447   -2.008   -1.393    3.656    2.279    0.369   -2.047   -1.109   -4.902   -5.975
2010   -4.309   -0.935   -2.006    0.120    1.820    3.136    3.975    2.518    1.191   -0.890   -4.307   -5.346
2011   -6.671   -2.918   -5.074   -1.660    2.909    4.519    1.834    0.263   -0.899   -1.661   -1.824   -6.278
2012   -3.825   -3.051   -1.801    0.876    0.390    5.211    2.464    3.534   -0.032   -3.787   -2.727   -4.375
2013   -4.269   -2.529   -0.727   -0.994    1.099    3.768    1.207    2.867   -1.801   -4.091   -3.911   -4.855
2014   -5.553   -3.048   -2.370   -1.425    1.207    3.991    2.724    2.648 -999.999 -999.999 -999.999 -999.999