56.3504034048182
89.6341139280373
35.875392389385
70.8869198199357
16.5161550773919
56.3504034048182
56.3504034048182
89.6341139280373
35.875392389385
16.5161550773919
56.3504034048182
35.875392389385
70.8869198199357
89.6341139280373
56.3504034048182
89.6341139280373
89.6341139280373
56.3504034048182
35.875392389385
89.6341139280373
35.875392389385
70.8869198199357
89.6341139280373
16.5161550773919
89.6341139280373
56.3504034048182
56.3504034048182
16.5161550773919
56.3504034048182
35.875392389385
19.4578389273634
56.3504034048182
56.3504034048182
89.6341139280373
56.3504034048182
19.4578389273634
89.6341139280373
56.3504034048182
89.6341139280373
70.8869198199357
89.6341139280373
89.6341139280373
70.8869198199357
56.3504034048182
56.3504034048182
56.3504034048182
56.3504034048182
16.5161550773919
56.3504034048182
19.4578389273634
56.3504034048182
56.3504034048182
70.8869198199357
56.3504034048182
56.3504034048182
56.3504034048182
56.3504034048182
56.3504034048182
56.3504034048182
56.3504034048182
56.3504034048182
56.3504034048182
89.6341139280373
56.3504034048182
56.3504034048182
16.5161550773919
89.6341139280373
35.875392389385
56.3504034048182
56.3504034048182
56.3504034048182
56.3504034048182
16.5161550773919
56.3504034048182
56.3504034048182
56.3504034048182
89.6341139280373
70.8869198199357
56.3504034048182
16.5161550773919
89.6341139280373
56.3504034048182
89.6341139280373
89.6341139280373
56.3504034048182
56.3504034048182
56.3504034048182
16.5161550773919
19.4578389273634
16.5161550773919
16.5161550773919
89.6341139280373
89.6341139280373
35.875392389385
16.5161550773919
89.6341139280373
56.3504034048182
56.3504034048182
56.3504034048182
89.6341139280373
70.8869198199357
35.875392389385
89.6341139280373
56.3504034048182
35.875392389385
19.4578389273634
56.3504034048182
16.5161550773919
56.3504034048182
56.3504034048182
35.875392389385
16.5161550773919
56.3504034048182
16.5161550773919
16.5161550773919
89.6341139280373
89.6341139280373
19.4578389273634
70.8869198199357
16.5161550773919
35.875392389385
19.4578389273634
19.4578389273634
89.6341139280373
16.5161550773919
56.3504034048182
56.3504034048182
89.6341139280373
56.3504034048182
70.8869198199357
35.875392389385
56.3504034048182
16.5161550773919
89.6341139280373
89.6341139280373
35.875392389385
56.3504034048182
35.875392389385
70.8869198199357
56.3504034048182
56.3504034048182
70.8869198199357
89.6341139280373
56.3504034048182
19.4578389273634
35.875392389385
56.3504034048182
16.5161550773919
70.8869198199357
70.8869198199357
19.4578389273634
56.3504034048182
16.5161550773919
35.875392389385
70.8869198199357
56.3504034048182
89.6341139280373
56.3504034048182
89.6341139280373
19.4578389273634
35.875392389385
16.5161550773919
16.5161550773919
89.6341139280373
89.6341139280373
89.6341139280373
89.6341139280373
70.8869198199357
16.5161550773919
56.3504034048182
89.6341139280373
19.4578389273634
70.8869198199357
16.5161550773919
56.3504034048182
35.875392389385
56.3504034048182
56.3504034048182
16.5161550773919
89.6341139280373
56.3504034048182
70.8869198199357
35.875392389385
56.3504034048182
89.6341139280373
89.6341139280373
89.6341139280373
56.3504034048182
56.3504034048182
56.3504034048182
89.6341139280373
16.5161550773919
35.875392389385
16.5161550773919
16.5161550773919
56.3504034048182
16.5161550773919
56.3504034048182
56.3504034048182
56.3504034048182
16.5161550773919
35.875392389385
89.6341139280373
16.5161550773919
56.3504034048182
56.3504034048182
35.875392389385
70.8869198199357
89.6341139280373
89.6341139280373
19.4578389273634
16.5161550773919
89.6341139280373
56.3504034048182
56.3504034048182
89.6341139280373
70.8869198199357
56.3504034048182
89.6341139280373
89.6341139280373
89.6341139280373
89.6341139280373
16.5161550773919
35.875392389385
89.6341139280373
89.6341139280373
35.875392389385
56.3504034048182
35.875392389385
56.3504034048182
19.4578389273634
35.875392389385
16.5161550773919
56.3504034048182
16.5161550773919
56.3504034048182
56.3504034048182
56.3504034048182
56.3504034048182
16.5161550773919
89.6341139280373
16.5161550773919
70.8869198199357
56.3504034048182
56.3504034048182
89.6341139280373
56.3504034048182
35.875392389385
56.3504034048182
89.6341139280373
89.6341139280373
56.3504034048182
19.4578389273634
56.3504034048182
35.875392389385
56.3504034048182
70.8869198199357
35.875392389385
56.3504034048182
56.3504034048182
56.3504034048182
16.5161550773919
56.3504034048182
56.3504034048182
56.3504034048182
56.3504034048182
56.3504034048182
16.5161550773919
35.875392389385
35.875392389385
56.3504034048182
56.3504034048182
89.6341139280373
56.3504034048182
56.3504034048182
56.3504034048182
56.3504034048182
89.6341139280373
16.5161550773919
89.6341139280373
89.6341139280373
56.3504034048182
89.6341139280373
89.6341139280373
56.3504034048182
19.4578389273634
89.6341139280373
89.6341139280373
35.875392389385
35.875392389385
70.8869198199357
16.5161550773919
70.8869198199357
56.3504034048182
70.8869198199357
56.3504034048182
35.875392389385
16.5161550773919
56.3504034048182
70.8869198199357
