-4.364333333	-4.674	-4.473666667	-4.111	-3.445333333	-3.105666667	-2.486333333	-1.698	-0.969666667	-0.416666667	-0.869333333	-1.481333333	-2.031333333	-2.876	-3.617666667	-3.898333333	-3.202333333	-2.697333333	-2.523333333	-2.240666667	-1.725333333	-1.368666667	-1.252666667	-0.824	-0.328666667	-0.526666667	-1.415333333
-2.031333333	-2.876	-3.617666667	-3.898333333	-3.202333333	-2.697333333	-2.523333333	-2.240666667	-1.725333333	-1.368666667	-1.252666667	-0.824	-0.328666667	-0.526666667	-1.415333333	-2.625666667	-3.134333333	-3.505666667	-3.492	-3.286	-2.757666667	-2.417	-2.370666667	-2.322666667	-2.205666667	-2.186	-2.611666667
-0.328666667	-0.526666667	-1.415333333	-2.625666667	-3.134333333	-3.505666667	-3.492	-3.286	-2.757666667	-2.417	-2.370666667	-2.322666667	-2.205666667	-2.186	-2.611666667	-3.437	-3.883	-4.060666667	-3.919	-3.433333333	-2.619333333	-2.059	-1.814	-1.822	-1.423666667	-1.846	-2.757
-2.205666667	-2.186	-2.611666667	-3.437	-3.883	-4.060666667	-3.919	-3.433333333	-2.619333333	-2.059	-1.814	-1.822	-1.423666667	-1.846	-2.757	-3.163333333	-2.564666667	-1.698333333	-1.392666667	-1.497666667	-1.346	-1.111333333	-1.179333333	-1.245666667	-2.122333333	-2.914333333	-3.502666667
-1.423666667	-1.846	-2.757	-3.163333333	-2.564666667	-1.698333333	-1.392666667	-1.497666667	-1.346	-1.111333333	-1.179333333	-1.245666667	-2.122333333	-2.914333333	-3.502666667	-2.808666667	-2.358	-2.529666667	-3.060333333	-3.183666667	-2.990333333	-2.817333333	-2.476333333	-2.279333333	-2.327	-3.066333333	-3.35
-2.122333333	-2.914333333	-3.502666667	-2.808666667	-2.358	-2.529666667	-3.060333333	-3.183666667	-2.990333333	-2.817333333	-2.476333333	-2.279333333	-2.327	-3.066333333	-3.35	-3.531	-2.935	-2.496	-1.892333333	-0.889	0.42	1.357	1.746	2.192	0.443666667	-1.527333333	-4.088
-2.327	-3.066333333	-3.35	-3.531	-2.935	-2.496	-1.892333333	-0.889	0.42	1.357	1.746	2.192	0.443666667	-1.527333333	-4.088	-4.194	-4.070333333	-3.623666667	-3.276666667	-2.715333333	-2.421666667	-2.218666667	-2.280333333	-2.467666667	-2.943333333	-3.696	-4.34
0.443666667	-1.527333333	-4.088	-4.194	-4.070333333	-3.623666667	-3.276666667	-2.715333333	-2.421666667	-2.218666667	-2.280333333	-2.467666667	-2.943333333	-3.696	-4.34	-4.905666667	-5.044333333	-4.935666667	-4.165	-3.619333333	-2.868333333	-2.687	-2.302	-2.219333333	-2.517333333	-3.156333333	-4.125
-2.943333333	-3.696	-4.34	-4.905666667	-5.044333333	-4.935666667	-4.165	-3.619333333	-2.868333333	-2.687	-2.302	-2.219333333	-2.517333333	-3.156333333	-4.125	-4.367666667	-4.138	-3.746666667	-3.397333333	-3.087666667	-2.714333333	-2.612	-2.465333333	-2.209	-2.387	-3.154	-3.832666667
-2.517333333	-3.156333333	-4.125	-4.367666667	-4.138	-3.746666667	-3.397333333	-3.087666667	-2.714333333	-2.612	-2.465333333	-2.209	-2.387	-3.154	-3.832666667	-4.216333333	-3.824666667	-3.020666667	-2.26	-1.61	-1.729666667	-1.160333333	-1.072	-0.705	-0.400666667	-1.396666667	-2.230333333
-2.387	-3.154	-3.832666667	-4.216333333	-3.824666667	-3.020666667	-2.26	-1.61	-1.729666667	-1.160333333	-1.072	-0.705	-0.400666667	-1.396666667	-2.230333333	-3.544	-3.211666667	-2.721333333	-2.402	-1.507333333	-1.198666667	-0.318666667	-0.688666667	-0.990333333	-1.901	-2.816	-3.749666667
-0.400666667	-1.396666667	-2.230333333	-3.544	-3.211666667	-2.721333333	-2.402	-1.507333333	-1.198666667	-0.318666667	-0.688666667	-0.990333333	-1.901	-2.816	-3.749666667	-4.478	-4.402333333	-4.288333333	-3.689	-3.309666667	-2.976333333	-3.283666667	-3.572333333	-4.145666667	-4.479666667	-5.108	-5.189666667
-1.901	-2.816	-3.749666667	-4.478	-4.402333333	-4.288333333	-3.689	-3.309666667	-2.976333333	-3.283666667	-3.572333333	-4.145666667	-4.479666667	-5.108	-5.189666667	-5.143333333	-4.952	-4.618	-4.012333333	-3.612666667	-3.059333333	-2.940666667	-2.569	-1.832333333	-1.715333333	-1.696	-1.747333333
-4.479666667	-5.108	-5.189666667	-5.143333333	-4.952	-4.618	-4.012333333	-3.612666667	-3.059333333	-2.940666667	-2.569	-1.832333333	-1.715333333	-1.696	-1.747333333	-1.528666667	-1.666666667	-2.497	-2.638666667	-2.174333333	-1.759333333	-1.590666667	-1.792333333	-0.919	-0.491333333	-0.648333333	-1.819666667
-1.715333333	-1.696	-1.747333333	-1.528666667	-1.666666667	-2.497	-2.638666667	-2.174333333	-1.759333333	-1.590666667	-1.792333333	-0.919	-0.491333333	-0.648333333	-1.819666667	-2.687	-2.596	-2.733333333	-2.511333333	-2.125333333	-1.497	-0.742	-0.65	0.190333333	0.111666667	0.164333333	-1.090333333
-0.491333333	-0.648333333	-1.819666667	-2.687	-2.596	-2.733333333	-2.511333333	-2.125333333	-1.497	-0.742	-0.65	0.190333333	0.111666667	0.164333333	-1.090333333	-1.96	-2.243666667	-2.272666667	-2.145333333	-2.065666667	-1.783666667	-1.135666667	-1.155666667	-0.498333333	-0.429	-0.631	-1.135666667
0.111666667	0.164333333	-1.090333333	-1.96	-2.243666667	-2.272666667	-2.145333333	-2.065666667	-1.783666667	-1.135666667	-1.155666667	-0.498333333	-0.429	-0.631	-1.135666667	-1.625	-1.561333333	-2.097	-2.165	-2.242333333	-1.574333333	-1.552	-1.087	-1.509	-1.599333333	-2.584666667	-3.192
-0.429	-0.631	-1.135666667	-1.625	-1.561333333	-2.097	-2.165	-2.242333333	-1.574333333	-1.552	-1.087	-1.509	-1.599333333	-2.584666667	-3.192	-3.737666667	-3.654	-3.356	-2.815	-2.000333333	-1.000333333	-0.472333333	0.112	0.625333333	1.169666667	0.224666667	-1.143666667
-1.599333333	-2.584666667	-3.192	-3.737666667	-3.654	-3.356	-2.815	-2.000333333	-1.000333333	-0.472333333	0.112	0.625333333	1.169666667	0.224666667	-1.143666667	-2.575333333	-2.57	-2.569333333	-2.603666667	-2.731	-2.900666667	-2.582666667	-2.734333333	-2.601	-2.610333333	-2.771666667	-3.175333333
1.169666667	0.224666667	-1.143666667	-2.575333333	-2.57	-2.569333333	-2.603666667	-2.731	-2.900666667	-2.582666667	-2.734333333	-2.601	-2.610333333	-2.771666667	-3.175333333	-3.818333333	-4.014	-3.772666667	-3.347666667	-2.868333333	-2.809666667	-2.654333333	-2.657	-2.308	-1.909666667	-1.603666667	-2.130666667
-2.610333333	-2.771666667	-3.175333333	-3.818333333	-4.014	-3.772666667	-3.347666667	-2.868333333	-2.809666667	-2.654333333	-2.657	-2.308	-1.909666667	-1.603666667	-2.130666667	-1.59	-0.881	0.5	1.002666667	0.809	1.901333333	2.363	3.470333333	1.937333333	0.378	-2.021	-3.250333333
-1.909666667	-1.603666667	-2.130666667	-1.59	-0.881	0.5	1.002666667	0.809	1.901333333	2.363	3.470333333	1.937333333	0.378	-2.021	-3.250333333	-4.16	-4.471333333	-4.400666667	-4.268666667	-3.938333333	-3.531	-3.380333333	-3.262666667	-3.603333333	-3.915	-4.908	-5.621333333
0.378	-2.021	-3.250333333	-4.16	-4.471333333	-4.400666667	-4.268666667	-3.938333333	-3.531	-3.380333333	-3.262666667	-3.603333333	-3.915	-4.908	-5.621333333	-6.360666667	-6.224666667	-5.793333333	-4.880666667	-4.098666667	-3.760666667	-3.551333333	-3.732333333	-3.538666667	-4.115666667	-4.054666667	-5.022
-3.915	-4.908	-5.621333333	-6.360666667	-6.224666667	-5.793333333	-4.880666667	-4.098666667	-3.760666667	-3.551333333	-3.732333333	-3.538666667	-4.115666667	-4.054666667	-5.022	-5.343333333	-6.032	-5.622	-5.271666667	-4.002	-3.137333333	-2.011333333	-2.283666667	-2.725333333	-3.976333333	-4.873666667	-5.570666667
-4.115666667	-4.054666667	-5.022	-5.343333333	-6.032	-5.622	-5.271666667	-4.002	-3.137333333	-2.011333333	-2.283666667	-2.725333333	-3.976333333	-4.873666667	-5.570666667	-5.572	-5.372333333	-4.67	-3.877333333	-2.572666667	-1.935333333	-1.426	-1.565333333	-1.487666667	-1.112	-1.549	-1.970333333
-3.976333333	-4.873666667	-5.570666667	-5.572	-5.372333333	-4.67	-3.877333333	-2.572666667	-1.935333333	-1.426	-1.565333333	-1.487666667	-1.112	-1.549	-1.970333333	-3.065666667	-3.049	-2.96	-2.856	-1.765	-0.563333333	1.353333333	1.909333333	1.217666667	-0.136	-1.732	-2.624333333
-1.112	-1.549	-1.970333333	-3.065666667	-3.049	-2.96	-2.856	-1.765	-0.563333333	1.353333333	1.909333333	1.217666667	-0.136	-1.732	-2.624333333	-3.507333333	-3.622333333	-3.596	-3.155666667	-2.913333333	-2.413333333	-2.066333333	-1.767	-1.731	-2.236	-2.603333333	-3.304333333
-0.136	-1.732	-2.624333333	-3.507333333	-3.622333333	-3.596	-3.155666667	-2.913333333	-2.413333333	-2.066333333	-1.767	-1.731	-2.236	-2.603333333	-3.304333333	-3.37	-3.556333333	-3.321	-2.518333333	-1.827333333	-0.683	-0.726666667	-0.524333333	-0.987666667	-1.076666667	-2.088666667	-2.29
-2.236	-2.603333333	-3.304333333	-3.37	-3.556333333	-3.321	-2.518333333	-1.827333333	-0.683	-0.726666667	-0.524333333	-0.987666667	-1.076666667	-2.088666667	-2.29	-3.176	-3.345333333	-4.001666667	-3.926666667	-3.534333333	-2.703666667	-2.078666667	-1.998333333	-2.532333333	-3.499666667	-4.356	-5.178666667
-1.076666667	-2.088666667	-2.29	-3.176	-3.345333333	-4.001666667	-3.926666667	-3.534333333	-2.703666667	-2.078666667	-1.998333333	-2.532333333	-3.499666667	-4.356	-5.178666667	-5.086	-4.961666667	-4.212	-3.661	-2.493666667	-1.242	-0.461666667	0.518333333	0.083666667	-0.857666667	-2.622333333	-3.819666667
-3.499666667	-4.356	-5.178666667	-5.086	-4.961666667	-4.212	-3.661	-2.493666667	-1.242	-0.461666667	0.518333333	0.083666667	-0.857666667	-2.622333333	-3.819666667	-4.205666667	-4.609333333	-4.448333333	-4.562	-4.126333333	-3.922	-3.652333333	-3.566333333	-4.045	-4.675	-5.366666667	-5.920333333
-0.857666667	-2.622333333	-3.819666667	-4.205666667	-4.609333333	-4.448333333	-4.562	-4.126333333	-3.922	-3.652333333	-3.566333333	-4.045	-4.675	-5.366666667	-5.920333333	-5.862333333	-5.936666667	-5.324666667	-4.891	-4.658666667	-4.604666667	-4.281	-4.058333333	-4.385333333	-4.616666667	-5.031666667	-5.469666667
-4.675	-5.366666667	-5.920333333	-5.862333333	-5.936666667	-5.324666667	-4.891	-4.658666667	-4.604666667	-4.281	-4.058333333	-4.385333333	-4.616666667	-5.031666667	-5.469666667	-5.551	-5.357666667	-4.496666667	-3.873	-2.818666667	-1.755	-0.949333333	-0.170333333	-0.448666667	-0.787	-1.836666667	-2.374666667
-4.616666667	-5.031666667	-5.469666667	-5.551	-5.357666667	-4.496666667	-3.873	-2.818666667	-1.755	-0.949333333	-0.170333333	-0.448666667	-0.787	-1.836666667	-2.374666667	-3.402333333	-3.988	-4.570333333	-4.738333333	-4.970666667	-4.982666667	-4.987666667	-4.784	-4.738	-4.687	-4.799333333	-4.586666667
-0.787	-1.836666667	-2.374666667	-3.402333333	-3.988	-4.570333333	-4.738333333	-4.970666667	-4.982666667	-4.987666667	-4.784	-4.738	-4.687	-4.799333333	-4.586666667	-4.963333333	-5.146	-5.278	-5.036	-4.472333333	-4.046333333	-3.901333333	-3.752666667	-3.794	-4.270333333	-4.876	-5.927
