-4.091666667	-6.074666667	-4.667333333	-3.438	-1.602666667	-0.409	1.601333333	2.422333333	2.171	0.636333333	-0.484666667	-2.724	-4.126333333	-5.152	-4.924666667	-3.898666667	-2.364	-0.332666667	1.804	2.625666667	2.871333333	1.503333333	-0.772333333	-3.022666667	-4.379333333	-4.251	-3.750666667
-4.126333333	-5.152	-4.924666667	-3.898666667	-2.364	-0.332666667	1.804	2.625666667	2.871333333	1.503333333	-0.772333333	-3.022666667	-4.379333333	-4.251	-3.750666667	-2.783	-1.273666667	0.390333333	1.745666667	1.634666667	2.445	1.692	0.672666667	-2.492	-4.397333333	-4.485	-3.382666667
-4.379333333	-4.251	-3.750666667	-2.783	-1.273666667	0.390333333	1.745666667	1.634666667	2.445	1.692	0.672666667	-2.492	-4.397333333	-4.485	-3.382666667	-1.884	-0.745	0.397333333	1.457666667	2.488	3.142	2.021333333	-0.681666667	-3.437333333	-5.074333333	-4.728666667	-3.948
-4.397333333	-4.485	-3.382666667	-1.884	-0.745	0.397333333	1.457666667	2.488	3.142	2.021333333	-0.681666667	-3.437333333	-5.074333333	-4.728666667	-3.948	-2.480333333	-1.060666667	0.526333333	1.667666667	2.449333333	2.270666667	0.755	-1.097	-2.683333333	-4.236333333	-5.274333333	-5.179333333
-5.074333333	-4.728666667	-3.948	-2.480333333	-1.060666667	0.526333333	1.667666667	2.449333333	2.270666667	0.755	-1.097	-2.683333333	-4.236333333	-5.274333333	-5.179333333	-2.982333333	-0.906	0.407666667	1.553666667	2.091	1.853	0.711	-1.138	-2.659333333	-4.915	-5.782666667	-5.093333333
-4.236333333	-5.274333333	-5.179333333	-2.982333333	-0.906	0.407666667	1.553666667	2.091	1.853	0.711	-1.138	-2.659333333	-4.915	-5.782666667	-5.093333333	-3.051333333	-1.363666667	-0.014333333	1.258	2.284	2.427333333	1.030666667	-1.186666667	-2.72	-3.744666667	-3.458333333	-3.305666667
-4.915	-5.782666667	-5.093333333	-3.051333333	-1.363666667	-0.014333333	1.258	2.284	2.427333333	1.030666667	-1.186666667	-2.72	-3.744666667	-3.458333333	-3.305666667	-1.883	-0.039	1.696333333	3.021333333	3.357	2.812666667	1.91	0.133	-2.768	-5.328	-5.86	-4.816666667
-3.744666667	-3.458333333	-3.305666667	-1.883	-0.039	1.696333333	3.021333333	3.357	2.812666667	1.91	0.133	-2.768	-5.328	-5.86	-4.816666667	-3.125666667	-1.876	-0.215666667	1.355666667	1.838666667	2.405	0.951	-0.923	-2.966	-4.570333333	-4.949333333	-4.186666667
-5.328	-5.86	-4.816666667	-3.125666667	-1.876	-0.215666667	1.355666667	1.838666667	2.405	0.951	-0.923	-2.966	-4.570333333	-4.949333333	-4.186666667	-3.024333333	-1.874333333	-1.332	0.481333333	1.605333333	2.133333333	1.047666667	0.120666667	-2.295	-4.389666667	-5.947666667	-6.000666667
-4.570333333	-4.949333333	-4.186666667	-3.024333333	-1.874333333	-1.332	0.481333333	1.605333333	2.133333333	1.047666667	0.120666667	-2.295	-4.389666667	-5.947666667	-6.000666667	-4.387333333	-2.478	-0.467333333	0.937666667	1.575	1.045	-0.145666667	-1.651666667	-2.268333333	-4.04	-4.702333333	-4.961333333
-4.389666667	-5.947666667	-6.000666667	-4.387333333	-2.478	-0.467333333	0.937666667	1.575	1.045	-0.145666667	-1.651666667	-2.268333333	-4.04	-4.702333333	-4.961333333	-2.642	-0.921333333	0.719	1.508333333	2.581666667	2.607333333	0.650666667	-1.073666667	-2.599666667	-3.708666667	-4.203333333	-4.310333333
-4.04	-4.702333333	-4.961333333	-2.642	-0.921333333	0.719	1.508333333	2.581666667	2.607333333	0.650666667	-1.073666667	-2.599666667	-3.708666667	-4.203333333	-4.310333333	-2.446333333	-1.694	-0.072	1.508333333	2.171333333	2.678333333	1.400333333	0.212333333	-2.961333333	-5.758333333	-6.525666667	-5.885666667
-3.708666667	-4.203333333	-4.310333333	-2.446333333	-1.694	-0.072	1.508333333	2.171333333	2.678333333	1.400333333	0.212333333	-2.961333333	-5.758333333	-6.525666667	-5.885666667	-4.455333333	-2.789666667	-0.698333333	1.363666667	1.997666667	1.975333333	1.780333333	-0.501666667	-2.958666667	-5.547	-5.168	-3.773
-5.758333333	-6.525666667	-5.885666667	-4.455333333	-2.789666667	-0.698333333	1.363666667	1.997666667	1.975333333	1.780333333	-0.501666667	-2.958666667	-5.547	-5.168	-3.773	-2.499666667	-1.293666667	-0.317	1.683333333	2.055666667	2.435333333	1.231	-0.355	-2.612333333	-4.626333333	-4.551333333	-4.441
-5.547	-5.168	-3.773	-2.499666667	-1.293666667	-0.317	1.683333333	2.055666667	2.435333333	1.231	-0.355	-2.612333333	-4.626333333	-4.551333333	-4.441	-2.684333333	-1.470666667	-0.066666667	1.222666667	2.313	2.02	1.357333333	-0.916	-2.701666667	-4.745666667	-4.825333333	-3.572333333
-4.626333333	-4.551333333	-4.441	-2.684333333	-1.470666667	-0.066666667	1.222666667	2.313	2.02	1.357333333	-0.916	-2.701666667	-4.745666667	-4.825333333	-3.572333333	-1.401333333	0.165333333	1.218333333	2.057333333	2.473666667	2.846333333	1.320666667	-0.997333333	-3.814666667	-4.878	-4.685333333	-3.701
-4.745666667	-4.825333333	-3.572333333	-1.401333333	0.165333333	1.218333333	2.057333333	2.473666667	2.846333333	1.320666667	-0.997333333	-3.814666667	-4.878	-4.685333333	-3.701	-3.160333333	-1.739666667	-0.002666667	1.934	2.993666667	2.718666667	1.571333333	-0.712666667	-2.297333333	-4.697	-4.821666667	-4.294666667
-4.878	-4.685333333	-3.701	-3.160333333	-1.739666667	-0.002666667	1.934	2.993666667	2.718666667	1.571333333	-0.712666667	-2.297333333	-4.697	-4.821666667	-4.294666667	-3.038666667	-1.530333333	-0.491333333	1.621666667	1.912666667	2.137333333	0.000333333	-1.612333333	-3.523	-3.772333333	-4.075	-3.991
-4.697	-4.821666667	-4.294666667	-3.038666667	-1.530333333	-0.491333333	1.621666667	1.912666667	2.137333333	0.000333333	-1.612333333	-3.523	-3.772333333	-4.075	-3.991	-3.139	-1.371333333	0.319333333	2.478	3.218333333	3.381666667	1.284666667	-0.908	-3.217	-5.308666667	-5.608333333	-5.461
-3.772333333	-4.075	-3.991	-3.139	-1.371333333	0.319333333	2.478	3.218333333	3.381666667	1.284666667	-0.908	-3.217	-5.308666667	-5.608333333	-5.461	-3.229666667	-2.692666667	-1.025	0.143333333	1.615666667	2.125666667	1.202666667	-0.006333333	-2.095666667	-4.179333333	-4.976666667	-4.646666667
-5.308666667	-5.608333333	-5.461	-3.229666667	-2.692666667	-1.025	0.143333333	1.615666667	2.125666667	1.202666667	-0.006333333	-2.095666667	-4.179333333	-4.976666667	-4.646666667	-3.096	-1.955333333	-0.097666667	1.26	1.939666667	1.724333333	0.209666667	-1.286	-2.811666667	-3.573666667	-2.907666667	-2.022666667
-4.179333333	-4.976666667	-4.646666667	-3.096	-1.955333333	-0.097666667	1.26	1.939666667	1.724333333	0.209666667	-1.286	-2.811666667	-3.573666667	-2.907666667	-2.022666667	-0.567333333	0.638333333	1.979	3.582333333	4.042666667	3.431	2.108	1.196666667	-0.139333333	-2.179	-3.975666667	-4.942666667
-3.573666667	-2.907666667	-2.022666667	-0.567333333	0.638333333	1.979	3.582333333	4.042666667	3.431	2.108	1.196666667	-0.139333333	-2.179	-3.975666667	-4.942666667	-3.359333333	-2.55	-0.384	1.095	3.002666667	3.580333333	2.961	1.234666667	-1.585	-4.362	-5.507333333	-4.815666667
-2.179	-3.975666667	-4.942666667	-3.359333333	-2.55	-0.384	1.095	3.002666667	3.580333333	2.961	1.234666667	-1.585	-4.362	-5.507333333	-4.815666667	-3.385333333	-1.734	-0.750666667	1.1	2.303	3.184666667	1.773666667	0.405	-1.197333333	-2.643333333	-3.865333333	-4.234
-4.362	-5.507333333	-4.815666667	-3.385333333	-1.734	-0.750666667	1.1	2.303	3.184666667	1.773666667	0.405	-1.197333333	-2.643333333	-3.865333333	-4.234	-3.324	-2.136	-0.122333333	1.632666667	2.353333333	1.206333333	1.090666667	-0.447	-2.168333333	-4.782666667	-5.177666667	-4.311
-2.643333333	-3.865333333	-4.234	-3.324	-2.136	-0.122333333	1.632666667	2.353333333	1.206333333	1.090666667	-0.447	-2.168333333	-4.782666667	-5.177666667	-4.311	-3.126333333	-1.718	-0.269	1.406666667	2.184333333	2.077333333	0.330666667	-1.195	-2.963666667	-3.470333333	-4.449666667	-3.722
-4.782666667	-5.177666667	-4.311	-3.126333333	-1.718	-0.269	1.406666667	2.184333333	2.077333333	0.330666667	-1.195	-2.963666667	-3.470333333	-4.449666667	-3.722	-3.491	-1.819333333	-0.630333333	1.414333333	2.017	2.46	1.046333333	-1.216	-3.034	-5.037666667	-4.57	-4.621333333
-3.470333333	-4.449666667	-3.722	-3.491	-1.819333333	-0.630333333	1.414333333	2.017	2.46	1.046333333	-1.216	-3.034	-5.037666667	-4.57	-4.621333333	-3.252666667	-2.504666667	-0.344666667	0.912666667	1.987333333	1.379333333	1.310666667	-0.752333333	-2.938333333	-4.843666667	-4.902666667	-3.794
-5.037666667	-4.57	-4.621333333	-3.252666667	-2.504666667	-0.344666667	0.912666667	1.987333333	1.379333333	1.310666667	-0.752333333	-2.938333333	-4.843666667	-4.902666667	-3.794	-3.486666667	-2.211	-0.826666667	1.846333333	2.553333333	2.458666667	0.537666667	-0.846333333	-2.504333333	-4.018666667	-3.923	-3.871
-4.843666667	-4.902666667	-3.794	-3.486666667	-2.211	-0.826666667	1.846333333	2.553333333	2.458666667	0.537666667	-0.846333333	-2.504333333	-4.018666667	-3.923	-3.871	-2.443	-1.274666667	0.455666667	2.443	3.368333333	2.841	1.669333333	-1.279	-2.026	-4.112333333	-4.082333333	-4.448666667
-4.018666667	-3.923	-3.871	-2.443	-1.274666667	0.455666667	2.443	3.368333333	2.841	1.669333333	-1.279	-2.026	-4.112333333	-4.082333333	-4.448666667	-2.924	-1.555	-0.302333333	0.981	2.087	2.63	2.187	0.489666667	-2.16	-4.325333333	-4.962	-5.055666667
-4.112333333	-4.082333333	-4.448666667	-2.924	-1.555	-0.302333333	0.981	2.087	2.63	2.187	0.489666667	-2.16	-4.325333333	-4.962	-5.055666667	-4.415666667	-3.149	-0.922666667	1.154	1.986666667	2.246333333	2.003	0.841666667	-1.005333333	-4.158	-5.691	-4.914
-4.325333333	-4.962	-5.055666667	-4.415666667	-3.149	-0.922666667	1.154	1.986666667	2.246333333	2.003	0.841666667	-1.005333333	-4.158	-5.691	-4.914	-3.066666667	-1.618	-1.616	0.085	1.514	2.101333333	0.200333333	-0.929	-2.686	-3.995333333	-5.062	-3.739666667
-4.158	-5.691	-4.914	-3.066666667	-1.618	-1.616	0.085	1.514	2.101333333	0.200333333	-0.929	-2.686	-3.995333333	-5.062	-3.739666667	-2.416666667	-0.940333333	-0.022	1.692	2.977	3.209666667	2.561333333	0.939666667	-1.335333333	-3.514333333	-5.441333333	-4.978333333
-3.995333333	-5.062	-3.739666667	-2.416666667	-0.940333333	-0.022	1.692	2.977	3.209666667	2.561333333	0.939666667	-1.335333333	-3.514333333	-5.441333333	-4.978333333	-4.887666667	-3.217333333	-1.275	1.922666667	3.087333333	2.205333333	0.399333333	-0.765666667	-1.461333333	-3.254333333	-3.975666667	-4.384666667
