129.861398931214
178.798589928169
178.798589928169
270.167356190964
153.82468962971
129.861398931214
129.861398931214
129.861398931214
158.623016989858
178.798589928169
129.861398931214
178.798589928169
153.82468962971
178.798589928169
129.861398931214
133.560850175689
158.623016989858
178.798589928169
133.560850175689
153.82468962971
178.798589928169
129.861398931214
178.798589928169
133.560850175689
178.798589928169
129.861398931214
129.861398931214
178.798589928169
129.861398931214
129.861398931214
158.623016989858
129.861398931214
129.861398931214
129.861398931214
178.798589928169
129.861398931214
129.861398931214
133.560850175689
178.798589928169
129.861398931214
158.623016989858
178.798589928169
129.861398931214
129.861398931214
153.82468962971
129.861398931214
153.82468962971
129.861398931214
158.623016989858
158.623016989858
158.623016989858
178.798589928169
158.623016989858
158.623016989858
133.560850175689
158.623016989858
129.861398931214
178.798589928169
129.861398931214
133.560850175689
129.861398931214
178.798589928169
129.861398931214
178.798589928169
178.798589928169
129.861398931214
178.798589928169
178.798589928169
133.560850175689
158.623016989858
129.861398931214
178.798589928169
133.560850175689
129.861398931214
133.560850175689
129.861398931214
158.623016989858
178.798589928169
158.623016989858
153.82468962971
129.861398931214
178.798589928169
158.623016989858
133.560850175689
158.623016989858
270.167356190964
129.861398931214
153.82468962971
129.861398931214
158.623016989858
178.798589928169
129.861398931214
153.82468962971
129.861398931214
178.798589928169
129.861398931214
129.861398931214
153.82468962971
129.861398931214
133.560850175689
158.623016989858
129.861398931214
129.861398931214
129.861398931214
153.82468962971
129.861398931214
129.861398931214
153.82468962971
158.623016989858
129.861398931214
129.861398931214
129.861398931214
129.861398931214
270.167356190964
178.798589928169
129.861398931214
153.82468962971
153.82468962971
153.82468962971
158.623016989858
158.623016989858
129.861398931214
153.82468962971
158.623016989858
270.167356190964
129.861398931214
129.861398931214
178.798589928169
129.861398931214
178.798589928169
129.861398931214
178.798589928169
129.861398931214
133.560850175689
270.167356190964
153.82468962971
158.623016989858
178.798589928169
178.798589928169
133.560850175689
158.623016989858
158.623016989858
153.82468962971
153.82468962971
129.861398931214
178.798589928169
153.82468962971
129.861398931214
178.798589928169
129.861398931214
133.560850175689
129.861398931214
153.82468962971
153.82468962971
158.623016989858
129.861398931214
129.861398931214
129.861398931214
129.861398931214
129.861398931214
129.861398931214
178.798589928169
270.167356190964
178.798589928169
178.798589928169
178.798589928169
129.861398931214
158.623016989858
129.861398931214
178.798589928169
158.623016989858
129.861398931214
158.623016989858
153.82468962971
158.623016989858
133.560850175689
178.798589928169
129.861398931214
178.798589928169
158.623016989858
129.861398931214
158.623016989858
129.861398931214
270.167356190964
129.861398931214
133.560850175689
129.861398931214
158.623016989858
133.560850175689
158.623016989858
158.623016989858
270.167356190964
178.798589928169
129.861398931214
270.167356190964
129.861398931214
178.798589928169
178.798589928169
129.861398931214
270.167356190964
158.623016989858
129.861398931214
129.861398931214
129.861398931214
153.82468962971
129.861398931214
153.82468962971
153.82468962971
129.861398931214
129.861398931214
129.861398931214
129.861398931214
133.560850175689
129.861398931214
178.798589928169
129.861398931214
133.560850175689
129.861398931214
133.560850175689
129.861398931214
178.798589928169
129.861398931214
129.861398931214
133.560850175689
270.167356190964
133.560850175689
129.861398931214
129.861398931214
153.82468962971
129.861398931214
129.861398931214
129.861398931214
153.82468962971
129.861398931214
158.623016989858
129.861398931214
158.623016989858
129.861398931214
153.82468962971
153.82468962971
178.798589928169
129.861398931214
129.861398931214
178.798589928169
158.623016989858
153.82468962971
270.167356190964
158.623016989858
133.560850175689
158.623016989858
270.167356190964
178.798589928169
129.861398931214
158.623016989858
129.861398931214
178.798589928169
153.82468962971
158.623016989858
129.861398931214
158.623016989858
133.560850175689
158.623016989858
129.861398931214
129.861398931214
178.798589928169
129.861398931214
270.167356190964
129.861398931214
129.861398931214
129.861398931214
129.861398931214
178.798589928169
133.560850175689
129.861398931214
158.623016989858
153.82468962971
270.167356190964
178.798589928169
270.167356190964
178.798589928169
129.861398931214
129.861398931214
129.861398931214
129.861398931214
158.623016989858
129.861398931214
129.861398931214
133.560850175689
178.798589928169
129.861398931214
133.560850175689
129.861398931214
129.861398931214
178.798589928169
153.82468962971
178.798589928169
153.82468962971
178.798589928169
133.560850175689
178.798589928169
