1948   24.614   25.206   25.227   26.239   26.683   27.282   27.002   27.194   26.534   25.851   25.616   25.712
1949   24.961   25.348   25.394   26.403   26.767   27.162   27.125   26.998   26.904   26.712   26.208   26.153
1950   25.730   25.651   26.216   26.800   27.290   27.425   27.158   27.315   26.897   26.569   26.236   25.532
1951   25.613   25.551   25.821   26.729   27.175   27.254   27.232   27.109   27.178   27.287   26.910   26.214
1952   25.858   25.970   26.303   26.829   27.494   27.521   27.314   26.943   26.786   26.960   26.673   26.113
1953   25.467   25.601   26.247   26.764   27.470   27.685   27.427   27.184   27.214   27.170   26.966   26.148
1954   25.792   25.533   25.818   26.688   27.152   27.355   27.026   27.173   26.866   26.640   26.135   25.294
1955   24.804   24.929   25.263   26.151   26.641   26.704   26.696   26.957   26.956   26.546   26.286   25.000
1956   25.019   25.135   25.469   26.352   26.645   26.879   26.925   27.093   26.899   26.504   26.245   25.722
1957   25.101   24.782   25.578   26.172   26.983   27.284   26.729   26.820   26.750   26.277   25.979   25.737
1958   25.125   25.502   25.337   25.948   26.726   27.214   26.956   26.958   27.145   26.889   25.947   25.322
1959   24.757   24.958   25.337   25.843   26.832   27.503   26.977   26.809   26.814   26.674   26.586   25.936
1960   25.333   25.122   25.562   26.441   27.091   27.062   27.081   27.292   26.634   26.555   26.230   25.388
1961   24.137   24.859   25.243   26.125   26.897   27.029   26.463   26.614   26.340   25.855   25.560   25.374
1962   24.379   23.838   25.024   25.497   26.469   26.472   26.651   26.254   26.300   26.410   25.666   24.761
1963   23.719   23.402   24.079   25.075   26.237   26.898   26.346   26.339   26.654   25.829   25.709   25.370
1964   25.792   25.276   25.653   26.482   27.268   27.325   27.298   27.384   27.432   26.958   26.436   25.733
1965   25.093   25.186   25.353   26.431   27.405   27.442   27.023   27.140   27.178   26.647   26.696   26.001
1966   25.366   25.394   25.990   26.907   27.407   27.635   27.498   27.728   27.670   27.234   27.243   26.570
1967   25.274   25.029   25.292   26.321   27.504   27.554   27.312   27.355   27.144   26.932   26.267   25.377
1968   24.875   24.620   25.411   26.150   27.622   27.907   27.894   27.702   27.518   26.788   26.049   25.779
1969   25.467   25.194   25.782   26.671   27.938   28.014   27.550   27.383   27.721   27.427   26.960   26.231
1970   25.838   25.480   26.291   26.716   27.786   28.091   27.710   27.426   27.590   27.610   27.152   26.602
1971   24.923   25.139   25.308   26.234   27.396   27.384   27.163   27.153   27.591   27.322   26.745   26.353
1972   25.408   25.592   25.063   26.112   27.195   27.694   27.918   27.301   27.432   27.320   26.911   26.368
1973   25.646   25.536   25.843   26.991   27.943   28.355   28.048   27.938   27.781   27.639   27.053   26.355
1974   25.022   25.517   25.256   26.563   27.486   27.827   27.712   28.050   27.760   27.670   26.915   26.298
1975   25.376   25.394   25.897   26.593   27.778   27.734   27.474   27.705   27.484   27.521   26.543   26.009
1976   25.024   24.966   25.777   26.370   27.588   27.486   27.382   27.134   27.307   27.550   27.171   26.330
1977   26.033   25.364   25.400   26.670   27.715   28.209   27.969   27.914   27.703   27.294   26.840   25.796
1978   25.375   24.968   26.117   26.901   27.892   28.196   28.094   28.120   27.617   27.501   26.600   26.307
1979   25.031   25.522   25.979   27.004   27.870   27.834   27.876   27.602   27.750   27.092   26.911   25.783
1980   25.478   25.189   25.670   26.712   27.811   27.913   27.941   27.798   27.756   27.638   27.074   26.244
1981   24.785   25.065   25.850   27.084   28.103   28.470   27.835   28.157   28.017   27.493   26.913   25.820
1982   25.150   25.112   26.027   26.769   27.878   28.401   27.704   27.590   27.475   27.121   26.920   26.620
1983   25.664   25.738   26.179   27.025   27.810   28.498   28.217   28.209   28.202   27.808   27.147   26.025
1984   25.722   25.504   26.344   27.450   28.503   28.195   28.074   28.089   27.661   27.486   26.985   26.354
1985   25.552   26.282   26.644   27.193   27.762   28.429   27.626   27.945   27.444   27.387   27.315   26.488
1986   25.713   25.368   25.995   27.076   28.194   28.647   28.217   28.148   27.908   27.587   27.359   25.866
1987   25.275   24.911   26.087   27.247   28.464   28.838   28.318   28.165   28.085   28.115   27.682   26.784
1988   26.774   26.429   26.886   27.454   28.573   28.502   28.402   28.313   28.438   27.960   27.045   25.730
1989   26.226   25.881   26.210   27.362   28.191   28.147   28.237   27.912   27.892   27.509   26.693   25.464
1990   25.499   25.622   25.714   27.073   27.905   28.236   27.917   28.063   27.530   27.353   26.995   25.895
1991   25.380   25.429   25.801   26.831   27.637   28.192   28.061   27.933   27.865   27.203   26.449   25.882
1992   25.159   25.175   25.696   26.854   27.857   28.369   27.734   28.024   27.519   27.183   25.212   25.052
1993   24.315   23.980   25.601   26.634   27.528   28.202   27.992   27.690   27.500   27.135   27.136   26.491
1994   25.787   25.518   25.841   26.933   27.916   27.972   27.927   27.502   27.170   27.064   26.210   25.892
1995   25.387   25.134   25.490   26.412   27.512   28.022   27.974   28.040   27.875   27.724   27.388   26.371
1996   25.721   25.210   25.951   26.642   27.726   28.025   28.423   28.191   28.016   27.940   27.412   25.804
1997   25.065   25.414   25.502   26.752   28.027   28.266   28.091   28.084   27.854   28.128   27.443   26.750
1998   26.067   25.959   26.280   26.796   28.016   28.619   28.667   28.598   28.678   28.171   27.901   27.415
1999   26.598   25.776   26.864   27.098   27.855   27.759   28.151   27.686   27.640   27.704   27.380   27.050
2000   26.270   26.028   26.656   27.548   27.853   28.069   27.837   28.003   27.738   27.670   27.607   27.063
2001   26.457   26.226   26.710   27.612   28.178   28.155   27.695   27.938   27.948   27.640   27.070   26.140
2002   25.400   25.052   25.813   26.906   27.830   28.349   28.148   27.523   27.467   27.889   27.370   26.534
2003   25.474   24.911   25.545   26.764   27.887   27.843   27.975   27.870   27.511   27.189   27.089   25.955
2004   25.417   25.606   26.270   27.269   27.657   27.811   27.561   27.723   27.320   26.832   26.693   26.166
2005   25.193   25.272   25.680   26.326   27.774   28.482   28.082   27.991   27.688   27.530   27.127   26.370
2006   25.751   25.485   26.113   27.047   27.741   28.314   28.059   27.746   27.732   27.107   27.368   26.847
2007   25.896   25.466   25.951   26.918   27.758   28.226   27.985   27.937   27.670   27.268   26.847   26.598
2008   26.070   25.795   26.149   27.117   27.526   27.653   27.675   27.517   27.696   27.536   27.596   26.728
2009   25.824   26.128   26.514   27.431   27.678   27.864   27.723   27.811   27.780   27.282   27.000   25.959
2010   25.703   25.709   26.224   27.041   28.090   28.397   28.024   28.028   27.891   27.878   27.415   27.035
2011   25.960   25.882   26.011   26.367   27.971   27.722   27.416   27.468   27.507   27.293   27.475   26.869
2012   26.343   26.021   26.367   27.118   27.996   28.013   27.369   27.569   27.266   26.872   26.882   26.821
2013   26.012   25.968   26.408   27.536   28.217   27.944   27.417   27.543   27.492   27.015   26.869   26.704
2014   25.216   25.284   25.814   26.808   28.181 -999.999 -999.999 -999.999 -999.999 -999.999 -999.999 -999.999