100.117208991403
100.8058286458
102.974586206897
102.974586206897
179.990935013405
100.8058286458
102.974586206897
102.016807323598
102.974586206897
102.974586206897
102.016807323598
102.974586206897
102.974586206897
102.016807323598
102.974586206897
102.974586206897
102.974586206897
102.974586206897
179.990935013405
102.974586206897
102.974586206897
102.974586206897
131.603444553355
100.117208991403
102.016807323598
100.117208991403
179.990935013405
102.974586206897
179.990935013405
102.974586206897
100.8058286458
102.016807323598
179.990935013405
102.974586206897
100.8058286458
102.016807323598
102.016807323598
131.603444553355
100.8058286458
100.117208991403
131.603444553355
100.8058286458
102.974586206897
102.016807323598
100.117208991403
179.990935013405
102.016807323598
131.603444553355
102.974586206897
102.974586206897
102.974586206897
100.8058286458
102.016807323598
100.117208991403
102.974586206897
102.016807323598
102.016807323598
102.016807323598
102.974586206897
179.990935013405
102.974586206897
102.974586206897
100.8058286458
100.8058286458
102.974586206897
102.016807323598
102.974586206897
100.117208991403
100.8058286458
100.8058286458
100.8058286458
102.974586206897
179.990935013405
102.974586206897
131.603444553355
100.8058286458
179.990935013405
100.8058286458
102.974586206897
100.8058286458
102.974586206897
102.974586206897
179.990935013405
131.603444553355
179.990935013405
131.603444553355
102.974586206897
100.8058286458
100.8058286458
102.974586206897
102.974586206897
102.974586206897
102.974586206897
102.974586206897
100.8058286458
102.016807323598
131.603444553355
102.974586206897
179.990935013405
102.016807323598
102.974586206897
102.974586206897
100.8058286458
102.974586206897
100.117208991403
179.990935013405
102.016807323598
102.974586206897
100.8058286458
100.8058286458
102.016807323598
102.974586206897
100.8058286458
100.8058286458
100.117208991403
102.016807323598
100.8058286458
102.974586206897
100.117208991403
179.990935013405
102.016807323598
102.016807323598
179.990935013405
131.603444553355
100.117208991403
100.8058286458
102.974586206897
102.974586206897
131.603444553355
102.974586206897
102.016807323598
100.117208991403
102.974586206897
179.990935013405
102.974586206897
179.990935013405
100.8058286458
179.990935013405
100.117208991403
102.974586206897
179.990935013405
102.974586206897
100.8058286458
102.974586206897
102.974586206897
102.974586206897
102.974586206897
102.974586206897
179.990935013405
100.8058286458
100.8058286458
102.974586206897
102.974586206897
102.974586206897
102.016807323598
102.974586206897
102.974586206897
102.974586206897
100.8058286458
102.974586206897
179.990935013405
100.117208991403
131.603444553355
102.974586206897
102.974586206897
102.974586206897
179.990935013405
100.8058286458
100.117208991403
100.8058286458
131.603444553355
102.974586206897
100.117208991403
102.016807323598
100.8058286458
102.974586206897
102.974586206897
100.8058286458
131.603444553355
100.8058286458
102.974586206897
179.990935013405
102.974586206897
100.117208991403
100.8058286458
102.974586206897
100.8058286458
102.974586206897
100.8058286458
102.974586206897
179.990935013405
102.016807323598
102.974586206897
100.8058286458
102.974586206897
100.117208991403
100.8058286458
100.8058286458
102.974586206897
102.016807323598
102.974586206897
102.974586206897
102.974586206897
102.974586206897
102.974586206897
131.603444553355
102.016807323598
102.974586206897
179.990935013405
102.974586206897
131.603444553355
102.974586206897
102.974586206897
102.974586206897
179.990935013405
131.603444553355
179.990935013405
102.016807323598
102.974586206897
102.016807323598
100.117208991403
102.974586206897
102.016807323598
100.8058286458
102.974586206897
100.117208991403
102.974586206897
102.974586206897
100.8058286458
102.974586206897
100.8058286458
179.990935013405
131.603444553355
100.8058286458
102.974586206897
100.8058286458
102.974586206897
102.016807323598
100.8058286458
100.8058286458
102.974586206897
179.990935013405
179.990935013405
100.8058286458
102.974586206897
100.8058286458
100.117208991403
100.117208991403
100.8058286458
100.117208991403
102.016807323598
100.8058286458
131.603444553355
102.974586206897
102.974586206897
102.016807323598
100.117208991403
102.974586206897
102.974586206897
102.974586206897
102.974586206897
102.016807323598
102.974586206897
102.016807323598
131.603444553355
100.8058286458
102.016807323598
131.603444553355
102.974586206897
102.974586206897
102.974586206897
179.990935013405
102.016807323598
102.016807323598
131.603444553355
102.974586206897
102.974586206897
102.974586206897
100.8058286458
102.974586206897
102.974586206897
102.974586206897
100.117208991403
102.974586206897
102.974586206897
102.016807323598
102.974586206897
102.974586206897
102.016807323598
100.117208991403
102.016807323598
102.016807323598
102.974586206897
102.016807323598
100.8058286458
102.974586206897
102.016807323598
102.974586206897
102.974586206897
100.8058286458
