26.691 25.8586666666667 25.333 25.2556666666667 25.7043333333333 26.5783333333333 27.148 27.4853333333333 27.334 27.2743333333333 27.3303333333333 27.3426666666667 27.017 26.5113333333333 25.909 25.599 25.8113333333333 26.595 27.5313333333333 27.9643333333333 28.0306666666667 27.862 27.637 27.279 26.6433333333333 26.0036666666667 25.3796666666667
27.017 26.5113333333333 25.909 25.599 25.8113333333333 26.595 27.5313333333333 27.9643333333333 28.0306666666667 27.862 27.637 27.279 26.6433333333333 26.0036666666667 25.3796666666667 25.4866666666667 25.9953333333333 26.97 27.663 28.0606666666667 28.1366666666667 27.9436666666667 27.746 27.2393333333333 26.8026666666667 25.9793333333333 25.62
26.6433333333333 26.0036666666667 25.3796666666667 25.4866666666667 25.9953333333333 26.97 27.663 28.0606666666667 28.1366666666667 27.9436666666667 27.746 27.2393333333333 26.8026666666667 25.9793333333333 25.62 25.5106666666667 26.1683333333333 26.951 27.5693333333333 27.86 27.7706666666667 27.7426666666667 27.4813333333333 27.251 26.5953333333333 26.0573333333333 25.4833333333333
26.8026666666667 25.9793333333333 25.62 25.5106666666667 26.1683333333333 26.951 27.5693333333333 27.86 27.7706666666667 27.7426666666667 27.4813333333333 27.251 26.5953333333333 26.0573333333333 25.4833333333333 25.4456666666667 25.857 26.731 27.4786666666667 27.8883333333333 27.884 27.8316666666667 27.7306666666667 27.4893333333333 26.9853333333333 26.0343333333333 25.3646666666667
26.5953333333333 26.0573333333333 25.4833333333333 25.4456666666667 25.857 26.731 27.4786666666667 27.8883333333333 27.884 27.8316666666667 27.7306666666667 27.4893333333333 26.9853333333333 26.0343333333333 25.3646666666667 25.2333333333333 25.9996666666667 27.0123333333333 27.8856666666667 28.136 28.154 28.003 27.889 27.4743333333333 26.742 25.961 25.3606666666667
26.9853333333333 26.0343333333333 25.3646666666667 25.2333333333333 25.9996666666667 27.0123333333333 27.8856666666667 28.136 28.154 28.003 27.889 27.4743333333333 26.742 25.961 25.3606666666667 25.4296666666667 25.9693333333333 26.8913333333333 27.6826666666667 27.9943333333333 27.8983333333333 27.5896666666667 27.3953333333333 27.172 26.887 26.4013333333333 26.0073333333333
26.742 25.961 25.3606666666667 25.4296666666667 25.9693333333333 26.8913333333333 27.6826666666667 27.9943333333333 27.8983333333333 27.5896666666667 27.3953333333333 27.172 26.887 26.4013333333333 26.0073333333333 25.8603333333333 26.314 27.0046666666667 27.7776666666667 28.175 28.308 28.2093333333333 28.073 27.719 26.9933333333333 26.298 25.7503333333333
26.887 26.4013333333333 26.0073333333333 25.8603333333333 26.314 27.0046666666667 27.7776666666667 28.175 28.308 28.2093333333333 28.073 27.719 26.9933333333333 26.298 25.7503333333333 25.8566666666667 26.4326666666667 27.4323333333333 28.0493333333333 28.2573333333333 28.1193333333333 27.9413333333333 27.7453333333333 27.3773333333333 26.9416666666667 26.297 26.0626666666667
26.9933333333333 26.298 25.7503333333333 25.8566666666667 26.4326666666667 27.4323333333333 28.0493333333333 28.2573333333333 28.1193333333333 27.9413333333333 27.7453333333333 27.3773333333333 26.9416666666667 26.297 26.0626666666667 26.1593333333333 26.7063333333333 27.1996666666667 27.7946666666667 27.939 28 27.6716666666667 27.592 27.382 27.0633333333333 26.5053333333333 25.8563333333333
26.9416666666667 26.297 26.0626666666667 26.1593333333333 26.7063333333333 27.1996666666667 27.7946666666667 27.939 28 27.6716666666667 27.592 27.382 27.0633333333333 26.5053333333333 25.8563333333333 25.692 26.1463333333333 27.0883333333333 27.9723333333333 28.3526666666667 28.3373333333333 28.091 27.881 27.618 26.9373333333333 26.1666666666667 25.3506666666667
27.0633333333333 26.5053333333333 25.8563333333333 25.692 26.1463333333333 27.0883333333333 27.9723333333333 28.3526666666667 28.3373333333333 28.091 27.881 27.618 26.9373333333333 26.1666666666667 25.3506666666667 25.4243333333333 26.0816666666667 27.266 28.183 28.54 28.4403333333333 28.1893333333333 28.1216666666667 27.9606666666667 27.527 27.08 26.6623333333333
26.9373333333333 26.1666666666667 25.3506666666667 25.4243333333333 26.0816666666667 27.266 28.183 28.54 28.4403333333333 28.1893333333333 28.1216666666667 27.9606666666667 27.527 27.08 26.6623333333333 26.6963333333333 26.923 27.6376666666667 28.1763333333333 28.4923333333333 28.4056666666667 28.3843333333333 28.237 27.8143333333333 26.9116666666667 26.3336666666667 25.9456666666667
27.527 27.08 26.6623333333333 26.6963333333333 26.923 27.6376666666667 28.1763333333333 28.4923333333333 28.4056666666667 28.3843333333333 28.237 27.8143333333333 26.9116666666667 26.3336666666667 25.9456666666667 26.1056666666667 26.4843333333333 27.2543333333333 27.9 28.1916666666667 28.0986666666667 28.0136666666667 27.771 27.3646666666667 26.5553333333333 25.8853333333333 25.5283333333333
26.9116666666667 26.3336666666667 25.9456666666667 26.1056666666667 26.4843333333333 27.2543333333333 27.9 28.1916666666667 28.0986666666667 28.0136666666667 27.771 27.3646666666667 26.5553333333333 25.8853333333333 25.5283333333333 25.6116666666667 26.1363333333333 26.8973333333333 27.738 28.0193333333333 28.072 27.8366666666667 27.6486666666667 27.2926666666667 26.7476666666667 26.09 25.568
26.5553333333333 25.8853333333333 25.5283333333333 25.6116666666667 26.1363333333333 26.8973333333333 27.738 28.0193333333333 28.072 27.8366666666667 27.6486666666667 27.2926666666667 26.7476666666667 26.09 25.568 25.5366666666667 26.0203333333333 26.7563333333333 27.5533333333333 27.9633333333333 28.062 27.953 27.667 27.1723333333333 26.5113333333333 25.83 25.4053333333333
26.7476666666667 26.09 25.568 25.5366666666667 26.0203333333333 26.7563333333333 27.5533333333333 27.9633333333333 28.062 27.953 27.667 27.1723333333333 26.5113333333333 25.83 25.4053333333333 25.3433333333333 25.9083333333333 26.8023333333333 27.6933333333333 27.9866666666667 28.0423333333333 27.759 27.5753333333333 26.638 25.8156666666667 24.8596666666667 24.449
26.5113333333333 25.83 25.4053333333333 25.3433333333333 25.9083333333333 26.8023333333333 27.6933333333333 27.9866666666667 28.0423333333333 27.759 27.5753333333333 26.638 25.8156666666667 24.8596666666667 24.449 24.632 25.405 26.5876666666667 27.4546666666667 27.9073333333333 27.9613333333333 27.7273333333333 27.4416666666667 27.257 26.9206666666667 26.4713333333333 25.932
25.8156666666667 24.8596666666667 24.449 24.632 25.405 26.5876666666667 27.4546666666667 27.9073333333333 27.9613333333333 27.7273333333333 27.4416666666667 27.257 26.9206666666667 26.4713333333333 25.932 25.7153333333333 26.0973333333333 26.8966666666667 27.607 27.9383333333333 27.8003333333333 27.533 27.2453333333333 26.8146666666667 26.3886666666667 25.8296666666667 25.471
26.9206666666667 26.4713333333333 25.932 25.7153333333333 26.0973333333333 26.8966666666667 27.607 27.9383333333333 27.8003333333333 27.533 27.2453333333333 26.8146666666667 26.3886666666667 25.8296666666667 25.471 25.337 25.6786666666667 26.4713333333333 27.3153333333333 27.836 28.012 27.963 27.8796666666667 27.6623333333333 27.161 26.4933333333333 25.7673333333333
26.3886666666667 25.8296666666667 25.471 25.337 25.6786666666667 26.4713333333333 27.3153333333333 27.836 28.012 27.963 27.8796666666667 27.6623333333333 27.161 26.4933333333333 25.7673333333333 25.6273333333333 25.9343333333333 26.773 27.4643333333333 28.058 28.213 28.21 28.049 27.7893333333333 27.052 26.0936666666667 25.4276666666667
27.161 26.4933333333333 25.7673333333333 25.6273333333333 25.9343333333333 26.773 27.4643333333333 28.058 28.213 28.21 28.049 27.7893333333333 27.052 26.0936666666667 25.4276666666667 25.327 25.8893333333333 26.7603333333333 27.6816666666667 28.128 28.147 28.0096666666667 28.022 27.8083333333333 27.4403333333333 26.7533333333333 26.2586666666667
27.052 26.0936666666667 25.4276666666667 25.327 25.8893333333333 26.7603333333333 27.6816666666667 28.128 28.147 28.0096666666667 28.022 27.8083333333333 27.4403333333333 26.7533333333333 26.2586666666667 26.102 26.345 27.0306666666667 27.8103333333333 28.434 28.628 28.6476666666667 28.4823333333333 28.25 27.829 27.3046666666667 26.5963333333333
27.4403333333333 26.7533333333333 26.2586666666667 26.102 26.345 27.0306666666667 27.8103333333333 28.434 28.628 28.6476666666667 28.4823333333333 28.25 27.829 27.3046666666667 26.5963333333333 26.4126666666667 26.5793333333333 27.2723333333333 27.5706666666667 27.9216666666667 27.8653333333333 27.8256666666667 27.6766666666667 27.5746666666667 27.378 26.9 26.4493333333333
27.829 27.3046666666667 26.5963333333333 26.4126666666667 26.5793333333333 27.2723333333333 27.5706666666667 27.9216666666667 27.8653333333333 27.8256666666667 27.6766666666667 27.5746666666667 27.378 26.9 26.4493333333333 26.318 26.744 27.3523333333333 27.8233333333333 27.9196666666667 27.9696666666667 27.8593333333333 27.8036666666667 27.6716666666667 27.4466666666667 27.0423333333333 26.582
27.378 26.9 26.4493333333333 26.318 26.744 27.3523333333333 27.8233333333333 27.9196666666667 27.9696666666667 27.8593333333333 27.8036666666667 27.6716666666667 27.4466666666667 27.0423333333333 26.582 26.4643333333333 26.8493333333333 27.5 27.9816666666667 28.0093333333333 27.9293333333333 27.8603333333333 27.842 27.5526666666667 26.95 26.2033333333333 25.5306666666667
27.4466666666667 27.0423333333333 26.582 26.4643333333333 26.8493333333333 27.5 27.9816666666667 28.0093333333333 27.9293333333333 27.8603333333333 27.842 27.5526666666667 26.95 26.2033333333333 25.5306666666667 25.4216666666667 25.9236666666667 26.8496666666667 27.695 28.109 28.0066666666667 27.7126666666667 27.6263333333333 27.5753333333333 27.2643333333333 26.4593333333333 25.6396666666667
26.95 26.2033333333333 25.5306666666667 25.4216666666667 25.9236666666667 26.8496666666667 27.695 28.109 28.0066666666667 27.7126666666667 27.6263333333333 27.5753333333333 27.2643333333333 26.4593333333333 25.6396666666667 25.31 25.74 26.732 27.498 27.9016666666667 27.896 27.7853333333333 27.5233333333333 27.263 26.7443333333333 26.1536666666667 25.6593333333333
27.2643333333333 26.4593333333333 25.6396666666667 25.31 25.74 26.732 27.498 27.9016666666667 27.896 27.7853333333333 27.5233333333333 27.263 26.7443333333333 26.1536666666667 25.6593333333333 25.7643333333333 26.3816666666667 27.0653333333333 27.579 27.6763333333333 27.6983333333333 27.5346666666667 27.2916666666667 26.9483333333333 26.5636666666667 26.0173333333333 25.5436666666667
26.7443333333333 26.1536666666667 25.6593333333333 25.7643333333333 26.3816666666667 27.0653333333333 27.579 27.6763333333333 27.6983333333333 27.5346666666667 27.2916666666667 26.9483333333333 26.5636666666667 26.0173333333333 25.5436666666667 25.3816666666667 25.7593333333333 26.5933333333333 27.5273333333333 28.1126666666667 28.185 27.9203333333333 27.7363333333333 27.4483333333333 27.009 26.416 25.8686666666667
26.5636666666667 26.0173333333333 25.5436666666667 25.3816666666667 25.7593333333333 26.5933333333333 27.5273333333333 28.1126666666667 28.185 27.9203333333333 27.7363333333333 27.4483333333333 27.009 26.416 25.8686666666667 25.783 26.215 26.967 27.7006666666667 28.038 28.0396666666667 27.8456666666667 27.5283333333333 27.4023333333333 27.1073333333333 26.7036666666667 26.0696666666667
27.009 26.416 25.8686666666667 25.783 26.215 26.967 27.7006666666667 28.038 28.0396666666667 27.8456666666667 27.5283333333333 27.4023333333333 27.1073333333333 26.7036666666667 26.0696666666667 25.771 26.1116666666667 26.8756666666667 27.634 27.9896666666667 28.0493333333333 27.864 27.625 27.2616666666667 26.9043333333333 26.505 26.1543333333333
27.1073333333333 26.7036666666667 26.0696666666667 25.771 26.1116666666667 26.8756666666667 27.634 27.9896666666667 28.0493333333333 27.864 27.625 27.2616666666667 26.9043333333333 26.505 26.1543333333333 26.0046666666667 26.3536666666667 26.9306666666667 27.432 27.618 27.615 27.6293333333333 27.583 27.6093333333333 27.2866666666667 26.716 26.2266666666667
26.9043333333333 26.505 26.1543333333333 26.0046666666667 26.3536666666667 26.9306666666667 27.432 27.618 27.615 27.6293333333333 27.583 27.6093333333333 27.2866666666667 26.716 26.2266666666667 26.1553333333333 26.691 27.2076666666667 27.6576666666667 27.755 27.7993333333333 27.7713333333333 27.6243333333333 27.354 26.747 26.2206666666667 25.7903333333333
27.2866666666667 26.716 26.2266666666667 26.1553333333333 26.691 27.2076666666667 27.6576666666667 27.755 27.7993333333333 27.7713333333333 27.6243333333333 27.354 26.747 26.2206666666667 25.7903333333333 25.8786666666667 26.3246666666667 27.1183333333333 27.8426666666667 28.1703333333333 28.1496666666667 27.981 27.9323333333333 27.728 27.4426666666667 26.8033333333333 26.2923333333333
26.747 26.2206666666667 25.7903333333333 25.8786666666667 26.3246666666667 27.1183333333333 27.8426666666667 28.1703333333333 28.1496666666667 27.981 27.9323333333333 27.728 27.4426666666667 26.8033333333333 26.2923333333333 25.951 26.0866666666667 26.783 27.3533333333333 27.703 27.5353333333333 27.4636666666667 27.4226666666667 27.425 27.2123333333333 26.8956666666667 26.411
27.4426666666667 26.8033333333333 26.2923333333333 25.951 26.0866666666667 26.783 27.3533333333333 27.703 27.5353333333333 27.4636666666667 27.4226666666667 27.425 27.2123333333333 26.8956666666667 26.411 26.2436666666667 26.502 27.1603333333333 27.709 27.7926666666667 27.6503333333333 27.4013333333333 27.2356666666667 27.0066666666667 26.8583333333333 26.5716666666667 26.267
27.2123333333333 26.8956666666667 26.411 26.2436666666667 26.502 27.1603333333333 27.709 27.7926666666667 27.6503333333333 27.4013333333333 27.2356666666667 27.0066666666667 26.8583333333333 26.5716666666667 26.267 26.1293333333333 26.6373333333333 27.387 27.899 27.8593333333333 27.6346666666667 27.484 27.35 27.1253333333333 26.8626666666667 26.263 25.7346666666667
