-7.25033333333333 -8.061 -7.93233333333333 -7.74733333333333 -7.97233333333333 -8.27366666666667 -7.70833333333333 -7.04466666666667 -6.673 -6.41966666666667 -6.41733333333333 -7.579 -8.66533333333333 -8.63566666666667 -8.20233333333333 -8.36133333333333 -9.09366666666667 -8.434 -7.83966666666667 -7.13133333333333 -6.32766666666667 -5.40866666666667 -4.953 -6.31366666666667 -7.47266666666667 -8.16633333333333 -7.954
-8.66533333333333 -8.63566666666667 -8.20233333333333 -8.36133333333333 -9.09366666666667 -8.434 -7.83966666666667 -7.13133333333333 -6.32766666666667 -5.40866666666667 -4.953 -6.31366666666667 -7.47266666666667 -8.16633333333333 -7.954 -7.66166666666667 -7.61833333333333 -7.525 -7.31766666666667 -6.661 -5.67566666666667 -4.861 -5.378 -6.72333333333333 -8.586 -9.05866666666667 -8.71533333333333
-7.47266666666667 -8.16633333333333 -7.954 -7.66166666666667 -7.61833333333333 -7.525 -7.31766666666667 -6.661 -5.67566666666667 -4.861 -5.378 -6.72333333333333 -8.586 -9.05866666666667 -8.71533333333333 -8.05733333333333 -8.33233333333333 -8.36733333333333 -8.04733333333333 -6.88 -5.65866666666667 -5.56333333333333 -5.85433333333333 -6.80466666666667 -7.22766666666667 -7.065 -7.17166666666667
-8.586 -9.05866666666667 -8.71533333333333 -8.05733333333333 -8.33233333333333 -8.36733333333333 -8.04733333333333 -6.88 -5.65866666666667 -5.56333333333333 -5.85433333333333 -6.80466666666667 -7.22766666666667 -7.065 -7.17166666666667 -7.53433333333333 -8.52566666666667 -9.092 -8.81866666666667 -7.99733333333333 -6.61033333333333 -5.55966666666667 -5.88466666666667 -7.167 -7.90866666666667 -7.29166666666667 -6.763
-7.22766666666667 -7.065 -7.17166666666667 -7.53433333333333 -8.52566666666667 -9.092 -8.81866666666667 -7.99733333333333 -6.61033333333333 -5.55966666666667 -5.88466666666667 -7.167 -7.90866666666667 -7.29166666666667 -6.763 -7.14 -8.12366666666667 -7.93166666666667 -7.29466666666667 -6.49033333333333 -4.89433333333333 -4.88866666666667 -4.71366666666667 -7.08566666666667 -8.11666666666667 -8.869 -7.861
-7.90866666666667 -7.29166666666667 -6.763 -7.14 -8.12366666666667 -7.93166666666667 -7.29466666666667 -6.49033333333333 -4.89433333333333 -4.88866666666667 -4.71366666666667 -7.08566666666667 -8.11666666666667 -8.869 -7.861 -7.62666666666667 -7.297 -8.10633333333333 -7.82166666666667 -7.70633333333333 -6.992 -5.43666666666667 -4.27033333333333 -5.01233333333333 -7.40666666666667 -8.97966666666667 -8.569
-8.11666666666667 -8.869 -7.861 -7.62666666666667 -7.297 -8.10633333333333 -7.82166666666667 -7.70633333333333 -6.992 -5.43666666666667 -4.27033333333333 -5.01233333333333 -7.40666666666667 -8.97966666666667 -8.569 -7.56 -7.22933333333333 -7.53233333333333 -7.685 -7.83233333333333 -7.18 -6.517 -6.46833333333333 -7.25533333333333 -7.94333333333333 -7.61833333333333 -7.18133333333333
-7.40666666666667 -8.97966666666667 -8.569 -7.56 -7.22933333333333 -7.53233333333333 -7.685 -7.83233333333333 -7.18 -6.517 -6.46833333333333 -7.25533333333333 -7.94333333333333 -7.61833333333333 -7.18133333333333 -7.29133333333333 -7.74133333333333 -7.51266666666667 -6.622 -5.12833333333333 -4.425 -3.19066666666667 -4.14666666666667 -5.028 -7.15733333333333 -7.82633333333333 -7.97833333333333
-7.94333333333333 -7.61833333333333 -7.18133333333333 -7.29133333333333 -7.74133333333333 -7.51266666666667 -6.622 -5.12833333333333 -4.425 -3.19066666666667 -4.14666666666667 -5.028 -7.15733333333333 -7.82633333333333 -7.97833333333333 -8.542 -8.012 -8.16733333333333 -7.25266666666667 -6.673 -5.90566666666667 -5.27266666666667 -5.27 -6.10966666666667 -7.436 -8.39266666666667 -7.55866666666667
-7.15733333333333 -7.82633333333333 -7.97833333333333 -8.542 -8.012 -8.16733333333333 -7.25266666666667 -6.673 -5.90566666666667 -5.27266666666667 -5.27 -6.10966666666667 -7.436 -8.39266666666667 -7.55866666666667 -7.13733333333333 -7.04833333333333 -7.85066666666667 -7.615 -6.926 -4.38866666666667 -3.44466666666667 -4.16066666666667 -7.04333333333333 -8.75766666666667 -9.33666666666667 -9.19666666666667
-7.436 -8.39266666666667 -7.55866666666667 -7.13733333333333 -7.04833333333333 -7.85066666666667 -7.615 -6.926 -4.38866666666667 -3.44466666666667 -4.16066666666667 -7.04333333333333 -8.75766666666667 -9.33666666666667 -9.19666666666667 -8.90133333333333 -8.60966666666667 -8.17166666666667 -7.58433333333333 -7.06066666666667 -6.678 -5.28333333333333 -5.14866666666667 -6.192 -8.60366666666667 -9.69933333333333 -9.132
-8.75766666666667 -9.33666666666667 -9.19666666666667 -8.90133333333333 -8.60966666666667 -8.17166666666667 -7.58433333333333 -7.06066666666667 -6.678 -5.28333333333333 -5.14866666666667 -6.192 -8.60366666666667 -9.69933333333333 -9.132 -8.96866666666667 -8.31433333333333 -8.38766666666667 -7.625 -7.354 -6.39433333333333 -5.742 -5.834 -6.777 -7.90966666666667 -8.428 -8.252
-8.60366666666667 -9.69933333333333 -9.132 -8.96866666666667 -8.31433333333333 -8.38766666666667 -7.625 -7.354 -6.39433333333333 -5.742 -5.834 -6.777 -7.90966666666667 -8.428 -8.252 -7.112 -6.817 -7.02866666666667 -7.40266666666667 -6.981 -6.123 -5.506 -5.27433333333333 -6.03766666666667 -7.16266666666667 -8.487 -8.60633333333333
-7.90966666666667 -8.428 -8.252 -7.112 -6.817 -7.02866666666667 -7.40266666666667 -6.981 -6.123 -5.506 -5.27433333333333 -6.03766666666667 -7.16266666666667 -8.487 -8.60633333333333 -8.74 -7.862 -8.05966666666667 -7.638 -7.31733333333333 -6.59566666666667 -6.526 -6.53933333333333 -6.87566666666667 -7.48466666666667 -7.92 -7.91033333333333
-7.16266666666667 -8.487 -8.60633333333333 -8.74 -7.862 -8.05966666666667 -7.638 -7.31733333333333 -6.59566666666667 -6.526 -6.53933333333333 -6.87566666666667 -7.48466666666667 -7.92 -7.91033333333333 -8.33233333333333 -8.96433333333333 -9.375 -8.031 -6.93933333333333 -5.36633333333333 -5.858 -6.21966666666667 -7.986 -8.30066666666667 -8.694 -7.72266666666667
-7.48466666666667 -7.92 -7.91033333333333 -8.33233333333333 -8.96433333333333 -9.375 -8.031 -6.93933333333333 -5.36633333333333 -5.858 -6.21966666666667 -7.986 -8.30066666666667 -8.694 -7.72266666666667 -7.82833333333333 -7.54466666666667 -7.99666666666667 -7.82133333333333 -7.53433333333333 -6.94566666666667 -4.30266666666667 -3.631 -4.76066666666667 -7.25733333333333 -8.74633333333333 -8.11133333333333
-8.30066666666667 -8.694 -7.72266666666667 -7.82833333333333 -7.54466666666667 -7.99666666666667 -7.82133333333333 -7.53433333333333 -6.94566666666667 -4.30266666666667 -3.631 -4.76066666666667 -7.25733333333333 -8.74633333333333 -8.11133333333333 -8.48466666666667 -8.19666666666667 -8.458 -7.812 -7.63866666666667 -6.71533333333333 -6.10366666666667 -5.334 -6.36333333333333 -7.99433333333333 -8.709 -8.091
-7.25733333333333 -8.74633333333333 -8.11133333333333 -8.48466666666667 -8.19666666666667 -8.458 -7.812 -7.63866666666667 -6.71533333333333 -6.10366666666667 -5.334 -6.36333333333333 -7.99433333333333 -8.709 -8.091 -7.67133333333333 -7.601 -8.01333333333333 -7.57533333333333 -7.23433333333333 -5.77033333333333 -3.56266666666667 -2.565 -3.77233333333333 -6.46633333333333 -7.766 -7.415
-7.99433333333333 -8.709 -8.091 -7.67133333333333 -7.601 -8.01333333333333 -7.57533333333333 -7.23433333333333 -5.77033333333333 -3.56266666666667 -2.565 -3.77233333333333 -6.46633333333333 -7.766 -7.415 -6.79666666666667 -7.23566666666667 -8.08233333333333 -8.42466666666667 -7.86066666666667 -7.15133333333333 -6.63433333333333 -6.71066666666667 -7.01466666666667 -7.31633333333333 -7.47866666666667 -7.51033333333333
-6.46633333333333 -7.766 -7.415 -6.79666666666667 -7.23566666666667 -8.08233333333333 -8.42466666666667 -7.86066666666667 -7.15133333333333 -6.63433333333333 -6.71066666666667 -7.01466666666667 -7.31633333333333 -7.47866666666667 -7.51033333333333 -7.875 -8.23133333333333 -8.12833333333333 -7.636 -6.89033333333333 -5.689 -5.219 -5.16866666666667 -6.489 -7.50333333333333 -7.39133333333333 -7.61266666666667
-7.31633333333333 -7.47866666666667 -7.51033333333333 -7.875 -8.23133333333333 -8.12833333333333 -7.636 -6.89033333333333 -5.689 -5.219 -5.16866666666667 -6.489 -7.50333333333333 -7.39133333333333 -7.61266666666667 -7.385 -8.31266666666667 -8.34433333333333 -8.11866666666667 -7.399 -6.20166666666667 -4.459 -4.69333333333333 -5.543 -7.73866666666667 -7.49766666666667 -7.309
-7.50333333333333 -7.39133333333333 -7.61266666666667 -7.385 -8.31266666666667 -8.34433333333333 -8.11866666666667 -7.399 -6.20166666666667 -4.459 -4.69333333333333 -5.543 -7.73866666666667 -7.49766666666667 -7.309 -6.45066666666667 -7.237 -7.77033333333333 -8.06633333333333 -7.474 -6.976 -6.603 -6.713 -7.388 -8.33933333333333 -8.19333333333333 -7.98266666666667
-7.73866666666667 -7.49766666666667 -7.309 -6.45066666666667 -7.237 -7.77033333333333 -8.06633333333333 -7.474 -6.976 -6.603 -6.713 -7.388 -8.33933333333333 -8.19333333333333 -7.98266666666667 -7.73366666666667 -8.033 -7.52333333333333 -7.372 -7.10566666666667 -7.03733333333333 -6.77166666666667 -7.15933333333333 -7.32266666666667 -7.97866666666667 -7.37 -7.56333333333333
-8.33933333333333 -8.19333333333333 -7.98266666666667 -7.73366666666667 -8.033 -7.52333333333333 -7.372 -7.10566666666667 -7.03733333333333 -6.77166666666667 -7.15933333333333 -7.32266666666667 -7.97866666666667 -7.37 -7.56333333333333 -7.62133333333333 -8.236 -7.92466666666667 -7.603 -6.892 -6.91633333333333 -5.371 -5.83366666666667 -6.85466666666667 -8.862 -9.198 -8.87766666666667
-7.97866666666667 -7.37 -7.56333333333333 -7.62133333333333 -8.236 -7.92466666666667 -7.603 -6.892 -6.91633333333333 -5.371 -5.83366666666667 -6.85466666666667 -8.862 -9.198 -8.87766666666667 -7.877 -7.87333333333333 -7.221 -7.119 -5.915 -5.29833333333333 -5.16133333333333 -5.83566666666667 -6.91533333333333 -8.12733333333333 -8.37166666666667 -8.52133333333333
-8.862 -9.198 -8.87766666666667 -7.877 -7.87333333333333 -7.221 -7.119 -5.915 -5.29833333333333 -5.16133333333333 -5.83566666666667 -6.91533333333333 -8.12733333333333 -8.37166666666667 -8.52133333333333 -8.51066666666667 -8.29833333333333 -7.96566666666667 -7.74433333333333 -7.51366666666667 -7.26433333333333 -5.53666666666667 -5.718 -6.715 -8.93633333333333 -9.26566666666667 -8.42733333333333
-8.12733333333333 -8.37166666666667 -8.52133333333333 -8.51066666666667 -8.29833333333333 -7.96566666666667 -7.74433333333333 -7.51366666666667 -7.26433333333333 -5.53666666666667 -5.718 -6.715 -8.93633333333333 -9.26566666666667 -8.42733333333333 -7.98966666666667 -8.75166666666667 -9.679 -9.74266666666667 -9.24066666666667 -8.42833333333333 -7.786 -7.36233333333333 -6.78233333333333 -7.58133333333333 -7.891 -9.035
-8.93633333333333 -9.26566666666667 -8.42733333333333 -7.98966666666667 -8.75166666666667 -9.679 -9.74266666666667 -9.24066666666667 -8.42833333333333 -7.786 -7.36233333333333 -6.78233333333333 -7.58133333333333 -7.891 -9.035 -9.43033333333333 -10.0823333333333 -9.41533333333333 -8.524 -7.35633333333333 -7.07533333333333 -6.36633333333333 -6.03333333333333 -6.95366666666667 -7.89866666666667 -8.415 -8.07766666666667
-7.58133333333333 -7.891 -9.035 -9.43033333333333 -10.0823333333333 -9.41533333333333 -8.524 -7.35633333333333 -7.07533333333333 -6.36633333333333 -6.03333333333333 -6.95366666666667 -7.89866666666667 -8.415 -8.07766666666667 -8.357 -8.577 -8.494 -7.81633333333333 -7.295 -6.55 -6.19 -6.24866666666667 -6.902 -7.60366666666667 -8.09566666666667 -8.56166666666667
-7.89866666666667 -8.415 -8.07766666666667 -8.357 -8.577 -8.494 -7.81633333333333 -7.295 -6.55 -6.19 -6.24866666666667 -6.902 -7.60366666666667 -8.09566666666667 -8.56166666666667 -8.49466666666667 -8.333 -7.55733333333333 -7.548 -7.432 -6.53066666666667 -5.26 -5.017 -6.08666666666667 -8.123 -9.07233333333333 -8.94733333333333
-7.60366666666667 -8.09566666666667 -8.56166666666667 -8.49466666666667 -8.333 -7.55733333333333 -7.548 -7.432 -6.53066666666667 -5.26 -5.017 -6.08666666666667 -8.123 -9.07233333333333 -8.94733333333333 -7.77166666666667 -7.533 -7.48066666666667 -7.544 -6.458 -5.89133333333333 -4.93466666666667 -5.00133333333333 -6.305 -7.913 -8.57833333333333 -7.76866666666667
-8.123 -9.07233333333333 -8.94733333333333 -7.77166666666667 -7.533 -7.48066666666667 -7.544 -6.458 -5.89133333333333 -4.93466666666667 -5.00133333333333 -6.305 -7.913 -8.57833333333333 -7.76866666666667 -6.87233333333333 -6.90866666666667 -7.14666666666667 -7.07 -6.47133333333333 -6.13633333333333 -6.14266666666667 -6.60666666666667 -7.25 -7.76366666666667 -8.00433333333333 -7.69833333333333
-7.913 -8.57833333333333 -7.76866666666667 -6.87233333333333 -6.90866666666667 -7.14666666666667 -7.07 -6.47133333333333 -6.13633333333333 -6.14266666666667 -6.60666666666667 -7.25 -7.76366666666667 -8.00433333333333 -7.69833333333333 -7.298 -7.32966666666667 -6.73866666666667 -6.099 -5.62666666666667 -5.47866666666667 -6.13233333333333 -6.42433333333333 -7.56266666666667 -7.82333333333333 -7.554 -6.96633333333333
-7.76366666666667 -8.00433333333333 -7.69833333333333 -7.298 -7.32966666666667 -6.73866666666667 -6.099 -5.62666666666667 -5.47866666666667 -6.13233333333333 -6.42433333333333 -7.56266666666667 -7.82333333333333 -7.554 -6.96633333333333 -7.42066666666667 -7.67733333333333 -7.523 -7.22633333333333 -7.15933333333333 -7.10666666666667 -6.72633333333333 -6.32733333333333 -6.61033333333333 -5.71633333333333 -5.58833333333333 -5.17666666666667
-7.82333333333333 -7.554 -6.96633333333333 -7.42066666666667 -7.67733333333333 -7.523 -7.22633333333333 -7.15933333333333 -7.10666666666667 -6.72633333333333 -6.32733333333333 -6.61033333333333 -5.71633333333333 -5.58833333333333 -5.17666666666667 -6.31966666666667 -6.14333333333333 -6.69733333333333 -6.83933333333333 -7.041 -6.66866666666667 -6.13033333333333 -6.37033333333333 -6.47733333333333 -7.46533333333333 -7.197 -7.7
-5.71633333333333 -5.58833333333333 -5.17666666666667 -6.31966666666667 -6.14333333333333 -6.69733333333333 -6.83933333333333 -7.041 -6.66866666666667 -6.13033333333333 -6.37033333333333 -6.47733333333333 -7.46533333333333 -7.197 -7.7 -6.73133333333333 -6.24766666666667 -5.71333333333333 -5.607 -6.313 -5.42466666666667 -4.976 -4.46666666666667 -5.21366666666667 -6.09633333333333 -6.53566666666667 -7.50333333333333
-7.46533333333333 -7.197 -7.7 -6.73133333333333 -6.24766666666667 -5.71333333333333 -5.607 -6.313 -5.42466666666667 -4.976 -4.46666666666667 -5.21366666666667 -6.09633333333333 -6.53566666666667 -7.50333333333333 -7.42233333333333 -7.37333333333333 -6.562 -6.779 -6.914 -6.30833333333333 -4.84666666666667 -4.377 -5.121 -6.17833333333333 -6.515 -6.434
