"L" "L.1" "L.2" "L.3" "L.4" "L.5" "L.6" "L.7" "L.8" "L.9" "L.10" "L.11"
"1" 24530.957474132 25431.646445908 23197.8864141932 20276.1041544391 17948.8340872913 17828.3667755612 19143.3664690649 22107.057361136 20084.3423972517 26025.0839650996 25667.7930777112 27837.6080156661
"2" 21961.9999675581 22168.4846614513 22627.6658097859 23018.0328878566 22141.7527568593 22448.6178550858 19511.3387618982 16843.935998076 15567.0541424566 14133.8896298791 13750.0952766218 14689.8707176629
"3" 25627.020775665 25412.267446556 25838.3357953754 26882.1941271697 17774.3563899525 12929.5637291593 13566.4476996981 22285.9146261453 27528.629960215 22351.6984028322 25887.9184342404 18837.1532820685
"4" 24270.0976564297 24842.6122505364 24554.3399530033 26256.0527052185 17087.1134502351 19391.7816612363 18804.1810530327 17022.3836358889 16253.2262408774 16547.1127164122 16400.8454104802 19910.2546489732
"5" 22849.7133184282 21347.5535280113 19208.2143388721 25951.5655022226 19320.1746824644 16432.623049089 24561.580247224 24235.0011247628 27240.5492663671 24470.4274366427 25445.67818099 25326.7764750445
"6" 21879.262397951 22290.6196398653 25074.2387053906 22184.8959503564 23951.6632662025 21616.9456526544 20935.0434788862 22996.4957800309 23062.6400125259 18261.239125281 15969.3645238017 14282.3530367468
"7" 15630.4714869245 18622.3941278599 17364.3568118089 18901.0799562138 14301.8446483167 18910.9491101187 22321.4667297932 25009.0900035202 25454.211703704 24763.5449850555 22860.279670688 21832.2208034169
"8" 25094.4410838558 21837.3615171339 25357.238138739 24793.3811818748 23154.7829921924 19044.6530836345 19187.1554541532 22554.5424468069 23393.4621224253 22973.7557915437 22253.4313452777 27626.236580649
"9" 23203.1055993754 25746.4257512228 26878.558679743 23485.6287450956 20356.745613289 18494.3099102803 16817.4772984533 14495.7263153459 14730.3089338677 13911.5520197566 14191.9894335483 14484.4813424561
"10" 27705.5724954757 28836.2724768203 26710.4101148163 21984.4002833272 14195.8377225241 13339.5895262402 16211.085068655 28994.4964534331 28173.2912658172 24321.1214743487 22446.5190010728 23368.447056985
"11" 23750.9285794729 25627.240456356 22655.7178551088 20326.3482567108 16272.9249420086 15751.7172747811 17058.28154289 17085.7576844778 14793.7373822172 17653.5309406316 16906.0614781289 18401.1307431369
"12" 30807.3189104358 25605.1288992972 14494.3156352857 11650.4132901817 12555.7510284763 15388.7270939861 19224.3630690418 22409.0838101466 24332.5204196057 30014.6646183636 28167.0082150522 32844.1867838007
"13" 18086.4285431294 20931.0166774389 21886.3420436081 20129.2004655845 18852.2188221662 18798.1818525934 23748.9064133395 26200.4113584586 29576.1512555821 20755.3449684247 16214.9651622125 12449.5762765226
"14" 16116.1121674819 17897.4562397975 18335.5070257828 18701.2109857746 11787.5092639269 14212.4442440251 20124.4039161585 29350.3026795034 29647.1777752051 30247.6802604043 22615.7864975699 18931.3925850727
"15" 26565.3618160681 25054.3138371324 25068.0403477276 22746.9780511445 18046.1875873246 15820.0519907729 14865.2079917452 22232.3824480056 26758.1953366985 27858.4848163424 26537.0218255589 27303.0250815308
"16" 24847.3563819676 25703.4540728779 25728.6794281189 26387.7879455013 18735.650430641 13475.6818389268 12879.476527773 15783.5513140836 15931.9629781111 19175.3518360107 14689.0130340501 15330.6925526149
"17" 21160.6886261226 23252.8802457527 25355.6558478027 27009.232880912 21586.5370928056 22822.0782073277 20120.0548505945 18530.9182550197 17656.439453626 16628.8372805713 15423.8129513123 16283.2861769562
"18" 29218.432900572 20517.7802965944 20673.9841304079 24731.5761209254 17609.8859980232 17060.4683988949 21921.3840220263 20083.3461437838 16361.599027969 14051.0279299258 16853.1636099479 17313.0699602229
"19" 19908.0892054054 21729.8383353242 25128.3631699235 22694.3714273666 24873.3029355789 21312.1524687331 19908.9977390255 16827.687218691 14167.5445188994 11876.5162691886 12039.2925042932 10668.9439382852
"20" 17603.0065846513 25978.2416470664 37132.1051432087 28707.8274453701 15208.890569607 21082.7772676711 16515.3432177645 18492.7376893737 17265.5242963455 14561.0466452208 13849.6372985695 14725.3334971479
"21" 21662.1791403196 23510.9002048052 25239.5499082118 27339.5970981346 24425.6960306784 21290.7323052845 17129.6283347742 18438.3126930012 16418.742685457 15376.4589480987 17081.33396475 18612.4422782432
"22" 29097.1696770702 28903.4556547113 27923.91064711 28830.0666793401 17601.4231448522 14862.2264588829 15953.5413782004 18592.8349182323 17534.8866289707 16474.3018177656 19693.312402281 17689.8239823302
"23" 29865.0416567973 26655.0078946505 23569.4152424156 26125.1463485258 18975.5987159653 14149.4460278258 17130.2682378546 27244.427519224 32115.6179620769 26652.6039912761 26161.4372831871 23139.7192783521
"24" 24085.8397114812 23770.6091015545 26201.5686231452 26739.3555158762 18670.2880387337 14372.4213349415 17803.6560968032 28624.5570631415 27774.545513061 20768.1468315853 19913.2821951223 15108.3801184994
"25" 17617.5830484834 22023.7870893005 18821.520762914 21245.1172823652 16329.7656331137 15580.3171074535 17592.7093106766 28717.6459562024 27423.9182494813 22615.659818478 22914.0816275139 19941.0201704006
"26" 24787.4186406893 25471.1724568963 27503.6039052923 21423.975588518 18831.8044592345 14974.3260507909 13378.4258730667 20485.4773825917 23920.3353520621 21375.1321708644 20997.8001049749 17617.8502253408
"27" 28621.0644287356 23927.6732221361 26502.4001734835 26265.2515548098 15893.1027064626 18734.1771834837 21413.352170808 21153.9530653141 17591.9170414033 18347.6734007665 19974.4885717615 22602.934420061
"28" 24402.9941037281 25134.11709786 26387.4264238031 22679.548818421 17698.3567122773 20176.7113155348 17761.3719720664 16794.5281295938 14366.3266133967 12319.1260201171 12469.3852275269 12487.9376877554
"29" 21689.4925566506 20742.8996383635 21153.52459927 21058.9801584449 13422.5976438708 17745.5216613121 16549.1382286889 22309.4707877377 18590.6089404064 16443.9030470964 17884.8154961852 20425.5784998979
"30" 26222.6420056275 25796.5764131961 26222.4272758528 23846.3732302152 19460.8996303384 20088.8873104253 18489.480671436 19475.8000864055 17750.8320216918 16032.8631849702 15160.4354919873 20930.7993477208
"31" 22206.5505152877 23566.2636050203 24063.4245969402 21893.3063078568 19422.323674679 18601.097015778 23740.3037399181 24098.9828857867 27529.4914676992 23703.1957797059 19277.6566845479 15379.5303434076
"32" 18726.6620123544 15912.715293664 19043.3389956933 26783.7086653176 15948.2431633947 17010.4975690086 25485.8311850018 28124.7820399309 29449.547194152 23872.8611966021 25201.378440279 24692.4158757383
"33" 25602.2283305686 24637.0462021941 22612.8342002906 19411.3775660043 18154.5492641075 17134.9248669759 19314.8084919372 23740.3302412761 27560.4228676935 24806.4245170779 24451.8644244151 25980.9764186589
"34" 19817.5728504278 15866.7378183289 16956.9813263895 21129.3477360014 17311.0773324413 20074.6194818856 21621.5112079852 24381.7544409537 23790.8189052589 21235.3242298282 15232.3277693416 14747.3035476649
"35" 20053.446917803 23297.2850127894 28376.7290331754 25498.0934198285 22108.1359449251 18872.0154198299 18822.1164662921 24375.7252627655 23059.6692799956 19722.5923050807 17196.8417090865 12380.9748218005
"36" 21684.9665645593 20135.9026902543 19806.4146088921 18962.9240173886 15347.2645039466 21446.6086535231 18442.2287787557 26123.1711873007 25339.2212952423 22011.800292597 15890.2958580655 13137.2712251467
"37" 29929.953159656 29068.7118396594 28085.9049285212 24108.4479774637 17846.874086216 13864.1452688946 14472.0851952567 18213.3744546564 17533.5562531636 15416.2261233311 15282.5276246635 15052.9271691259
"38" 25281.1600055194 27133.6400932102 26575.542979184 25547.0832866377 20726.0204847385 17717.9776726183 17880.5748759957 16693.6160607261 16586.8233446124 16851.977396433 15438.0438906675 15961.7515184697
"39" 29541.8957758389 21528.8210674039 18464.535027562 15220.2438084377 15963.1940517991 16346.8426875138 18756.4351330508 17674.7599260624 15920.0766295578 14512.3086806845 15825.2152845565 17774.8418858198
"40" 21032.1334358592 22335.9905392397 21951.7639082264 20973.8113894053 20685.5019450966 18813.4167866377 19262.7846189298 17097.5030696061 16505.9856286317 13018.536841479 13444.4998815717 12499.0138185935
"41" 20130.658772363 22617.2354134352 25845.4109668508 27296.8703994454 15359.9106832084 14691.8023871506 16751.2594823661 17826.3397545891 17199.6998685379 15314.8743772301 14130.2689546136 13165.7607871857
"42" 25451.8298889325 25203.8059145189 26842.3637496965 28074.4290544267 22038.8868496515 18021.6356999733 15647.3327473058 17499.0544808712 16690.3214449688 15609.2885437692 17495.6573048688 18846.3369967895
"43" 28991.7292114001 27199.7078275761 25639.6355440892 22021.7042323909 14926.2990067345 14504.8259809211 15788.822022961 22129.6954704102 18715.1461305573 17988.4414837049 21591.2559934349 21168.7081408366
"44" 30748.9052500429 26960.3729867241 19361.9553437843 14951.053559986 13366.1676868308 14631.5738220019 17697.9432833261 28578.6356884142 29425.29584956 26918.0300255096 25872.1218989674 25948.3813315224
"45" 22509.1604870745 20860.6708286556 22294.3309285941 21473.1217090294 15285.6080553254 14154.2184338097 17383.4115876617 26362.1309905886 27676.1378627466 21757.5852740805 18325.020832636 15538.0488046824
"46" 23238.3135445225 21952.5701105076 21015.7700386513 19967.6613378305 14864.2155198544 13493.2126193509 15905.836182166 29032.3639144134 28896.0789299628 25981.0348811342 23799.3599134605 20724.6876862289
"47" 28041.0302155738 25104.7469670144 25772.6936762667 22065.5091235801 16202.2055249714 15194.6544438805 14552.7670689098 23017.6209378216 26572.7220606808 23638.7725628224 21538.5257248103 20263.3464375797
"48" 25763.4056484968 22493.722482634 18785.9365368299 14336.4910641297 15896.9951793421 16290.0470739486 18540.2787916393 19102.8288049167 17283.1685130428 17525.6140069166 17959.7475763482 20173.6746996772
"49" 21000.4306016655 21619.562634623 21283.4402858941 18480.0921562802 16989.0432642502 16772.9184560749 18097.3655038017 18479.2257457528 15731.5212344035 12996.8854446953 11075.0927963729 10620.3691695119
"50" 20265.5134302946 22071.5725297335 22335.0323601469 20816.2489278814 15208.1118421073 15107.6720918583 16918.298525851 21091.1268373244 17495.0024753083 17453.168664177 17730.4343997459 18685.6755781145
"51" 25727.1537703392 24440.4236856444 25143.4069023278 22811.3726258509 18219.8579414885 16253.0820920228 14475.8093858129 17972.1829754092 17164.0848675225 16085.9656933411 15742.2027334171 20009.5531091796
"52" 21403.3481353135 19386.8007775828 17157.8279456795 14359.1796657705 15847.5123454215 15574.6532165817 19632.1685379029 23697.9131943931 26632.9661239127 24275.6615228381 17700.9713563379 12396.5927035454
"53" 19107.8072967775 17819.2348156464 16028.5136372812 13197.0376043033 14497.2043260075 14381.2186216785 21343.9215340308 26254.0414136589 29110.3024537402 26612.2937887598 21627.0282117198 20207.4251861138
"54" 28503.8079316007 23599.6243189253 19010.6277338455 14039.0401105018 14933.4295527627 15504.2916541917 16772.1796008836 22679.559644402 25934.3008732354 27668.706326775 29338.9337471704 31631.3206957123
"55" 18331.6853095982 19610.5915828676 19280.7012766294 19970.353394334 15508.4965750995 15106.2095483115 16750.6092196899 26268.031646373 29254.6621811871 21820.4185154581 13270.5250475035 11414.6520375442
"56" 20268.4549319061 21168.0024360385 22334.1731198623 21425.5317557057 17658.1887419164 16258.9810067045 16058.6720292225 21119.2270311152 25070.1093314787 20506.5316317526 18036.5543637373 14867.0964200947
"57" 22191.7591231218 22582.0580388889 22685.7615708538 20951.0694112332 15610.0962127775 14857.9374967433 17053.0976852412 26084.3763540494 29008.0447517954 25957.0102887682 19430.2002652559 15961.3164644618
"58" 27871.4459045204 28137.7582392336 28437.8536223749 29996.6010122911 19089.5177582371 14384.2627503503 14203.3864854563 18028.3918035826 17990.2610297288 17252.0625060381 15675.3279930321 16420.4391693672
"59" 31947.2271882112 23880.4029161697 21365.4155122154 21575.8932355274 16601.3301275572 14282.3930426345 13918.1431623337 20155.4341501832 17342.7342149829 15734.6714358153 16380.7328717309 17180.807609467
"60" 25734.073343476 23046.3622862007 26042.6015064269 27697.5060663432 19760.5602791179 13929.1651457547 14065.1688092967 18022.8803316638 17048.8215988226 13833.107557224 13293.2095203318 12183.8254050254
"61" 23726.3185774702 23133.0243483036 21732.7365758396 21252.3348858788 17937.9308817187 14898.1981630885 13054.4845997921 17501.4214473423 17552.7956146474 15808.6786819806 15466.4397733421 15129.8750584236
"62" 26390.8388689649 25959.9150136366 27181.2079895127 24783.7705505464 21506.640712411 13930.7887019368 12089.0167276498 17454.6197147147 16970.7441087074 16923.9987277155 18258.3996999778 15342.6843627792
"63" 26065.0421379413 18985.3924405107 21199.8075220144 19836.5911255332 16819.4088578118 18701.5986744976 22312.0704543512 19672.5919223237 18088.4064037977 16617.3976694572 17700.4340409573 18977.1021560375
"64" 22197.6466489981 24242.7084079145 27166.0645090319 27408.5389201066 22708.3464478628 22267.5655708083 19656.3112835198 18002.5114844417 15719.703762781 13133.7906220325 13257.755526823 12004.4512670274
"65" 19184.4200125528 24185.5618098565 26351.2809747205 23978.5389608119 17192.5802433906 18782.6230653993 17792.7208715468 20388.9383771629 20476.1181021922 19218.950030398 16759.6274908977 15319.6532334115
"66" 22993.2337643756 25806.9445480228 27520.787098615 30322.0578593042 23017.5553556125 21057.0623822337 18896.3417749252 19737.7442506331 19841.8712039788 17764.6946382284 17655.6231558825 23309.3774235788
"67" 24028.2482341924 20041.794744573 20500.1030000924 19634.350315514 16558.8279594978 18309.5818401206 20684.1844287341 19162.837785647 16050.1879358275 12950.2987474395 12977.7464764738 11308.3765657327
"68" 21361.9877075429 15882.1170822386 20566.4064394303 18177.7753757304 14583.7795987198 16392.0731504786 19516.0632248828 21571.9695287315 17477.5590674312 14631.8849561687 15483.7691545887 15961.9679792833
"69" 26219.2750979448 22358.7388475738 22308.2542304838 20679.2051364798 17116.7887754897 17741.4701283317 20476.561843547 20852.5213647736 16860.3996002851 15986.3856745987 18983.9197860338 20361.5644694408
"70" 19759.8657662933 19128.0897624715 21173.1693582153 22369.1126894015 18095.5247218548 20390.8963732148 19045.5531178278 19339.0587613312 16497.4761276859 13718.0376872217 11225.3535720045 10692.5196127003
"71" 19716.2094111835 22993.7198435483 26120.2247164185 26535.1568191303 23395.5303279937 19441.1929410253 19423.4410761014 19755.9452138972 16130.7926889327 14676.359345277 16771.756971902 12817.6765998269
"72" 20666.7681314088 25508.058287149 27749.5473318285 26377.8169375537 19012.5991446286 20978.4849227389 17297.8614156577 22266.2246102643 18385.1892844852 15589.7645261068 14084.0150515956 11437.2875140039
"73" 31790.5322905009 29459.6191486063 25232.094892359 24511.61425986 16417.5833443247 15612.2908731379 15484.7031935952 22760.8289598243 20102.5033292533 17668.4485249079 18807.9518232612 19990.0633999051
"74" 26926.5829755787 26553.0754877664 27144.1104435308 30200.4877714635 18778.3111625865 15414.3549520426 16390.0662802424 20213.8479784354 17067.7704213221 13277.879357455 12951.5939946058 13680.9654324758
"75" 22741.0033590612 22391.8111634588 20437.5159054792 21745.4346042545 17231.5396772754 16160.9832233831 15043.3475284927 21588.0773163335 18501.1528496645 16284.5332366701 18853.1216808389 18936.306259367
"76" 27802.6491525209 28912.7730450103 28430.0744775824 24517.630701608 20189.92201317 16226.7627090139 13397.6664754643 20284.6879458192 18667.2536904419 17023.7938550508 15187.0352215878 16411.4644225708
"77" 26977.0040960087 23735.7629688158 23453.4869248538 27253.1602699328 17924.9324264428 14838.7289977079 17476.5795861256 26462.5844452485 30261.2491570845 25792.2480554841 18765.0834713907 14297.6491316483
"78" 21818.3880771915 19045.8864407882 20265.7635939288 22910.11120501 16836.0451298423 15253.332623154 16458.0049402796 28528.3357444083 31431.1448966551 30159.2050691121 23721.5264389714 19914.6446017392
"79" 26531.7273684276 26900.9958746005 24915.499897458 20121.1291130191 17084.7265818328 15477.449546344 12849.754078909 24030.2369570533 27420.5676999278 25836.075389708 22610.489391442 20306.6650576985
"80" 21466.8368463618 18523.8973833243 21384.9535477872 21027.8694908584 18816.4076443449 15022.4445485751 16909.7556045189 27322.5981084807 28976.0601896056 22838.7029531944 18161.705132038 15280.7415241458
"81" 22136.4097062926 25619.8366286392 26799.5629577353 23799.1128575647 20017.6522816336 15982.0980489639 14546.0854224097 23663.1707124149 27014.699316058 20622.0020487501 16227.5659960661 12016.6996984799
"82" 22121.7887126986 23705.5162328657 20254.3757492438 19083.4098383925 18215.923788655 16668.0528902745 14416.6767694618 22326.0636296871 26415.8601218488 22478.0436308797 16685.8675474392 12329.9852913749
"83" 24939.995018483 24659.3617685845 24874.3007485996 23001.6525262803 16636.3494385402 18781.8230009997 20900.2415273091 19089.8544244071 16389.3918065861 13136.231581568 13037.3654474318 13265.6351926801
"84" 20526.5196502606 17851.8480073031 19661.3181493953 19752.0784054155 14837.3776919806 16484.4840450571 18693.2958647133 23682.015772753 20748.0509647721 16886.1640394798 20056.3349290933 21893.989470592
"85" 26530.6619800983 26430.8162832406 24703.4852490955 20284.0891606061 16205.1802818526 19461.7328704253 19624.8534184977 21658.030427004 18890.7058566772 16949.5547827453 17918.5391142653 22426.527919098
"86" 21624.4830122466 18964.8379843869 20269.7774193976 21513.3911452035 17298.4052542758 18707.1926531091 17934.3961706629 20166.696117314 16701.0848470481 12981.758651364 13524.5221266069 13612.2872879979
"87" 22076.8691591405 26322.9801612663 27812.3304437311 25456.4191454081 20339.6005261295 20693.7074575726 17748.9116074894 20717.9848971509 16026.6768377447 12811.518165368 13934.1472548324 12654.6825210151
"88" 21326.5838597519 22339.085300125 21491.4242716217 20704.6296276583 16840.7489515477 19553.0907363997 15516.3235368117 22624.728922843 20084.0353716496 16258.7199942505 15079.0307424933 13697.8955923857
"89" 20780.9539155459 16018.0061021456 20006.0182496064 21579.2344812528 16930.2148151876 17364.7445216515 22171.23340278 27216.09377997 30721.0235571039 23831.9953921198 18493.0436774026 16016.9937171079
"90" 22321.0279497767 25239.1692546673 24844.176329683 21131.0182285508 17189.6487448986 18468.6107502228 19002.819807937 23881.6660343607 27024.3060867 24240.5754648516 18959.7496002488 11039.616420907
"91" 21227.2735557198 19837.7558585175 20860.1723150532 21099.0275710888 15887.3464290959 17984.1010755046 19806.8726493066 28646.6810652093 29821.6547310379 22951.350241358 17225.4992944604 14301.7732442406
"92" 20116.4850124586 19175.2678555141 20121.9131495702 21041.5538882489 17814.3528292001 20250.9636575301 18457.0123938356 24460.5564765754 24824.4687954698 18259.9430535855 11002.7248605699 9356.77313608574
"93" 31435.05856548 33358.3793377094 30045.0044503198 24316.362514569 16684.6632357075 15358.9475555465 17209.2579501893 20642.1679798371 20760.2115379675 19655.7309171735 17798.6313542996 17134.2193667756
"94" 39201.7644944374 29213.4976595664 20784.3439302354 17924.2761991723 15745.7570077104 16837.043368994 16025.7484989541 22113.0769458098 19605.2464085219 17171.7339410122 17595.278033625 17331.2192269827
"95" 26915.7322471753 23677.9154029804 24501.3723427636 23070.0652169323 18139.129302981 15503.4309447049 17747.7510140452 20473.1142039602 19165.2800420128 15627.7375926624 15596.3468540098 14180.4302347054
"96" 26814.3206617262 26539.0412220923 27669.0335582221 25578.2745095423 17666.2277309748 15360.0982236288 14203.6957807691 21466.54166774 20693.6156816865 17310.5201079474 16756.9287667097 15209.0852441151
"97" 32285.3648016846 28041.6042587516 28308.2825404217 25707.7370053363 19940.3811072859 16277.3843936428 14137.3409557303 20419.3916882128 19628.5800187893 17250.925891666 16665.2081156619 15518.5861188133
"98" 29642.3332902662 24084.6108487751 20814.0028788863 17674.0058120216 18180.9232311321 16971.0442602887 19404.4135737623 19210.8232710738 18424.8031311373 16949.9581407096 16669.9197176474 19885.7331883683
"99" 23010.8442109405 25519.2011916846 24747.9652865559 20916.584240981 19370.3480715794 17477.447189005 20158.649017786 18679.2521843553 17686.7393170791 14567.056492055 13207.0884056652 12146.2919970698
"100" 22431.1610433313 27129.1548051411 33857.965705902 32790.5162379867 18057.1714038484 16137.5331751575 17819.3982481963 19087.9455605771 20105.0992194836 18753.5734443961 15576.0470893696 14436.5115130223
"101" 26447.8800181217 26793.1534736918 29021.3788508619 31124.4457260037 23708.4172797129 18373.1059248986 19200.1558601399 18330.9638077127 19104.5838540982 17750.2197052044 16822.0477713352 20665.2164070752
"102" 25708.6340146752 21164.5024947108 18840.2627630594 17484.4119717185 17890.0387060963 17856.1696531367 21027.3131818985 20527.4454863421 18352.4045357815 15026.2599435142 15013.2022266412 12752.6647938
"103" 23603.9843156075 18358.4892281901 17868.2430792706 17999.3780296986 16105.7681013171 15108.9612751427 21533.4502751874 20663.6991103445 18428.0367080383 15583.1724099302 15017.8024000924 16367.8553255363
"104" 31386.4291595794 23845.9414468683 21594.2980232909 18379.5191683925 17575.0850308317 16997.4434637048 19094.9656533657 20809.8377625917 18075.2075229831 17581.6275821314 20652.8498725091 22949.3940504851
"105" 19547.569124153 22039.6372224554 23737.5635825702 25295.1218264076 17071.8780589639 16684.8556739334 17935.3849112461 21047.7179228054 19511.9527498952 14456.3972075794 11652.1744010604 10624.0621653885
"106" 22373.3697104933 24043.3105948807 24333.8006493685 27299.8780188438 21483.0103164664 18101.051510248 17776.4380189394 19980.3451522094 19053.7896348483 15421.1772661582 18029.4676692537 15786.6179960834
"107" 23717.5302831054 27520.6642777509 30580.1045226069 33113.9958299871 18792.0529629517 17062.973369356 17977.0786695706 22575.5186250699 19150.5534192356 16970.8845467956 15347.7331791972 11806.713644929
"108" 31959.6477442336 26748.1018827469 21045.610128182 16375.2640626376 16222.2688740215 16559.8391660079 19061.3545539711 25766.2664742801 21114.5149856769 19601.7923599759 24222.3583055167 23008.8777093429
"109" 24899.4802981004 21581.72478133 22943.0939619566 21429.3429447465 16852.9623485613 14866.5679514294 20119.5373835588 22122.9471300866 17801.640252438 15133.4080402425 14639.0583845172 14825.9876032865
"110" 25023.8247764571 23468.7988506424 22284.5991919006 21110.908734777 16756.3476479616 15927.1731270572 17796.4821710159 26856.6660193962 20123.3711995904 20107.1849120095 23326.2239563545 20692.8015502562
"111" 30143.4837464888 28059.0804991533 28031.6138235877 21832.0563306592 17361.5434638038 15625.0054889973 14814.3584930688 22886.7254088035 19773.0076538737 18334.6393996469 18969.0564493424 18765.1396792694
"112" 26917.8561743513 21586.638365081 19105.6975447276 17010.7438531902 15124.1206050575 15301.2393535352 20801.801902073 27490.7687119851 31855.7379535714 27666.62239734 20759.7715173877 15366.4205930468
"113" 25354.0043103748 21401.1272703232 18131.1905828929 15334.4720296988 15888.6227283964 15815.2299949342 16878.6050230776 31464.4293330961 34512.527007245 32148.7039653135 25734.5219456087 21487.6774098163
"114" 30686.6286673168 26154.275954188 20835.2710484655 15992.1749561553 15097.3026371712 16942.5100911565 14754.4276751907 27432.6379634849 29574.7968365926 28247.5464956963 26465.9926209523 24482.4420285038
"115" 21785.5693707932 21538.5019309203 22763.1992097235 21546.3892744569 16382.9617212707 15169.6239028707 17687.7253817965 29334.6384016686 32897.0191913237 24697.4474500521 16249.3538274743 14132.5442074733
"116" 25258.6797214434 23817.5998026078 24122.295737726 25274.5114121353 17198.1943743323 16769.5038043838 16764.0341879193 23828.5118507553 28611.5544991259 21602.7392405121 17883.7613855242 15732.9215171257
"117" 28319.0883915828 27286.3636347108 23591.7086407116 21688.9087488203 17068.4877453999 14897.7784827885 15893.8310277869 26355.3742121937 30992.1605722731 26137.4208518626 19663.6740224686 14061.9661217422
"118" 22966.4001741334 19573.1229343352 20009.7549165275 15589.4286457963 18132.136713673 17167.7598675261 20550.0100091198 21875.6597705907 18045.79797616 15335.9562212499 12930.5008987631 11574.3293174426
"119" 22065.2487877479 19972.4352662423 19005.8216643152 15037.456193088 15760.3718634145 15614.4472973937 18019.5649501145 24278.3347668614 19138.3433457402 18595.4545167533 19238.3530885046 19366.2431589497
"120" 28906.869248253 23487.7652919739 21211.4036419591 16073.4857251589 18301.6438581774 16512.8336699656 17780.0251417326 21078.7869913759 18616.6373057705 18377.7362622208 18218.363175889 23058.5331481648
"121" 19522.5689523411 19961.4134295265 21251.7509967148 21320.4392496974 16993.650319508 16250.0454272616 17824.0180458613 22187.6065413216 18844.2723848924 14533.0888097569 12735.7967255475 11527.9143630505
"122" 23539.3215179986 24760.1141314009 25208.3667612293 21671.6968661133 18403.689827208 17164.3967000614 15910.8510061184 20618.955414994 18250.3782308972 14603.7209916266 14389.5859265642 14364.2367127729
"123" 25215.4607427169 26630.2816216617 25705.2023574927 23857.088322654 17068.1945054697 16296.2198498604 16385.1887028227 24619.8236389029 19366.3625365949 18526.8347407926 15795.1552794119 15234.7672341438
"124" 19967.7436970188 17952.808195669 17194.8943758388 15174.2051507736 16284.0266273344 15589.9893768232 17990.064873563 27682.4666230036 33204.4625513451 26208.6593530805 16030.2716914483 12281.715595422
"125" 23881.4941649856 22603.0161140072 19030.0269309562 15990.1248384076 17943.7606599126 17472.9302172895 16368.9297713518 22296.4328716667 28096.0392622042 26068.2011578196 20005.5127790855 14036.6245088851
"126" 24529.3282601667 21832.6543709428 18862.5107373732 14415.7951278888 16177.8912308997 15970.4923289788 19013.0144223666 28031.8529075408 32305.7954201952 29136.4488829709 20156.2509190446 19265.5509781042
"127" 21676.419640916 23172.7144562063 21434.3910374018 21372.3418901887 16644.8144988462 16974.6802714439 17608.6342888752 24489.5322014474 28566.9256765812 20141.9800164372 12439.560122516 11578.1216391537
"128" 35547.5114858553 22353.4495052192 23853.401179432 23329.9778113393 18189.31625841 16609.8123677646 16803.8476362728 21132.9635911362 20381.1453660689 18973.6672844076 18082.6767270918 19565.1201188956
"129" 28560.545730735 25914.4776931594 28181.8097528625 32563.7393470775 20339.1435461409 15331.7333365911 17537.9822054316 20143.9777549992 19207.5339830241 15412.3243399898 14416.862635286 14674.8911975968
"130" 24585.1583630423 24742.7489809851 23100.1957582342 22498.9640611699 20065.3392159263 17145.2234903229 16145.4612555375 20787.1639098512 21973.1601857674 19290.5328330659 16580.9736475754 15525.7568687802
"131" 28485.9107835546 29131.2112017972 29673.0160062733 27746.7876594976 22006.8788202931 16287.4140006659 14628.1361489481 19907.1228653502 20659.0246012326 19599.6213192585 16562.781374437 19124.8228920632
"132" 32608.4543874772 23425.6730754591 22439.0082709305 24346.4799902746 17807.950481344 16770.6034740427 16647.7717147316 22176.1981612057 19534.7585471958 17390.6454699057 14048.7878602737 12282.0824527471
"133" 26832.1348332544 23706.4662417717 22515.6562838229 22513.120046949 16416.7900660543 16431.1926876529 15825.7678447551 21760.340690777 19888.6919247763 18020.0424883626 16676.9195270937 16205.384909739
"134" 34142.1270395729 28318.7273576143 23661.2388480649 21083.7520098181 17863.4843318536 15977.0817312001 13432.5448314989 22318.122445642 18135.5782088067 18082.0022036639 19424.2203893191 18057.4794948699
"135" 26112.0935101755 22090.8261089156 24218.5105387784 22050.9230064094 20017.5009990112 16316.0131576093 15723.6046948556 21454.1941475599 19490.881584149 16054.1848890422 13374.8014058675 11978.6319808187
"136" 27385.542787609 26256.5998494987 28281.9092276593 28539.7627031249 21759.0724899937 15385.4003598519 13195.6620042133 20756.2924259141 19693.681128248 16985.7481627049 15306.0206931843 12197.5222736336
"137" 27447.7774432185 26817.3358743236 23851.1436407149 23807.3178009497 20990.040120288 17001.1604208077 12730.475039968 19331.4499123597 18811.2814637854 17643.3180414584 13689.0253924323 10943.050616223
"138" 26219.1037471343 20046.1110018992 23206.4097905868 21614.4343266631 18067.6921488854 21450.562523538 26012.8866126816 20082.5221131053 19014.0958489129 15822.1475134537 15463.4143955747 13765.6421218854
"139" 22129.1694544937 18803.0306513279 21285.5533087415 17800.3734310326 15971.8402702154 17053.6172518749 22066.0964318701 21887.9321294856 21343.3084304855 18002.4845617056 18450.8998286508 16926.9998468418
"140" 27575.3684726604 22657.1560553475 23571.0345714656 21295.6081253978 18704.7508387182 19659.6953192595 21785.3868694346 22349.7696928548 20096.5355460835 18576.4681695171 20262.7462583699 26247.5259441421
"141" 22184.6173139863 21198.5477149791 23009.3108723698 23481.2959082808 19525.040867967 22509.050434672 22172.9492823933 20380.7213304428 19252.5890929758 15090.0482686754 14350.413751346 13112.5086745739
"142" 22746.4116658998 26977.5923855039 29538.6156268088 29050.3585531061 23227.410226413 22613.0700246062 20428.342271555 20704.0836321267 18766.9174225099 15052.336917567 16050.7468890572 16080.0988269968
"143" 22169.8709798057 29389.193765447 29692.6016619501 28774.6283137563 19884.5209847413 21606.9588366595 17198.330505049 23108.81349798 22735.437702979 18800.4821183425 17013.9517068716 15606.9532655484
"144" 24210.677677857 19239.2229952781 22583.5543378491 20878.481275989 15961.2858487233 19192.8189793739 23749.8265262174 22131.6953837522 18976.3290275839 14831.2975116696 13222.2531223056 10691.1605812867
"145" 25565.9712487012 24665.7202397511 23679.0494380323 21451.5419568201 18349.9791731916 20137.6961876906 20848.7233684641 22935.6625041558 18729.0180613745 16104.5803651518 17246.9826082083 10795.0429072519
"146" 24578.6367574431 23270.3499851911 23654.0159433662 20001.2890586675 16800.2220737913 18251.7333631615 20041.5535466672 25263.9468099629 19470.6620004068 16369.7997732681 16298.8913999633 13760.771096995
"147" 22919.5223774564 22546.5746547019 24625.2547150635 27534.7104555431 21447.4339274957 22447.837164445 18992.6742271085 22206.4865433856 18260.1467726552 13857.0458713176 11774.7397097178 8486.19880269361
"148" 30237.5326637179 27738.6292343924 25233.8189551451 29235.9471349192 18497.8571544132 17317.5093856368 21825.8382923002 24052.7655985953 19127.5840333465 16150.2135000366 14418.136377057 14393.0418772667
"149" 25115.7270966528 21977.0949938399 22132.8996525133 23940.8982548674 16939.6838655928 18357.8633762757 18234.2934721239 25592.6974794535 21779.8977899327 19504.8547036541 20328.6641339153 19432.6151601593
"150" 30759.2963567887 31243.6851244164 26659.5514895221 22732.0598490898 18034.9630259295 18106.4594269522 16420.909733465 24217.0867456193 20461.0303876071 18295.5599759354 17416.6223645005 19246.8553162654
"151" 24802.3552320598 21163.5490243742 22695.3855003947 24494.9719213779 21904.5811864848 19103.2961153393 19189.3804853072 23691.032565247 19808.412008652 14998.9885859322 14760.0102410802 15153.3584476123
"152" 26236.452574947 28762.217742955 29070.7196058266 29482.6654210851 21581.7611157416 17632.4297415981 17068.8557980179 22775.8607846354 19380.5855885476 15012.3740133591 13915.8193999283 13562.2413617524
"153" 25590.5588798538 26787.8592393373 21655.245991787 23677.7623104057 20840.2879401171 18452.1170180829 15045.5896539516 21542.9226482166 20158.2749742677 17520.6651583031 14540.7570457429 12977.5920726153
"154" 24781.7496522522 19277.0120086958 22822.0901049401 27669.4234353167 18835.9683697874 15448.1695100772 18432.4036915082 30644.4179226423 35218.0510152014 29643.6970730773 20437.058541012 15289.2226449029
"155" 26828.8573846996 26930.0387446403 25403.7598382491 23823.7592277462 17836.6038563809 17018.5426818199 14552.1128985838 24789.6123824849 31170.5520359459 26509.6445881147 18019.8361563383 10581.2899529141
"156" 25554.6246587144 23472.4211840158 23623.0553918325 25417.4792741644 17166.9110131339 18137.3717669803 14643.4150354609 25717.0490218919 33075.9726562899 28971.9357585986 18720.6473890593 14023.0410045164
"157" 24199.2967754735 22618.3388780579 22126.6938578886 23915.2466073856 20648.5143310169 16808.5817883741 16480.9123186503 25526.908328601 30166.0585777538 20575.1272637415 13205.3398216773 9637.67709554954
"158" 22956.8972469185 18553.2781158824 22571.9034373243 21747.9591451297 17641.8001775591 19920.2081099338 22152.9668916438 23107.7575673907 20382.5632542999 15674.3023267352 15009.0697212721 14916.5262146541
"159" 25406.7160274819 27037.9225000958 27508.9641416895 22746.1042395908 17684.3603170446 22502.8413558143 21114.1700229094 22633.6084771367 18409.9662395353 14729.3629180648 14969.836726363 12418.4365515727
"160" 24080.4799597722 23283.8854527027 22405.9807156241 20576.1487103118 16231.1839661238 19215.7575080272 18251.6839538813 25168.8410432876 21992.8336781153 18440.761861671 17071.0885367799 15547.4624376569
"161" 22886.9942247313 21895.7651626179 21154.5489852387 24620.7890971495 20570.8308801604 21363.5284580878 17813.854057335 21768.7463275342 19393.4507153741 13540.6372183001 12899.1067807024 10454.479623501
"162" 23326.3000276977 20833.7636737564 23666.6906865921 23963.9570055202 16070.4840781983 20119.4726744054 19198.3708089915 26313.2221576569 30699.9463767824 21879.734909361 14221.0033449318 8558.1552316165
"163" 7 34 12 12 14 3 62 9 19 19 92 147
