26.91366667	27.031	27.08733333	27.30333333	27.418	27.529	27.42066667	27.29966667	27.17233333	27.191	27.39933333	27.71733333	27.961	27.98966667	28.02	28.02366667	28.01533333	27.88566667	27.76933333	27.644	27.53866667	27.446	27.49433333	27.63266667	27.85733333	27.94566667	28.03633333
27.961	27.98966667	28.02	28.02366667	28.01533333	27.88566667	27.76933333	27.644	27.53866667	27.446	27.49433333	27.63266667	27.85733333	27.94566667	28.03633333	27.96366667	27.855	27.77033333	27.684	27.609	27.444	27.41633333	27.46	27.63933333	27.852	28.026	28.01866667
27.85733333	27.94566667	28.03633333	27.96366667	27.855	27.77033333	27.684	27.609	27.444	27.41633333	27.46	27.63933333	27.852	28.026	28.01866667	28.01333333	27.94266667	27.88433333	27.75533333	27.626	27.483	27.42233333	27.57866667	27.924	28.038	28.08166667	28.00233333
27.852	28.026	28.01866667	28.01333333	27.94266667	27.88433333	27.75533333	27.626	27.483	27.42233333	27.57866667	27.924	28.038	28.08166667	28.00233333	28.03733333	27.91666667	27.831	27.73766667	27.655	27.49633333	27.42133333	27.50833333	27.675	27.808	27.94866667	28.07366667
28.038	28.08166667	28.00233333	28.03733333	27.91666667	27.831	27.73766667	27.655	27.49633333	27.42133333	27.50833333	27.675	27.808	27.94866667	28.07366667	28.06433333	27.98966667	27.81966667	27.77133333	27.56966667	27.38766667	27.34166667	27.51833333	27.792	28.038	28.12433333	28.13766667
27.808	27.94866667	28.07366667	28.06433333	27.98966667	27.81966667	27.77133333	27.56966667	27.38766667	27.34166667	27.51833333	27.792	28.038	28.12433333	28.13766667	28.06433333	28.02966667	28.10133333	28.05066667	27.89566667	27.57966667	27.27566667	27.213	27.263	27.456	27.67866667	27.78066667
28.038	28.12433333	28.13766667	28.06433333	28.02966667	28.10133333	28.05066667	27.89566667	27.57966667	27.27566667	27.213	27.263	27.456	27.67866667	27.78066667	27.77966667	27.63633333	27.7	27.71133333	27.64433333	27.43033333	27.404	27.454	27.64466667	27.77233333	27.94233333	27.98166667
27.456	27.67866667	27.78066667	27.77966667	27.63633333	27.7	27.71133333	27.64433333	27.43033333	27.404	27.454	27.64466667	27.77233333	27.94233333	27.98166667	27.886	27.72333333	27.576	27.49533333	27.41633333	27.37266667	27.38933333	27.48	27.63433333	27.79933333	27.93966667	27.97933333
27.77233333	27.94233333	27.98166667	27.886	27.72333333	27.576	27.49533333	27.41633333	27.37266667	27.38933333	27.48	27.63433333	27.79933333	27.93966667	27.97933333	27.876	27.71433333	27.55666667	27.49666667	27.41633333	27.37766667	27.395	27.52366667	27.738	27.96266667	28.21666667	28.28066667
27.79933333	27.93966667	27.97933333	27.876	27.71433333	27.55666667	27.49666667	27.41633333	27.37766667	27.395	27.52366667	27.738	27.96266667	28.21666667	28.28066667	28.33833333	28.219	28.09133333	27.922	27.63666667	27.53266667	27.529	27.75133333	27.979	27.998	28.02333333	27.98033333
27.96266667	28.21666667	28.28066667	28.33833333	28.219	28.09133333	27.922	27.63666667	27.53266667	27.529	27.75133333	27.979	27.998	28.02333333	27.98033333	27.96433333	27.899	27.711	27.52866667	27.28433333	27.10433333	27.062	27.26833333	27.68133333	28.059	28.25566667	28.30133333
27.998	28.02333333	27.98033333	27.96433333	27.899	27.711	27.52866667	27.28433333	27.10433333	27.062	27.26833333	27.68133333	28.059	28.25566667	28.30133333	28.21733333	28.02166667	27.84766667	27.666	27.57866667	27.335	27.23166667	27.127	27.19566667	27.26266667	27.35	27.38433333
28.059	28.25566667	28.30133333	28.21733333	28.02166667	27.84766667	27.666	27.57866667	27.335	27.23166667	27.127	27.19566667	27.26266667	27.35	27.38433333	27.31166667	27.367	27.41566667	27.451	27.332	27.197	27.12433333	27.20133333	27.417	27.64933333	27.843	27.82
27.26266667	27.35	27.38433333	27.31166667	27.367	27.41566667	27.451	27.332	27.197	27.12433333	27.20133333	27.417	27.64933333	27.843	27.82	27.933	27.872	27.83366667	27.65	27.52066667	27.432	27.36266667	27.43133333	27.684	27.908	28.05666667	28.11566667
27.64933333	27.843	27.82	27.933	27.872	27.83366667	27.65	27.52066667	27.432	27.36266667	27.43133333	27.684	27.908	28.05666667	28.11566667	28.10366667	28.07166667	27.96366667	27.85766667	27.687	27.624	27.51366667	27.556	27.43933333	27.50566667	27.44666667	27.473
27.908	28.05666667	28.11566667	28.10366667	28.07166667	27.96366667	27.85766667	27.687	27.624	27.51366667	27.556	27.43933333	27.50566667	27.44666667	27.473	27.35633333	27.397	27.33766667	27.37466667	27.207	27.15533333	27.10933333	27.196	26.68033333	26.18533333	25.54566667	25.47133333
27.50566667	27.44666667	27.473	27.35633333	27.397	27.33766667	27.37466667	27.207	27.15533333	27.10933333	27.196	26.68033333	26.18533333	25.54566667	25.47133333	26.017	26.66566667	27.30833333	27.24033333	27.05766667	26.72	26.57	26.63566667	27.035	27.404	27.63733333	27.72366667
26.18533333	25.54566667	25.47133333	26.017	26.66566667	27.30833333	27.24033333	27.05766667	26.72	26.57	26.63566667	27.035	27.404	27.63733333	27.72366667	27.661	27.58733333	27.511	27.39866667	27.23733333	27.052	26.91533333	26.92266667	27.05733333	27.32233333	27.591	27.63933333
27.404	27.63733333	27.72366667	27.661	27.58733333	27.511	27.39866667	27.23733333	27.052	26.91533333	26.92266667	27.05733333	27.32233333	27.591	27.63933333	27.69666667	27.695	27.64066667	27.45233333	27.261	27.17766667	27.14733333	27.194	27.286	27.44566667	27.51333333	27.58966667
27.32233333	27.591	27.63933333	27.69666667	27.695	27.64066667	27.45233333	27.261	27.17766667	27.14733333	27.194	27.286	27.44566667	27.51333333	27.58966667	27.558	27.50066667	27.30133333	27.09933333	26.97733333	26.93033333	27.08533333	27.21566667	27.50533333	27.73233333	27.87166667	27.96533333
27.44566667	27.51333333	27.58966667	27.558	27.50066667	27.30133333	27.09933333	26.97733333	26.93033333	27.08533333	27.21566667	27.50533333	27.73233333	27.87166667	27.96533333	27.97733333	28.01666667	27.89433333	27.554	27.38633333	27.12466667	27.00766667	26.87866667	27.126	27.715	28.117	28.30166667
27.73233333	27.87166667	27.96533333	27.97733333	28.01666667	27.89433333	27.554	27.38633333	27.12466667	27.00766667	26.87866667	27.126	27.715	28.117	28.30166667	28.16466667	28.079	28.037	27.85766667	27.60966667	27.443	27.38833333	27.61866667	27.773	28.13	28.172	28.08166667
27.715	28.117	28.30166667	28.16466667	28.079	28.037	27.85766667	27.60966667	27.443	27.38833333	27.61866667	27.773	28.13	28.172	28.08166667	27.73433333	27.59233333	27.60733333	27.59766667	27.60266667	27.525	27.579	27.57933333	27.72033333	27.905	28.03266667	28.02633333
28.13	28.172	28.08166667	27.73433333	27.59233333	27.60733333	27.59766667	27.60266667	27.525	27.579	27.57933333	27.72033333	27.905	28.03266667	28.02633333	27.83966667	27.79466667	27.76	27.85766667	27.77666667	27.80466667	27.80833333	27.98266667	28.207	28.38166667	28.52933333	28.50566667
27.905	28.03266667	28.02633333	27.83966667	27.79466667	27.76	27.85766667	27.77666667	27.80466667	27.80833333	27.98266667	28.207	28.38166667	28.52933333	28.50566667	28.57133333	28.52	28.44633333	28.35133333	28.17133333	28.095	28.02133333	28.17833333	28.307	28.40666667	28.387	28.355
28.38166667	28.52933333	28.50566667	28.57133333	28.52	28.44633333	28.35133333	28.17133333	28.095	28.02133333	28.17833333	28.307	28.40666667	28.387	28.355	28.32433333	28.36633333	28.50366667	28.604	28.47533333	28.19433333	27.95433333	27.97966667	28.17066667	28.37166667	28.465	28.40966667
28.40666667	28.387	28.355	28.32433333	28.36633333	28.50366667	28.604	28.47533333	28.19433333	27.95433333	27.97966667	28.17066667	28.37166667	28.465	28.40966667	28.41866667	28.44566667	28.571	28.45733333	28.33466667	28.05466667	28.02266667	28.07133333	28.28266667	28.52366667	28.64466667	28.71633333
28.37166667	28.465	28.40966667	28.41866667	28.44566667	28.571	28.45733333	28.33466667	28.05466667	28.02266667	28.07133333	28.28266667	28.52366667	28.64466667	28.71633333	28.62733333	28.521	28.338	28.19866667	28.01766667	27.96166667	27.98666667	28.22933333	28.452	28.61533333	28.76666667	28.81033333
28.52366667	28.64466667	28.71633333	28.62733333	28.521	28.338	28.19866667	28.01766667	27.96166667	27.98666667	28.22933333	28.452	28.61533333	28.76666667	28.81033333	28.81933333	28.817	28.74833333	28.605	28.3	28.089	27.99966667	28.088	28.29366667	28.56233333	28.72833333	28.72666667
28.61533333	28.76666667	28.81033333	28.81933333	28.817	28.74833333	28.605	28.3	28.089	27.99966667	28.088	28.29366667	28.56233333	28.72833333	28.72666667	28.662	28.56766667	28.56266667	28.46	28.25666667	28.06966667	28.03466667	28.09066667	28.281	28.46866667	28.771	28.76966667
28.56233333	28.72833333	28.72666667	28.662	28.56766667	28.56266667	28.46	28.25666667	28.06966667	28.03466667	28.09066667	28.281	28.46866667	28.771	28.76966667	28.81133333	28.7	28.60666667	28.488	28.37166667	28.32866667	28.21166667	28.13333333	28.155	28.16166667	28.103	27.88033333
28.46866667	28.771	28.76966667	28.81133333	28.7	28.60666667	28.488	28.37166667	28.32866667	28.21166667	28.13333333	28.155	28.16166667	28.103	27.88033333	27.678	27.607	27.65333333	27.623	27.61766667	27.59833333	27.677	27.81466667	27.95433333	28.11266667	28.19766667	28.25666667
28.16166667	28.103	27.88033333	27.678	27.607	27.65333333	27.623	27.61766667	27.59833333	27.677	27.81466667	27.95433333	28.11266667	28.19766667	28.25666667	28.22466667	28.24166667	28.28333333	28.25766667	28.146	27.95466667	28.01333333	28.11	28.29033333	28.31433333	28.344	28.32133333
28.11266667	28.19766667	28.25666667	28.22466667	28.24166667	28.28333333	28.25766667	28.146	27.95466667	28.01333333	28.11	28.29033333	28.31433333	28.344	28.32133333	28.355	28.341	28.476	28.462	28.25266667	27.88833333	27.62133333	27.54666667	27.58333333	27.60833333	27.715	27.79133333
28.31433333	28.344	28.32133333	28.355	28.341	28.476	28.462	28.25266667	27.88833333	27.62133333	27.54666667	27.58333333	27.60833333	27.715	27.79133333	27.897	28.011	28.11866667	28.23266667	28.16266667	28.026	27.943	27.91066667	28.00366667	28.087	28.118	28.06966667
