155.759133144862
61.9249859481152
104.86270817079
104.86270817079
104.86270817079
104.86270817079
93.9910547211436
104.86270817079
139.777079164929
93.9910547211436
139.777079164929
139.777079164929
104.86270817079
139.777079164929
139.777079164929
104.86270817079
104.86270817079
61.9249859481152
104.86270817079
104.86270817079
139.777079164929
155.759133144862
104.86270817079
87.918061992993
93.9910547211436
139.777079164929
155.759133144862
104.86270817079
139.777079164929
155.759133144862
139.777079164929
104.86270817079
104.86270817079
155.759133144862
139.777079164929
139.777079164929
87.918061992993
87.918061992993
155.759133144862
93.9910547211436
104.86270817079
139.777079164929
139.777079164929
61.9249859481152
155.759133144862
87.918061992993
155.759133144862
93.9910547211436
61.9249859481152
87.918061992993
139.777079164929
155.759133144862
61.9249859481152
87.918061992993
155.759133144862
104.86270817079
87.918061992993
104.86270817079
87.918061992993
139.777079164929
104.86270817079
104.86270817079
155.759133144862
104.86270817079
87.918061992993
104.86270817079
104.86270817079
87.918061992993
104.86270817079
104.86270817079
139.777079164929
139.777079164929
155.759133144862
104.86270817079
104.86270817079
104.86270817079
155.759133144862
104.86270817079
139.777079164929
104.86270817079
93.9910547211436
104.86270817079
139.777079164929
87.918061992993
61.9249859481152
104.86270817079
61.9249859481152
104.86270817079
139.777079164929
104.86270817079
104.86270817079
104.86270817079
87.918061992993
104.86270817079
155.759133144862
104.86270817079
104.86270817079
139.777079164929
87.918061992993
139.777079164929
87.918061992993
139.777079164929
139.777079164929
93.9910547211436
87.918061992993
87.918061992993
104.86270817079
104.86270817079
104.86270817079
139.777079164929
87.918061992993
87.918061992993
139.777079164929
104.86270817079
93.9910547211436
104.86270817079
155.759133144862
139.777079164929
139.777079164929
61.9249859481152
93.9910547211436
104.86270817079
155.759133144862
87.918061992993
139.777079164929
104.86270817079
139.777079164929
93.9910547211436
155.759133144862
155.759133144862
139.777079164929
104.86270817079
139.777079164929
93.9910547211436
104.86270817079
87.918061992993
104.86270817079
104.86270817079
104.86270817079
155.759133144862
87.918061992993
155.759133144862
139.777079164929
61.9249859481152
104.86270817079
139.777079164929
104.86270817079
139.777079164929
155.759133144862
104.86270817079
104.86270817079
104.86270817079
155.759133144862
139.777079164929
104.86270817079
139.777079164929
93.9910547211436
104.86270817079
104.86270817079
61.9249859481152
139.777079164929
139.777079164929
104.86270817079
104.86270817079
104.86270817079
61.9249859481152
139.777079164929
93.9910547211436
61.9249859481152
104.86270817079
61.9249859481152
104.86270817079
61.9249859481152
155.759133144862
104.86270817079
104.86270817079
93.9910547211436
93.9910547211436
104.86270817079
139.777079164929
139.777079164929
87.918061992993
104.86270817079
93.9910547211436
155.759133144862
61.9249859481152
104.86270817079
155.759133144862
139.777079164929
87.918061992993
104.86270817079
87.918061992993
104.86270817079
139.777079164929
139.777079164929
104.86270817079
104.86270817079
155.759133144862
61.9249859481152
139.777079164929
139.777079164929
61.9249859481152
104.86270817079
104.86270817079
104.86270817079
139.777079164929
93.9910547211436
104.86270817079
155.759133144862
104.86270817079
104.86270817079
155.759133144862
104.86270817079
104.86270817079
93.9910547211436
139.777079164929
87.918061992993
104.86270817079
87.918061992993
104.86270817079
104.86270817079
93.9910547211436
104.86270817079
104.86270817079
104.86270817079
139.777079164929
139.777079164929
155.759133144862
104.86270817079
139.777079164929
139.777079164929
104.86270817079
61.9249859481152
61.9249859481152
139.777079164929
139.777079164929
87.918061992993
104.86270817079
155.759133144862
104.86270817079
87.918061992993
104.86270817079
104.86270817079
139.777079164929
104.86270817079
104.86270817079
104.86270817079
139.777079164929
155.759133144862
93.9910547211436
87.918061992993
87.918061992993
104.86270817079
104.86270817079
104.86270817079
61.9249859481152
139.777079164929
104.86270817079
139.777079164929
104.86270817079
104.86270817079
87.918061992993
139.777079164929
93.9910547211436
93.9910547211436
139.777079164929
61.9249859481152
104.86270817079
104.86270817079
139.777079164929
93.9910547211436
87.918061992993
104.86270817079
87.918061992993
87.918061992993
139.777079164929
93.9910547211436
104.86270817079
104.86270817079
155.759133144862
104.86270817079
93.9910547211436
104.86270817079
155.759133144862
139.777079164929
104.86270817079
155.759133144862
61.9249859481152
139.777079164929
155.759133144862
104.86270817079
139.777079164929
155.759133144862
93.9910547211436
87.918061992993
139.777079164929
104.86270817079
104.86270817079
87.918061992993
155.759133144862
