206.029956258373
206.029956258373
24.976841761168
24.976841761168
24.976841761168
219.883023890239
206.029956258373
24.976841761168
24.976841761168
206.029956258373
137.882646010299
24.976841761168
206.029956258373
137.882646010299
137.882646010299
137.882646010299
206.029956258373
219.883023890239
115.458889758223
115.458889758223
206.029956258373
115.458889758223
137.882646010299
206.029956258373
206.029956258373
206.029956258373
206.029956258373
24.976841761168
23.0480995812776
137.882646010299
219.883023890239
24.976841761168
219.883023890239
115.458889758223
137.882646010299
206.029956258373
137.882646010299
206.029956258373
115.458889758223
137.882646010299
206.029956258373
137.882646010299
137.882646010299
115.458889758223
24.976841761168
206.029956258373
115.458889758223
206.029956258373
137.882646010299
24.976841761168
206.029956258373
206.029956258373
24.976841761168
115.458889758223
137.882646010299
24.976841761168
137.882646010299
206.029956258373
219.883023890239
206.029956258373
206.029956258373
206.029956258373
137.882646010299
137.882646010299
206.029956258373
206.029956258373
137.882646010299
219.883023890239
219.883023890239
137.882646010299
137.882646010299
115.458889758223
115.458889758223
23.0480995812776
24.976841761168
137.882646010299
137.882646010299
24.976841761168
115.458889758223
219.883023890239
206.029956258373
206.029956258373
137.882646010299
206.029956258373
115.458889758223
219.883023890239
24.976841761168
219.883023890239
137.882646010299
206.029956258373
206.029956258373
219.883023890239
206.029956258373
219.883023890239
137.882646010299
206.029956258373
137.882646010299
206.029956258373
206.029956258373
206.029956258373
206.029956258373
206.029956258373
219.883023890239
206.029956258373
206.029956258373
24.976841761168
24.976841761168
115.458889758223
206.029956258373
206.029956258373
137.882646010299
137.882646010299
206.029956258373
206.029956258373
206.029956258373
137.882646010299
206.029956258373
23.0480995812776
206.029956258373
206.029956258373
206.029956258373
206.029956258373
219.883023890239
206.029956258373
137.882646010299
115.458889758223
206.029956258373
115.458889758223
24.976841761168
206.029956258373
219.883023890239
206.029956258373
206.029956258373
206.029956258373
219.883023890239
206.029956258373
219.883023890239
137.882646010299
206.029956258373
206.029956258373
206.029956258373
219.883023890239
206.029956258373
206.029956258373
206.029956258373
206.029956258373
115.458889758223
137.882646010299
206.029956258373
137.882646010299
206.029956258373
137.882646010299
219.883023890239
24.976841761168
219.883023890239
219.883023890239
219.883023890239
23.0480995812776
206.029956258373
115.458889758223
23.0480995812776
206.029956258373
206.029956258373
24.976841761168
219.883023890239
137.882646010299
206.029956258373
137.882646010299
219.883023890239
24.976841761168
206.029956258373
206.029956258373
219.883023890239
206.029956258373
137.882646010299
206.029956258373
137.882646010299
137.882646010299
137.882646010299
137.882646010299
206.029956258373
219.883023890239
115.458889758223
137.882646010299
206.029956258373
219.883023890239
137.882646010299
137.882646010299
137.882646010299
219.883023890239
115.458889758223
206.029956258373
137.882646010299
206.029956258373
206.029956258373
219.883023890239
137.882646010299
115.458889758223
115.458889758223
206.029956258373
137.882646010299
23.0480995812776
206.029956258373
206.029956258373
206.029956258373
137.882646010299
206.029956258373
137.882646010299
206.029956258373
23.0480995812776
115.458889758223
137.882646010299
115.458889758223
206.029956258373
137.882646010299
24.976841761168
137.882646010299
206.029956258373
206.029956258373
23.0480995812776
24.976841761168
206.029956258373
206.029956258373
137.882646010299
206.029956258373
24.976841761168
206.029956258373
206.029956258373
206.029956258373
219.883023890239
137.882646010299
24.976841761168
137.882646010299
24.976841761168
23.0480995812776
206.029956258373
206.029956258373
206.029956258373
24.976841761168
219.883023890239
115.458889758223
24.976841761168
206.029956258373
219.883023890239
206.029956258373
206.029956258373
206.029956258373
206.029956258373
206.029956258373
206.029956258373
137.882646010299
115.458889758223
206.029956258373
206.029956258373
206.029956258373
23.0480995812776
115.458889758223
206.029956258373
219.883023890239
115.458889758223
219.883023890239
206.029956258373
206.029956258373
206.029956258373
206.029956258373
24.976841761168
206.029956258373
23.0480995812776
219.883023890239
206.029956258373
24.976841761168
115.458889758223
206.029956258373
219.883023890239
219.883023890239
137.882646010299
219.883023890239
23.0480995812776
206.029956258373
219.883023890239
206.029956258373
206.029956258373
206.029956258373
206.029956258373
137.882646010299
206.029956258373
24.976841761168
24.976841761168
219.883023890239
219.883023890239
206.029956258373
137.882646010299
137.882646010299
137.882646010299
206.029956258373
206.029956258373
206.029956258373
206.029956258373
23.0480995812776
206.029956258373
