1011.53866666667 1011.85833333333 1011.778 1011.48066666667 1011.229 1011.02933333333 1010.44866666667 1010.02466666667 1009.85433333333 1010.84966666667 1011.39633333333 1011.50933333333 1011.46233333333 1011.48733333333 1012.02333333333 1012.12133333333 1011.45766666667 1010.704 1009.64766666667 1009.31733333333 1009.47833333333 1010.39333333333 1011.21666666667 1011.51133333333 1011.844 1012.49133333333 1013.08066666667
1011.46233333333 1011.48733333333 1012.02333333333 1012.12133333333 1011.45766666667 1010.704 1009.64766666667 1009.31733333333 1009.47833333333 1010.39333333333 1011.21666666667 1011.51133333333 1011.844 1012.49133333333 1013.08066666667 1012.56266666667 1011.76033333333 1010.64733333333 1009.91666666667 1009.623 1009.88033333333 1010.72533333333 1011.339 1011.963 1012.249 1012.549 1012.183
1011.844 1012.49133333333 1013.08066666667 1012.56266666667 1011.76033333333 1010.64733333333 1009.91666666667 1009.623 1009.88033333333 1010.72533333333 1011.339 1011.963 1012.249 1012.549 1012.183 1011.777 1011.05933333333 1010.83933333333 1010.34 1010.55933333333 1010.55766666667 1011.178 1011.64366666667 1011.74566666667 1012.06733333333 1011.91666666667 1012.25633333333
1012.249 1012.549 1012.183 1011.777 1011.05933333333 1010.83933333333 1010.34 1010.55933333333 1010.55766666667 1011.178 1011.64366666667 1011.74566666667 1012.06733333333 1011.91666666667 1012.25633333333 1012.03233333333 1011.45466666667 1010.75766666667 1010.08333333333 1010.254 1010.70033333333 1011.44966666667 1011.78066666667 1011.882 1011.873 1012.31166666667 1012.608
1012.06733333333 1011.91666666667 1012.25633333333 1012.03233333333 1011.45466666667 1010.75766666667 1010.08333333333 1010.254 1010.70033333333 1011.44966666667 1011.78066666667 1011.882 1011.873 1012.31166666667 1012.608 1012.41866666667 1011.61333333333 1010.69233333333 1010.303 1010.04033333333 1010.30466666667 1010.52133333333 1011.16633333333 1011.653 1012.305 1012.44633333333 1012.46733333333
1011.873 1012.31166666667 1012.608 1012.41866666667 1011.61333333333 1010.69233333333 1010.303 1010.04033333333 1010.30466666667 1010.52133333333 1011.16633333333 1011.653 1012.305 1012.44633333333 1012.46733333333 1012.121 1011.67533333333 1011.14866666667 1010.705 1010.35966666667 1010.489 1011.023 1011.53166666667 1011.54266666667 1011.398 1011.99333333333 1012.65166666667
1012.305 1012.44633333333 1012.46733333333 1012.121 1011.67533333333 1011.14866666667 1010.705 1010.35966666667 1010.489 1011.023 1011.53166666667 1011.54266666667 1011.398 1011.99333333333 1012.65166666667 1012.92333333333 1012.195 1011.47133333333 1010.55733333333 1009.92966666667 1009.67 1009.87333333333 1010.59366666667 1011.73766666667 1012.259 1012.09066666667 1011.22466666667
1011.398 1011.99333333333 1012.65166666667 1012.92333333333 1012.195 1011.47133333333 1010.55733333333 1009.92966666667 1009.67 1009.87333333333 1010.59366666667 1011.73766666667 1012.259 1012.09066666667 1011.22466666667 1010.96466666667 1010.62633333333 1010.30533333333 1009.81033333333 1009.79833333333 1010.23333333333 1010.93 1011.906 1012.22 1012.04233333333 1011.78866666667 1010.991
1012.259 1012.09066666667 1011.22466666667 1010.96466666667 1010.62633333333 1010.30533333333 1009.81033333333 1009.79833333333 1010.23333333333 1010.93 1011.906 1012.22 1012.04233333333 1011.78866666667 1010.991 1010.85066666667 1010.20466666667 1010.069 1010.23733333333 1010.44466666667 1010.899 1010.80866666667 1011.25066666667 1011.79033333333 1012.144 1012.20466666667 1012.09866666667
1012.04233333333 1011.78866666667 1010.991 1010.85066666667 1010.20466666667 1010.069 1010.23733333333 1010.44466666667 1010.899 1010.80866666667 1011.25066666667 1011.79033333333 1012.144 1012.20466666667 1012.09866666667 1011.683 1010.975 1010.576 1009.89 1010.42733333333 1010.72633333333 1012.05266666667 1012.474 1012.65466666667 1012.517 1012.598 1012.963
1012.144 1012.20466666667 1012.09866666667 1011.683 1010.975 1010.576 1009.89 1010.42733333333 1010.72633333333 1012.05266666667 1012.474 1012.65466666667 1012.517 1012.598 1012.963 1012.53566666667 1011.92233333333 1011.01666666667 1010.55466666667 1010.52633333333 1010.618 1011.24233333333 1011.166 1011.379 1011.633 1011.84733333333 1011.95666666667
1012.517 1012.598 1012.963 1012.53566666667 1011.92233333333 1011.01666666667 1010.55466666667 1010.52633333333 1010.618 1011.24233333333 1011.166 1011.379 1011.633 1011.84733333333 1011.95666666667 1011.37633333333 1010.73033333333 1010.13466666667 1009.87133333333 1009.70566666667 1009.584 1009.58433333333 1010.287 1011.25466666667 1012.01233333333 1011.85566666667 1011.81266666667
1011.633 1011.84733333333 1011.95666666667 1011.37633333333 1010.73033333333 1010.13466666667 1009.87133333333 1009.70566666667 1009.584 1009.58433333333 1010.287 1011.25466666667 1012.01233333333 1011.85566666667 1011.81266666667 1011.297 1011.121 1010.39266666667 1010.423 1010.48433333333 1010.74166666667 1010.81133333333 1011.29366666667 1011.63233333333 1012.02066666667 1012.09533333333 1011.88866666667
1012.01233333333 1011.85566666667 1011.81266666667 1011.297 1011.121 1010.39266666667 1010.423 1010.48433333333 1010.74166666667 1010.81133333333 1011.29366666667 1011.63233333333 1012.02066666667 1012.09533333333 1011.88866666667 1011.874 1011.14366666667 1010.294 1009.74633333333 1010.049 1010.853 1011.11933333333 1011.26566666667 1011.41866666667 1011.61166666667 1011.77266666667 1012.01366666667
1012.02066666667 1012.09533333333 1011.88866666667 1011.874 1011.14366666667 1010.294 1009.74633333333 1010.049 1010.853 1011.11933333333 1011.26566666667 1011.41866666667 1011.61166666667 1011.77266666667 1012.01366666667 1011.78466666667 1011.272 1010.36466666667 1009.913 1009.865 1010.32766666667 1011.11566666667 1011.27833333333 1011.67833333333 1011.694 1012.57033333333 1012.715
1011.61166666667 1011.77266666667 1012.01366666667 1011.78466666667 1011.272 1010.36466666667 1009.913 1009.865 1010.32766666667 1011.11566666667 1011.27833333333 1011.67833333333 1011.694 1012.57033333333 1012.715 1012.773 1012.06 1011.27166666667 1010.29266666667 1010.116 1010.54533333333 1011.23766666667 1011.729 1011.821 1012.105 1012.30633333333 1012.59266666667
1011.694 1012.57033333333 1012.715 1012.773 1012.06 1011.27166666667 1010.29266666667 1010.116 1010.54533333333 1011.23766666667 1011.729 1011.821 1012.105 1012.30633333333 1012.59266666667 1012.60833333333 1012.189 1011.442 1010.693 1010.48633333333 1011.055 1011.66433333333 1012.13066666667 1011.74033333333 1011.78366666667 1011.473 1011.52933333333
1012.105 1012.30633333333 1012.59266666667 1012.60833333333 1012.189 1011.442 1010.693 1010.48633333333 1011.055 1011.66433333333 1012.13066666667 1011.74033333333 1011.78366666667 1011.473 1011.52933333333 1011.392 1011.11133333333 1011.00433333333 1010.10533333333 1010.01266666667 1009.94866666667 1011.054 1011.454 1011.57766666667 1011.827 1012.29566666667 1012.54833333333
1011.78366666667 1011.473 1011.52933333333 1011.392 1011.11133333333 1011.00433333333 1010.10533333333 1010.01266666667 1009.94866666667 1011.054 1011.454 1011.57766666667 1011.827 1012.29566666667 1012.54833333333 1012.06766666667 1011.234 1010.66766666667 1010.107 1009.62 1009.79933333333 1010.488 1011.23333333333 1011.737 1012.21033333333 1012.27866666667 1011.81566666667
1011.827 1012.29566666667 1012.54833333333 1012.06766666667 1011.234 1010.66766666667 1010.107 1009.62 1009.79933333333 1010.488 1011.23333333333 1011.737 1012.21033333333 1012.27866666667 1011.81566666667 1010.88966666667 1010.638 1010.764 1010.437 1010.492 1010.52366666667 1010.96733333333 1011.41633333333 1011.55933333333 1012.02666666667 1012.15066666667 1012.37466666667
1012.21033333333 1012.27866666667 1011.81566666667 1010.88966666667 1010.638 1010.764 1010.437 1010.492 1010.52366666667 1010.96733333333 1011.41633333333 1011.55933333333 1012.02666666667 1012.15066666667 1012.37466666667 1012.16566666667 1011.65133333333 1011.277 1010.81833333333 1010.68166666667 1010.94333333333 1011.607 1012.28766666667 1012.02266666667 1011.88666666667 1011.65733333333 1012.146
1012.02666666667 1012.15066666667 1012.37466666667 1012.16566666667 1011.65133333333 1011.277 1010.81833333333 1010.68166666667 1010.94333333333 1011.607 1012.28766666667 1012.02266666667 1011.88666666667 1011.65733333333 1012.146 1012.045 1011.60766666667 1010.655 1010.02966666667 1010.01566666667 1010.26633333333 1010.79533333333 1011.17866666667 1011.64366666667 1012.04333333333 1012.061 1012.168
1011.88666666667 1011.65733333333 1012.146 1012.045 1011.60766666667 1010.655 1010.02966666667 1010.01566666667 1010.26633333333 1010.79533333333 1011.17866666667 1011.64366666667 1012.04333333333 1012.061 1012.168 1011.105 1010.87633333333 1010.17766666667 1010.701 1010.61366666667 1011.00466666667 1010.933 1011.01333333333 1011.08633333333 1011.446 1011.5 1011.366
1012.04333333333 1012.061 1012.168 1011.105 1010.87633333333 1010.17766666667 1010.701 1010.61366666667 1011.00466666667 1010.933 1011.01333333333 1011.08633333333 1011.446 1011.5 1011.366 1011.06066666667 1010.74833333333 1010.37066666667 1010.32533333333 1010.25733333333 1010.52366666667 1010.60766666667 1011.069 1011.09533333333 1011.19133333333 1011.02733333333 1011.21066666667
1011.446 1011.5 1011.366 1011.06066666667 1010.74833333333 1010.37066666667 1010.32533333333 1010.25733333333 1010.52366666667 1010.60766666667 1011.069 1011.09533333333 1011.19133333333 1011.02733333333 1011.21066666667 1011.17233333333 1010.978 1010.41366666667 1010.01766666667 1010.119 1010.621 1011.07066666667 1011.372 1011.571 1012.049 1012.24266666667 1012.55
1011.19133333333 1011.02733333333 1011.21066666667 1011.17233333333 1010.978 1010.41366666667 1010.01766666667 1010.119 1010.621 1011.07066666667 1011.372 1011.571 1012.049 1012.24266666667 1012.55 1011.96066666667 1011.206 1010.28666666667 1010.081 1010.91533333333 1011.52033333333 1012.21866666667 1011.87433333333 1011.61266666667 1011.52833333333 1011.993 1012.12633333333
1012.049 1012.24266666667 1012.55 1011.96066666667 1011.206 1010.28666666667 1010.081 1010.91533333333 1011.52033333333 1012.21866666667 1011.87433333333 1011.61266666667 1011.52833333333 1011.993 1012.12633333333 1011.72533333333 1010.89666666667 1010.65033333333 1010.06966666667 1009.89 1010.09933333333 1010.921 1011.62233333333 1011.59633333333 1011.809 1011.73866666667 1012.06233333333
1011.52833333333 1011.993 1012.12633333333 1011.72533333333 1010.89666666667 1010.65033333333 1010.06966666667 1009.89 1010.09933333333 1010.921 1011.62233333333 1011.59633333333 1011.809 1011.73866666667 1012.06233333333 1011.69233333333 1011.38733333333 1010.711 1010.94933333333 1010.95033333333 1011.44 1011.213 1011.603 1011.403 1011.465 1011.68133333333 1012.124
1011.809 1011.73866666667 1012.06233333333 1011.69233333333 1011.38733333333 1010.711 1010.94933333333 1010.95033333333 1011.44 1011.213 1011.603 1011.403 1011.465 1011.68133333333 1012.124 1012.357 1011.88266666667 1011.03533333333 1010.149 1010.141 1010.618 1011.23766666667 1011.56933333333 1011.61733333333 1011.66633333333 1011.63333333333 1011.36633333333
1011.465 1011.68133333333 1012.124 1012.357 1011.88266666667 1011.03533333333 1010.149 1010.141 1010.618 1011.23766666667 1011.56933333333 1011.61733333333 1011.66633333333 1011.63333333333 1011.36633333333 1010.87033333333 1010.18266666667 1009.899 1009.76966666667 1010.21766666667 1010.54166666667 1011.05466666667 1011.35766666667 1011.167 1011.164 1011.323 1011.597
1011.66633333333 1011.63333333333 1011.36633333333 1010.87033333333 1010.18266666667 1009.899 1009.76966666667 1010.21766666667 1010.54166666667 1011.05466666667 1011.35766666667 1011.167 1011.164 1011.323 1011.597 1011.57033333333 1010.5 1009.62633333333 1008.104 1007.94033333333 1008.30633333333 1009.41866666667 1010.053 1010.508 1010.78733333333 1010.94866666667 1011.385
1011.164 1011.323 1011.597 1011.57033333333 1010.5 1009.62633333333 1008.104 1007.94033333333 1008.30633333333 1009.41866666667 1010.053 1010.508 1010.78733333333 1010.94866666667 1011.385 1010.988 1010.39966666667 1009.61066666667 1009.53533333333 1009.45266666667 1009.43866666667 1010.03133333333 1010.475 1010.806 1010.94 1011.49666666667 1011.77833333333
1010.78733333333 1010.94866666667 1011.385 1010.988 1010.39966666667 1009.61066666667 1009.53533333333 1009.45266666667 1009.43866666667 1010.03133333333 1010.475 1010.806 1010.94 1011.49666666667 1011.77833333333 1011.581 1010.924 1010.26833333333 1010.03333333333 1010.03866666667 1010.412 1010.74533333333 1010.96533333333 1010.99 1011.094 1011.72333333333 1012.00733333333
1010.94 1011.49666666667 1011.77833333333 1011.581 1010.924 1010.26833333333 1010.03333333333 1010.03866666667 1010.412 1010.74533333333 1010.96533333333 1010.99 1011.094 1011.72333333333 1012.00733333333 1012.11966666667 1011.47533333333 1010.65933333333 1009.94 1009.47466666667 1009.81966666667 1009.96533333333 1010.362 1010.50066666667 1010.56966666667 1010.68666666667 1010.82233333333
1011.094 1011.72333333333 1012.00733333333 1012.11966666667 1011.47533333333 1010.65933333333 1009.94 1009.47466666667 1009.81966666667 1009.96533333333 1010.362 1010.50066666667 1010.56966666667 1010.68666666667 1010.82233333333 1011.071 1010.999 1010.82133333333 1010.37866666667 1009.88833333333 1009.64133333333 1009.94166666667 1010.07633333333 1009.986 1010.003 1010.59833333333 1010.88433333333
1010.56966666667 1010.68666666667 1010.82233333333 1011.071 1010.999 1010.82133333333 1010.37866666667 1009.88833333333 1009.64133333333 1009.94166666667 1010.07633333333 1009.986 1010.003 1010.59833333333 1010.88433333333 1011.13466666667 1010.737 1010.73133333333 1010.13666666667 1009.809 1009.79266666667 1010.27633333333 1010.735 1010.93033333333 1010.792 1011.458 1011.80033333333
1010.003 1010.59833333333 1010.88433333333 1011.13466666667 1010.737 1010.73133333333 1010.13666666667 1009.809 1009.79266666667 1010.27633333333 1010.735 1010.93033333333 1010.792 1011.458 1011.80033333333 1012.06666666667 1011.305 1010.63533333333 1010.049 1009.851 1010.05866666667 1010.38533333333 1010.953 1010.947 1011.24966666667 1011.65 1011.785
