25.224 24.356 23.7423333333333 23.474 23.6063333333333 24.0696666666667 24.7643333333333 25.5406666666667 26.1286666666667 26.4023333333333 26.353 25.92 25.3573333333333 24.597 24.1433333333333 23.775 23.7673333333333 24.1903333333333 24.9696666666667 25.803 26.3223333333333 26.6166666666667 26.6036666666667 26.0446666666667 25.1156666666667 24.3533333333333 23.961
25.3573333333333 24.597 24.1433333333333 23.775 23.7673333333333 24.1903333333333 24.9696666666667 25.803 26.3223333333333 26.6166666666667 26.6036666666667 26.0446666666667 25.1156666666667 24.3533333333333 23.961 23.938 24.1283333333333 24.4816666666667 25.0946666666667 25.6736666666667 26.3443333333333 26.7043333333333 26.7446666666667 26.1596666666667 25.2256666666667 24.1593333333333 23.4733333333333
25.1156666666667 24.3533333333333 23.961 23.938 24.1283333333333 24.4816666666667 25.0946666666667 25.6736666666667 26.3443333333333 26.7043333333333 26.7446666666667 26.1596666666667 25.2256666666667 24.1593333333333 23.4733333333333 23.459 23.6696666666667 24.2493333333333 24.8106666666667 25.6513333333333 26.3323333333333 26.838 26.915 26.4556666666667 25.4596666666667 24.1666666666667 23.2773333333333
25.2256666666667 24.1593333333333 23.4733333333333 23.459 23.6696666666667 24.2493333333333 24.8106666666667 25.6513333333333 26.3323333333333 26.838 26.915 26.4556666666667 25.4596666666667 24.1666666666667 23.2773333333333 23.1853333333333 23.7066666666667 24.3916666666667 25.0236666666667 25.816 26.5166666666667 26.9366666666667 26.959 26.5893333333333 25.677 24.9306666666667 24.205
25.4596666666667 24.1666666666667 23.2773333333333 23.1853333333333 23.7066666666667 24.3916666666667 25.0236666666667 25.816 26.5166666666667 26.9366666666667 26.959 26.5893333333333 25.677 24.9306666666667 24.205 24.2156666666667 24.3116666666667 24.979 25.658 26.2516666666667 26.745 26.8596666666667 26.828 26.3506666666667 25.4923333333333 24.3053333333333 23.5086666666667
25.677 24.9306666666667 24.205 24.2156666666667 24.3116666666667 24.979 25.658 26.2516666666667 26.745 26.8596666666667 26.828 26.3506666666667 25.4923333333333 24.3053333333333 23.5086666666667 23.2093333333333 23.451 23.933 24.5913333333333 25.481 26.186 26.6873333333333 26.73 26.115 24.8063333333333 23.483 22.711
25.4923333333333 24.3053333333333 23.5086666666667 23.2093333333333 23.451 23.933 24.5913333333333 25.481 26.186 26.6873333333333 26.73 26.115 24.8063333333333 23.483 22.711 22.762 23.1433333333333 23.7666666666667 24.6353333333333 25.4683333333333 26.131 26.5316666666667 26.6296666666667 26.3356666666667 25.5343333333333 24.925 24.537
24.8063333333333 23.483 22.711 22.762 23.1433333333333 23.7666666666667 24.6353333333333 25.4683333333333 26.131 26.5316666666667 26.6296666666667 26.3356666666667 25.5343333333333 24.925 24.537 24.5013333333333 24.6153333333333 25.139 25.7613333333333 26.489 26.851 27.2363333333333 26.946 26.4766666666667 25.429 24.6416666666667 23.9106666666667
25.5343333333333 24.925 24.537 24.5013333333333 24.6153333333333 25.139 25.7613333333333 26.489 26.851 27.2363333333333 26.946 26.4766666666667 25.429 24.6416666666667 23.9106666666667 23.657 23.63 24.0573333333333 24.7733333333333 25.5476666666667 26.031 26.333 26.2993333333333 25.7576666666667 24.8763333333333 24.2466666666667 23.8673333333333
25.429 24.6416666666667 23.9106666666667 23.657 23.63 24.0573333333333 24.7733333333333 25.5476666666667 26.031 26.333 26.2993333333333 25.7576666666667 24.8763333333333 24.2466666666667 23.8673333333333 23.8783333333333 23.8453333333333 24.041 24.6053333333333 25.365 26.3146666666667 26.6223333333333 26.6423333333333 26.051 25.4946666666667 24.6833333333333 23.9863333333333
24.8763333333333 24.2466666666667 23.8673333333333 23.8783333333333 23.8453333333333 24.041 24.6053333333333 25.365 26.3146666666667 26.6223333333333 26.6423333333333 26.051 25.4946666666667 24.6833333333333 23.9863333333333 23.4646666666667 23.407 23.784 24.4233333333333 25.266 26.1656666666667 26.7703333333333 26.7213333333333 26.233 25.1393333333333 24.3116666666667 23.726
25.4946666666667 24.6833333333333 23.9863333333333 23.4646666666667 23.407 23.784 24.4233333333333 25.266 26.1656666666667 26.7703333333333 26.7213333333333 26.233 25.1393333333333 24.3116666666667 23.726 23.8316666666667 24.1323333333333 24.5776666666667 25.3193333333333 25.982 26.5846666666667 26.694 26.683 26.288 25.679 25.008 24.159
25.1393333333333 24.3116666666667 23.726 23.8316666666667 24.1323333333333 24.5776666666667 25.3193333333333 25.982 26.5846666666667 26.694 26.683 26.288 25.679 25.008 24.159 23.804 23.753 24.4003333333333 25.1306666666667 25.818 26.293 26.4946666666667 26.4613333333333 26.046 25.3756666666667 24.5603333333333 23.8113333333333
25.679 25.008 24.159 23.804 23.753 24.4003333333333 25.1306666666667 25.818 26.293 26.4946666666667 26.4613333333333 26.046 25.3756666666667 24.5603333333333 23.8113333333333 23.6386666666667 23.6896666666667 24.2623333333333 24.8336666666667 25.469 26.0686666666667 26.394 26.4563333333333 26.121 25.3993333333333 24.6133333333333 23.8896666666667
25.3756666666667 24.5603333333333 23.8113333333333 23.6386666666667 23.6896666666667 24.2623333333333 24.8336666666667 25.469 26.0686666666667 26.394 26.4563333333333 26.121 25.3993333333333 24.6133333333333 23.8896666666667 23.5286666666667 23.739 24.314 25.1946666666667 26.0146666666667 26.6466666666667 26.8513333333333 26.4103333333333 25.8096666666667 24.8983333333333 24.089 23.4046666666667
25.3993333333333 24.6133333333333 23.8896666666667 23.5286666666667 23.739 24.314 25.1946666666667 26.0146666666667 26.6466666666667 26.8513333333333 26.4103333333333 25.8096666666667 24.8983333333333 24.089 23.4046666666667 23.1733333333333 23.4513333333333 23.7713333333333 24.659 25.4773333333333 26.3323333333333 26.678 26.7373333333333 25.9023333333333 24.531 22.9356666666667 22.4243333333333
24.8983333333333 24.089 23.4046666666667 23.1733333333333 23.4513333333333 23.7713333333333 24.659 25.4773333333333 26.3323333333333 26.678 26.7373333333333 25.9023333333333 24.531 22.9356666666667 22.4243333333333 22.7213333333333 23.6336666666667 24.435 25.1843333333333 25.814 26.3773333333333 26.6333333333333 26.571 26.045 25.2806666666667 24.43 23.939
24.531 22.9356666666667 22.4243333333333 22.7213333333333 23.6336666666667 24.435 25.1843333333333 25.814 26.3773333333333 26.6333333333333 26.571 26.045 25.2806666666667 24.43 23.939 23.6173333333333 23.8583333333333 24.394 25.2373333333333 25.908 26.5026666666667 26.7873333333333 26.6483333333333 25.966 25.3746666666667 24.803 24.3106666666667
25.2806666666667 24.43 23.939 23.6173333333333 23.8583333333333 24.394 25.2373333333333 25.908 26.5026666666667 26.7873333333333 26.6483333333333 25.966 25.3746666666667 24.803 24.3106666666667 23.7276666666667 23.7653333333333 24.0616666666667 24.8856666666667 25.6973333333333 26.4746666666667 26.811 26.7033333333333 26.2886666666667 25.809 24.991 24.3593333333333
25.3746666666667 24.803 24.3106666666667 23.7276666666667 23.7653333333333 24.0616666666667 24.8856666666667 25.6973333333333 26.4746666666667 26.811 26.7033333333333 26.2886666666667 25.809 24.991 24.3593333333333 23.747 23.9586666666667 24.584 25.5763333333333 26.2413333333333 26.8516666666667 27.014 26.9666666666667 26.213 25.1743333333333 24.0896666666667 23.7426666666667
25.809 24.991 24.3593333333333 23.747 23.9586666666667 24.584 25.5763333333333 26.2413333333333 26.8516666666667 27.014 26.9666666666667 26.213 25.1743333333333 24.0896666666667 23.7426666666667 23.704 23.9743333333333 24.2063333333333 24.9903333333333 25.864 26.7296666666667 27.0263333333333 26.9826666666667 26.3816666666667 25.557 24.522 23.9286666666667
25.1743333333333 24.0896666666667 23.7426666666667 23.704 23.9743333333333 24.2063333333333 24.9903333333333 25.864 26.7296666666667 27.0263333333333 26.9826666666667 26.3816666666667 25.557 24.522 23.9286666666667 23.8793333333333 24.2306666666667 24.571 25.2516666666667 25.8856666666667 26.4186666666667 26.4223333333333 26.3256666666667 26.133 25.6906666666667 25.26 24.995
25.557 24.522 23.9286666666667 23.8793333333333 24.2306666666667 24.571 25.2516666666667 25.8856666666667 26.4186666666667 26.4223333333333 26.3256666666667 26.133 25.6906666666667 25.26 24.995 24.7966666666667 24.7076666666667 24.805 25.2033333333333 25.7233333333333 26.1396666666667 26.3193333333333 26.264 25.808 25.186 24.6906666666667 24.5926666666667
25.6906666666667 25.26 24.995 24.7966666666667 24.7076666666667 24.805 25.2033333333333 25.7233333333333 26.1396666666667 26.3193333333333 26.264 25.808 25.186 24.6906666666667 24.5926666666667 24.6636666666667 24.878 25.181 25.649 26.1643333333333 26.5223333333333 26.7966666666667 26.6246666666667 26.1613333333333 25.4636666666667 24.99 24.5426666666667
25.186 24.6906666666667 24.5926666666667 24.6636666666667 24.878 25.181 25.649 26.1643333333333 26.5223333333333 26.7966666666667 26.6246666666667 26.1613333333333 25.4636666666667 24.99 24.5426666666667 24.4253333333333 24.421 24.999 25.711 26.417 26.756 26.8153333333333 26.599 26.2596666666667 25.7286666666667 25.0493333333333 24.5566666666667
25.4636666666667 24.99 24.5426666666667 24.4253333333333 24.421 24.999 25.711 26.417 26.756 26.8153333333333 26.599 26.2596666666667 25.7286666666667 25.0493333333333 24.5566666666667 24.0453333333333 23.7806666666667 23.911 24.8143333333333 25.9756666666667 26.7163333333333 26.9566666666667 26.855 26.4356666666667 25.6743333333333 24.6856666666667 23.9646666666667
25.7286666666667 25.0493333333333 24.5566666666667 24.0453333333333 23.7806666666667 23.911 24.8143333333333 25.9756666666667 26.7163333333333 26.9566666666667 26.855 26.4356666666667 25.6743333333333 24.6856666666667 23.9646666666667 23.551 23.6676666666667 23.8966666666667 24.557 25.3453333333333 26.1983333333333 26.6443333333333 26.7426666666667 26.2606666666667 25.6726666666667 24.6933333333333 24.1396666666667
25.6743333333333 24.6856666666667 23.9646666666667 23.551 23.6676666666667 23.8966666666667 24.557 25.3453333333333 26.1983333333333 26.6443333333333 26.7426666666667 26.2606666666667 25.6726666666667 24.6933333333333 24.1396666666667 23.6496666666667 23.9266666666667 24.3506666666667 25.0806666666667 25.928 26.734 27.2 26.9906666666667 26.3596666666667 25.395 24.4136666666667 23.796
25.6726666666667 24.6933333333333 24.1396666666667 23.6496666666667 23.9266666666667 24.3506666666667 25.0806666666667 25.928 26.734 27.2 26.9906666666667 26.3596666666667 25.395 24.4136666666667 23.796 23.3426666666667 23.5993333333333 24.264 25.4883333333333 26.3873333333333 26.9106666666667 27.1026666666667 27.0246666666667 26.768 26.4053333333333 25.9873333333333 25.1376666666667
25.395 24.4136666666667 23.796 23.3426666666667 23.5993333333333 24.264 25.4883333333333 26.3873333333333 26.9106666666667 27.1026666666667 27.0246666666667 26.768 26.4053333333333 25.9873333333333 25.1376666666667 24.056 23.8333333333333 24.2846666666667 25.389 26.0096666666667 26.755 27.058 26.9143333333333 26.2116666666667 25.5396666666667 24.9063333333333 24.4946666666667
26.4053333333333 25.9873333333333 25.1376666666667 24.056 23.8333333333333 24.2846666666667 25.389 26.0096666666667 26.755 27.058 26.9143333333333 26.2116666666667 25.5396666666667 24.9063333333333 24.4946666666667 24.204 24.4466666666667 24.9286666666667 25.8083333333333 26.552 27.1963333333333 27.4316666666667 27.2856666666667 26.7396666666667 25.9056666666667 25.1506666666667 24.756
25.5396666666667 24.9063333333333 24.4946666666667 24.204 24.4466666666667 24.9286666666667 25.8083333333333 26.552 27.1963333333333 27.4316666666667 27.2856666666667 26.7396666666667 25.9056666666667 25.1506666666667 24.756 24.7816666666667 24.928 25.3183333333333 25.7036666666667 26.219 26.579 26.9423333333333 26.9466666666667 26.612 25.4016666666667 24.4016666666667 23.7493333333333
25.9056666666667 25.1506666666667 24.756 24.7816666666667 24.928 25.3183333333333 25.7036666666667 26.219 26.579 26.9423333333333 26.9466666666667 26.612 25.4016666666667 24.4016666666667 23.7493333333333 23.8456666666667 24.2806666666667 24.9326666666667 26.1043333333333 27.0313333333333 27.5973333333333 27.5313333333333 27.1893333333333 26.664 25.9043333333333 25.111 24.2266666666667
25.4016666666667 24.4016666666667 23.7493333333333 23.8456666666667 24.2806666666667 24.9326666666667 26.1043333333333 27.0313333333333 27.5973333333333 27.5313333333333 27.1893333333333 26.664 25.9043333333333 25.111 24.2266666666667 23.7823333333333 23.839 24.4466666666667 25.2923333333333 26.0213333333333 26.527 26.6956666666667 26.6923333333333 26.3856666666667 25.6746666666667 25.2263333333333 24.5146666666667
25.9043333333333 25.111 24.2266666666667 23.7823333333333 23.839 24.4466666666667 25.2923333333333 26.0213333333333 26.527 26.6956666666667 26.6923333333333 26.3856666666667 25.6746666666667 25.2263333333333 24.5146666666667 24.6683333333333 24.8373333333333 25.5296666666667 26.06 26.3933333333333 26.8446666666667 26.9156666666667 26.836 26.5036666666667 26.036 25.5323333333333 25.0136666666667
25.6746666666667 25.2263333333333 24.5146666666667 24.6683333333333 24.8373333333333 25.5296666666667 26.06 26.3933333333333 26.8446666666667 26.9156666666667 26.836 26.5036666666667 26.036 25.5323333333333 25.0136666666667 24.6573333333333 24.6416666666667 25.0523333333333 25.786 26.3796666666667 27.002 27.2266666666667 27.3613333333333 26.9223333333333 26.1023333333333 25.226 24.6196666666667
26.036 25.5323333333333 25.0136666666667 24.6573333333333 24.6416666666667 25.0523333333333 25.786 26.3796666666667 27.002 27.2266666666667 27.3613333333333 26.9223333333333 26.1023333333333 25.226 24.6196666666667 24.3376666666667 24.331 24.7053333333333 25.567 26.373 27.0476666666667 27.4186666666667 27.412 26.8363333333333 26.1036666666667 25.236 24.2243333333333
