1948	1	25.145	997.729	-0.946	-0.752	0
1948	2	25.559	997.803	-1.161	-0.243	0
1948	3	25.439	997.225	0.669	0.564	0
1948	4	25.604	997.555	-2.07	1.176	0
1948	5	25.555	997	-2.993	2.222	0
1948	6	25.132	997.124	-4.682	3.023	0
1948	7	25.09	997.205	-5.458	3.485	0
1948	8	25.304	996.376	-5.744	2.283	0
1948	9	25.346	996.906	-4.499	1.669	0
1948	10	25.574	997.056	-4.302	1.073	0
1948	11	25.666	997.712	-0.069	-0.251	0
1948	12	25.703	998.014	-0.101	-1.942	0
1949	1	25.848	997.997	1.397	-2.229	0
1949	2	25.95	996.358	4.472	-2.653	0
1949	3	25.794	996.796	0.975	-0.062	0
1949	4	26.122	997.186	0.373	1.199	0
1949	5	25.907	996.493	-4.312	3.112	0
1949	6	25.314	997.255	-6.584	3.064	0
1949	7	25.066	997.383	-7.541	2.494	0
1949	8	24.959	997.425	-7.366	2.534	0
1949	9	25.424	997.173	-7.001	2.377	0
1949	10	25.875	996.551	-3.818	1.429	0
1949	11	26.273	996.223	-0.595	-0.993	0
1949	12	26.441	994.515	0.928	-1.722	0
1950	1	26.357	995.594	2.781	-2.042	0
1950	2	26.255	995.995	3.96	-2.413	0
1950	3	26.723	996.023	0.592	-0.242	0
1950	4	26.265	995.403	-0.4	1.539	0
1950	5	25.95	996.068	-3.877	3.223	0
1950	6	25.854	996.19	-6.185	3.166	0
1950	7	25.359	997.309	-7.039	3.163	0
1950	8	25.19	997.458	-6.443	2.756	0
1950	9	25.487	997.397	-5.404	2.591	0
1950	10	25.971	997.005	-1.772	1.074	0
1950	11	26.383	995.229	0.925	-0.526	0
1950	12	26.267	996.109	0.476	-1.439	0
1951	1	25.928	997.142	3.205	-2.481	0
1951	2	26.335	996.052	2.723	-1.974	0
1951	3	26.228	997.093	-2.71	0.027	0
1951	4	26.172	997.062	-2.309	0.617	0
1951	5	25.996	997.784	-4.704	2.148	0
1951	6	25.923	997.338	-6.489	3.688	0
1951	7	25.44	997.762	-6.458	3.361	0
1951	8	25.645	998.074	-6.508	3.317	0
1951	9	25.768	997.74	-6.557	2.385	0
1951	10	26.394	997.955	-5.638	1.395	0
1951	11	26.556	996.833	-5.258	-0.177	0
1951	12	26.621	997.12	-3.146	-1.256	0
1952	1	26.333	997.542	-0.42	-2.013	0
1952	2	26.418	996.618	0.427	-1.091	0
1952	3	26.329	996.85	-1.226	-0.287	0
1952	4	26.601	997.696	-3.362	0.858	0
1952	5	26.384	996.865	-4.081	2.579	0
1952	6	25.933	997.323	-7.255	3.096	0
1952	7	25.45	997.771	-7.313	3.188	0
1952	8	25.43	997.36	-7.236	3.426	0
1952	9	25.697	997.501	-6.312	2.17	0
1952	10	26.458	997.093	-4.591	0.936	0
1952	11	26.599	996.318	-2.347	-0.516	0
1952	12	26.514	997.936	-0.432	-1.727	0
1953	1	26.1	997.606	0.222	-2.121	0
1953	2	25.988	998.209	-0.737	-0.813	0
1953	3	26.418	997.111	-2.286	0.278	0
1953	4	26.35	996.901	-3.034	0.944	0
1953	5	26.018	997.875	-4.983	2.45	0
1953	6	25.807	997.182	-6.883	2.746	0
1953	7	25.336	998.109	-7.983	3.469	0
1953	8	25.225	997.461	-7.37	3.307	0
1953	9	25.871	998.013	-6.362	2.331	0
1953	10	26.334	997.623	-6.024	1.089	0
1953	11	26.653	997.442	-2.303	-1.029	0
1953	12	26.517	997.195	-1.839	-1.575	0
1954	1	26.269	995.717	2.381	-1.654	0
1954	2	26.296	996.945	1.206	-0.363	0
1954	3	26.326	996.634	-0.9	0.09	0
1954	4	26.652	996.117	-0.891	1.063	0
1954	5	26.23	995.556	-5.22	2.052	0
1954	6	25.791	996.402	-5.282	2.528	0
1954	7	25.275	996.333	-6.063	3.13	0
1954	8	25.27	996.188	-5.853	2.624	0
1954	9	25.477	996.549	-6.054	2.329	0
1954	10	25.918	996.957	-2.925	0.681	0
1954	11	26.434	996.585	0.068	-1.556	0
1954	12	26.336	995.325	1.656	-1.755	0
1955	1	25.994	997.689	1.963	-2.027	0
1955	2	26.234	994.614	4.175	-2.209	0
1955	3	26.224	996.341	-0.191	-0.524	0
1955	4	26.42	995.6	0.645	0.746	0
1955	5	26.579	995.379	-3.813	3.099	0
1955	6	26.052	996.185	-5.463	3.941	0
1955	7	25.44	996.57	-6.126	3.165	0
1955	8	25.436	996.48	-6.032	2.47	0
1955	9	25.809	996.278	-6.212	2.469	0
1955	10	26.247	995.989	-3.301	0.371	0
1955	11	26.606	995.098	-1.128	-0.798	0
1955	12	26.333	995.975	0.028	-1.723	0
1956	1	26.35	994.984	2.585	-2.409	0
1956	2	26.257	995.393	2.585	-2.089	0
1956	3	26.456	996.277	0.954	0.382	0
1956	4	26.589	995.005	-1.381	1.661	0
1956	5	26.561	995.317	-4.814	2.322	0
1956	6	26.131	996.224	-7.083	2.896	0
1956	7	25.695	996.416	-6.778	3.08	0
1956	8	25.568	996.119	-6.107	3.41	0
1956	9	25.894	996.205	-5.819	2.242	0
1956	10	26.294	996.447	-4.857	0.863	0
1956	11	26.737	996.198	-3.12	-0.822	0
1956	12	26.669	995.608	-1.082	-1.28	0
1957	1	26.379	996.103	0.693	-1.472	0
1957	2	26.203	996.766	3.646	-2.121	0
1957	3	26.346	997.018	-0.435	-0.253	0
1957	4	26.744	996.754	-1.367	0.818	0
1957	5	26.159	996.781	-2.528	1.594	0
1957	6	26.321	996.547	-4.078	1.852	0
1957	7	26.182	996.12	-6.23	2.008	0
1957	8	25.678	996.309	-6.001	2.522	0
1957	9	25.764	997.167	-5.039	1.773	0
1957	10	26.503	997.259	-5.808	1.194	0
1957	11	27.082	997.207	-5.097	-0.353	0
1957	12	26.907	995.967	-2.197	-1.353	0
1958	1	26.566	998.175	-0.871	-2.033	0
1958	2	26.245	998.262	1.893	-1.224	0
1958	3	26.676	997.019	2.021	-1.148	0
1958	4	26.607	996.551	0.152	0.357	0
1958	5	26.759	996.013	-1.159	1.749	0
1958	6	26.583	996.093	-6.533	3.579	0
1958	7	26.121	996.527	-7.391	3.361	0
1958	8	26.186	995.993	-7.006	2.9	0
1958	9	26.224	996.506	-5.931	2.587	0
1958	10	26.876	996.246	-2.915	1.357	0
1958	11	27.019	996.221	-1.98	0.384	0
1958	12	26.953	996.974	-0.079	-1.792	0
1959	1	26.39	997.601	0.296	-1.835	0
1959	2	26.378	997.72	0.618	-1.032	0
1959	3	26.752	996.688	2.561	-0.637	0
1959	4	26.507	996.32	0.969	0.377	0
1959	5	26.461	995.536	-1.743	1.394	0
1959	6	25.803	996.896	-6.053	2.025	0
1959	7	25.408	997.155	-6.147	3.095	0
1959	8	24.692	996.618	-6.758	2.76	0
1959	9	25.924	996.566	-5.907	1.908	0
1959	10	26.632	996.864	-3.271	0.895	0
1959	11	27.301	995.51	-1.323	-0.875	0
1959	12	27.106	995.882	2.593	-2.143	0
1960	1	26.691	996.339	2.619	-2.792	0
1960	2	26.333	996.532	4.346	-2.465	0
1960	3	26.432	996.42	0.686	-0.311	0
1960	4	27.016	995.701	-1.622	0.789	0
1960	5	26.923	995.694	-5.067	2.321	0
1960	6	25.965	996.434	-6.764	2.8	0
1960	7	25.816	996.399	-6.473	2.142	0
1960	8	25.6	996.334	-6.199	2.436	0
1960	9	26.138	996.2	-5.43	2.234	0
1960	10	26.733	996.808	-5.082	0.7	0
1960	11	27.17	996.564	-0.877	-0.573	0
1960	12	26.906	996.335	0.974	-2.333	0
1961	1	26.517	996.84	-0.444	-2.192	0
1961	2	26.684	995.159	2.691	-1.497	0
1961	3	26.324	997.323	-2.213	-0.524	0
1961	4	26.713	995.589	-4.264	0.318	0
1961	5	26.539	995.754	-5.732	2.35	0
1961	6	25.83	996.338	-6.627	3.157	0
1961	7	25.244	996.897	-8.049	2.831	0
1961	8	25.243	996.852	-8.281	2.246	0
1961	9	25.59	996.827	-7.372	2.583	0
1961	10	26.28	996.637	-7.052	0.795	0
1961	11	26.442	996.39	-5.172	-0.931	0
1961	12	26.877	995.182	-0.794	-2.217	0
1962	1	26.374	995.14	1.63	-2.633	0
1962	2	25.923	996.837	1.334	-2.398	0
1962	3	25.952	996.271	-0.539	-0.841	0
1962	4	26.081	996.22	-2.297	0.891	0
1962	5	26.055	995.561	-3.343	1.052	0
1962	6	25.628	996.526	-5.527	1.281	0
1962	7	25.334	996.116	-6.825	1.906	0
1962	8	24.998	997.403	-7.462	1.319	0
1962	9	25.498	996.573	-6.713	0.927	0
1962	10	26.426	996.294	-4.86	-0.264	0
1962	11	26.532	996.089	-4.685	-1.382	0
1962	12	26.138	996.398	-2.43	-1.811	0
1963	1	26.133	995.748	2.017	-2.938	0
1963	2	25.886	997.279	0.795	-2.123	0
1963	3	25.877	996.54	1.523	-1.269	0
1963	4	26.026	996.276	-4.612	0.536	0
1963	5	26.185	995.53	-5.417	1.063	0
1963	6	25.558	997.347	-7.514	1.712	0
1963	7	24.914	996.915	-7.598	2.202	0
1963	8	24.93	996.884	-8.188	1.859	0
1963	9	25.401	997.427	-6.25	1.311	0
1963	10	25.592	997.788	-5.622	1.022	0
1963	11	25.949	996.941	-4.942	-0.572	0
1963	12	26.246	997.17	-2.395	-1.325	0
1964	1	26.37	996.925	0.697	-2.334	0
1964	2	26.338	996.302	0.191	-1.678	0
1964	3	26.328	996.741	-0.355	-0.892	0
1964	4	26.751	995.461	-0.643	0.187	0
1964	5	26.702	995.298	-2.055	1.628	0
1964	6	25.911	995.997	-6.473	2.613	0
1964	7	25.797	996.172	-7.185	2.017	0
1964	8	25.352	996.045	-7.623	3.375	0
1964	9	26.16	995.414	-6.37	2.04	0
1964	10	26.682	995.806	-4.877	0.615	0
1964	11	26.901	995.037	-4.654	-0.082	0
1964	12	26.27	996.042	-2.176	-1.437	0
1965	1	26.174	996.434	1.219	-2.582	0
1965	2	26.403	995.216	3.867	-2.553	0
1965	3	26.275	996.388	0.692	-0.527	0
1965	4	26.057	996.624	-3.592	0.736	0
1965	5	26.385	995.923	-1.725	2.192	0
1965	6	25.767	997.481	-5.075	2.75	0
1965	7	24.782	997.135	-6.905	2.795	0
1965	8	25.179	997.082	-6.512	2.092	0
1965	9	25.624	997.34	-6.648	2.153	0
1965	10	26.239	997.193	-5.728	1.181	0
1965	11	26.665	997.005	-2.769	-0.387	0
1965	12	26.71	995.753	0.494	-0.548	0
1966	1	25.631	997.919	-0.105	-1.175	0
1966	2	25.775	997.069	1.023	-1.823	0
1966	3	26.287	996.455	0.589	-0.386	0
1966	4	26.581	996.374	-4.406	1.019	0
1966	5	26.316	996.891	-6.05	2.986	0
1966	6	25.728	997.89	-6.01	2.673	0
1966	7	25.457	996.571	-6.999	1.692	0
1966	8	25.563	997.072	-5.625	1.465	0
1966	9	25.936	997.362	-5.952	1.808	0
1966	10	26.278	997.071	-5.305	0.572	0
1966	11	26.581	996.164	-2.891	-0.144	0
1966	12	26.58	995.411	0.607	-0.957	0
1967	1	26.055	996.227	0.748	-1.659	0
1967	2	26.052	996.325	2.662	-1.892	0
1967	3	25.958	996.79	-2.274	-0.156	0
1967	4	26.312	997.234	-2.356	0.831	0
1967	5	26.291	996.425	-2.748	2.098	0
1967	6	25.761	996.549	-6.586	1.922	0
1967	7	25.397	996.853	-6.255	2.152	0
1967	8	25.365	997.368	-6.715	2.38	0
1967	9	25.678	997.796	-6.159	1.779	0
1967	10	26.487	997.53	-6.414	1.545	0
1967	11	26.69	996.62	-4.734	-0.27	0
1967	12	26.485	997.454	2.262	-1.764	0
1968	1	26.191	995.92	3.377	-2.553	0
1968	2	25.806	997.612	0.849	-2.254	0
1968	3	26.17	996.423	1.876	-1.162	0
1968	4	26.49	997.284	-0.902	0.863	0
1968	5	26.673	996.393	-3.902	2.364	0
1968	6	26.217	997.22	-6.717	3.935	0
1968	7	25.944	997.1	-7.025	3.844	0
1968	8	25.944	997.287	-5.742	3.542	0
1968	9	26.178	997.391	-6.243	2.868	0
1968	10	26.384	997.492	-5.355	0.89	0
1968	11	26.538	997.892	-4.096	0.585	0
1968	12	26.658	996.261	-1.006	-0.929	0
1969	1	26.241	996.538	-1.028	-2.001	0
1969	2	26.263	997.396	1.496	-1.455	0
1969	3	26.466	997.619	-1.624	0.004	0
1969	4	26.568	997.708	-2.917	0.935	0
1969	5	26.636	996.43	-4.453	2.434	0
1969	6	26.35	997.232	-5.81	3.054	0
1969	7	25.543	997.592	-5.392	2.353	0
1969	8	25.434	997.864	-5.87	1.253	0
1969	9	25.949	996.827	-5.747	1.614	0
1969	10	26.251	997.269	-5.243	0.851	0
1969	11	26.885	996.856	-3.579	0.319	0
1969	12	26.787	997.002	-2.705	-0.606	0
1970	1	26.68	997.809	-0.489	-1.341	0
1970	2	26.405	997.769	2.587	-2.089	0
1970	3	26.714	996.606	0.749	-0.957	0
1970	4	26.64	997.099	-1.461	0.245	0
1970	5	26.528	996.197	-4.993	1.932	0
1970	6	26.161	996.928	-5.751	0.975	0
1970	7	25.481	997.618	-6.429	2.594	0
1970	8	25.458	996.671	-6	2.871	0
1970	9	26.132	996.103	-6.296	1.564	0
1970	10	26.907	995.814	-3.043	0.981	0
1970	11	26.978	996.102	-0.099	0.247	0
1970	12	26.718	995.54	1.661	-1.852	0
1971	1	26.278	996.044	2.565	-2.656	0
1971	2	26.198	995.197	5.138	-3.091	0
1971	3	26.264	996.323	1.316	-0.442	0
1971	4	26.411	996.02	-2.891	0.824	0
1971	5	26.342	995.962	-4.064	2.393	0
1971	6	25.765	997.026	-5.217	3.025	0
1971	7	25.175	996.519	-4.31	2.1	0
1971	8	25.37	996.889	-4.297	1.814	0
1971	9	25.943	996.458	-4.348	1.542	0
1971	10	26.593	996.67	-1.879	0.56	0
1971	11	26.722	996.509	-0.606	-1.334	0
1971	12	26.575	995.807	0.508	-1.109	0
1972	1	26.328	996.484	0.884	-1.932	0
1972	2	26.454	995.691	2.354	-2.564	0
1972	3	26.275	996.823	-0.417	-1.447	0
1972	4	26.173	997.328	-1.957	0.364	0
1972	5	26.18	997.061	-3.575	2.195	0
1972	6	25.689	996.66	-5.344	1.616	0
1972	7	25.16	997.044	-7.314	2.671	0
1972	8	25.166	997.745	-5.97	2.305	0
1972	9	25.597	997.556	-6.115	2.236	0
1972	10	26.308	997.985	-6.021	0.901	0
1972	11	26.983	996.919	-4.28	0.402	0
1972	12	26.79	997.986	-3.145	-0.744	0
1973	1	26.545	997.453	1.79	-2.844	0
1973	2	26.585	998.183	1.444	-1.802	0
1973	3	26.71	997.097	0.719	-0.722	0
1973	4	27.035	996.259	0.49	0.261	0
1973	5	26.781	996.673	-5.305	2.513	0
1973	6	26.809	996.412	-6.718	4.106	0
1973	7	26.295	996.338	-6.638	3.065	0
1973	8	26.34	996.568	-5.189	3.507	0
1973	9	26.426	997.325	-4.423	1.823	0
1973	10	26.838	995.634	-4.747	0.561	0
1973	11	27.164	995.648	-1.575	-0.209	0
1973	12	26.918	995.758	3.188	-1.899	0
1974	1	26.297	995.24	4.212	-3.719	0
1974	2	26.169	995.526	3.568	-2.579	0
1974	3	26.149	996.637	-0.775	-0.176	0
1974	4	26.647	996.116	-1.869	0.546	0
1974	5	26.574	996.353	-3.854	2.439	0
1974	6	25.985	996.615	-4.023	2.688	0
1974	7	25.638	997.191	-6.371	3.437	0
1974	8	25.847	996.603	-6.457	3.179	0
1974	9	26.35	996.749	-4.98	2.566	0
1974	10	26.771	996.032	-3.826	1.011	0
1974	11	27.067	995.662	-1.982	-0.912	0
1974	12	26.533	995.868	-0.546	-2.109	0
1975	1	26.262	996.949	1.039	-2.499	0
1975	2	26.125	996.863	2.619	-1.514	0
1975	3	26.279	996.538	2.843	-0.673	0
1975	4	26.663	995.621	-2.204	1.083	0
1975	5	26.471	996.112	-4.974	2.083	0
1975	6	25.949	996.64	-5.032	2.533	0
1975	7	25.585	996.962	-6.145	1.64	0
1975	8	25.756	996.239	-5.653	2.031	0
1975	9	26.083	996.501	-4.437	1.27	0
1975	10	26.582	996.123	-0.354	0.885	0
1975	11	26.704	996.35	-1.976	-0.087	0
1975	12	26.481	995.24	-0.648	-1.454	0
1976	1	25.994	996.195	0.782	-2.932	0
1976	2	25.872	996.612	-0.786	-1.594	0
1976	3	26.092	996.277	2.11	-0.717	0
1976	4	26.266	997.298	-1.834	0.876	0
1976	5	25.864	997.312	-2.752	2.24	0
1976	6	25.359	997.117	-4.454	2.012	0
1976	7	24.931	997.98	-5.99	2.398	0
1976	8	25.006	998.152	-5.896	2.156	0
1976	9	25.654	998.235	-4.927	1.751	0
1976	10	26.621	997.29	-3.709	1.184	0
1976	11	27.195	996.329	-1.673	0.057	0
1976	12	27.044	996.444	-1.481	-1.017	0
1977	1	26.78	996.567	-0.617	-2.416	0
1977	2	26.434	996.951	2.004	-1.526	0
1977	3	26.117	998.197	-1.57	0.11	0
1977	4	26.718	997.099	-2.498	0.927	0
1977	5	26.688	997.147	-3.783	1.91	0
1977	6	25.905	997.219	-6.054	2.839	0
1977	7	25.362	996.699	-7.398	1.084	0
1977	8	25.295	997.73	-6.343	2.829	0
1977	9	25.905	997.739	-6.383	1.984	0
1977	10	26.368	998.243	-6.155	0.602	0
1977	11	26.782	997.53	-3.357	-0.38	0
1977	12	26.663	997.842	0.821	-2.266	0
1978	1	26.545	997.718	2.916	-3.127	0
1978	2	26.407	999.08	1.474	-1.647	0
1978	3	26.667	997.315	1.647	-1.69	0
1978	4	26.667	997.307	-3.358	0.712	0
1978	5	27.096	995.514	-3.657	2.279	0
1978	6	26.414	996.646	-7.445	2.723	0
1978	7	26.017	996.472	-6.674	3.193	0
1978	8	25.863	996.816	-6.218	3.788	0
1978	9	26.21	997.163	-4.876	3.489	0
1978	10	26.46	996.724	-5.925	1.95	0
1978	11	26.703	997.252	-3.946	1.107	0
1978	12	26.78	997.064	-1.67	-1.059	0
1979	1	26.473	998.15	-0.564	-1.548	0
1979	2	26.483	997.454	-0.019	-2.006	0
1979	3	26.527	997.272	1.082	-0.828	0
1979	4	26.658	996.863	1.088	0.467	0
1979	5	26.924	997.149	-3.173	2.458	0
1979	6	26.168	997.211	-6.134	2.9	0
1979	7	25.515	998.598	-5.393	2.318	0
1979	8	25.574	997.661	-6.027	2.725	0
1979	9	26.006	997.587	-3.877	2.002	0
1979	10	26.57	997.84	-5.301	0.783	0
1979	11	26.821	996.525	-2.764	0.678	0
1979	12	26.712	997.866	-0.513	-1.638	0
1980	1	26.491	996.721	6.111	-4.248	0
1980	2	26.279	997.614	4.112	-2.486	0
1980	3	26.412	997.84	0.623	-0.76	0
1980	4	26.57	996.921	-2.192	0.249	0
1980	5	26.63	997.113	-4.355	1.429	0
1980	6	26.168	997.569	-6.743	2.285	0
1980	7	25.679	997.859	-6.859	3.526	0
1980	8	25.311	998.259	-6.599	3.17	0
1980	9	25.629	998.071	-5.167	2.341	0
1980	10	26.485	997.674	-3.765	1.023	0
1980	11	26.608	996.872	-1.455	-0.446	0
1980	12	26.682	996.283	0.321	-1.205	0
1981	1	26.308	997.246	2.939	-2.51	0
1981	2	26.048	997.477	2.806	-1.705	0
1981	3	26.192	998.673	-1.37	-0.313	0
1981	4	26.704	997.649	-0.567	0.769	0
1981	5	26.858	996.567	-3.381	2.005	0
1981	6	26.479	997.448	-5.529	2.872	0
1981	7	25.934	996.936	-4.69	1.45	0
1981	8	25.567	997.603	-6.387	3.049	0
1981	9	25.996	997.256	-4.208	1.63	0
1981	10	26.495	997.374	-3.17	0.994	0
1981	11	26.646	996.44	-0.609	-1.044	0
1981	12	26.617	997.545	-1.163	-1.762	0
1982	1	26.323	997.283	2.077	-3.449	0
1982	2	26.265	997.292	1.802	-2.388	0
1982	3	26.312	997.257	0.774	-0.511	0
1982	4	26.764	997.494	-0.769	-0.138	0
1982	5	26.437	997.431	-4.386	1.703	0
1982	6	25.7	998.364	-5.561	2.852	0
1982	7	24.585	998.225	-6.038	3.83	0
1982	8	24.632	998.562	-6.54	2.851	0
1982	9	24.904	999.132	-5.602	1.963	0
1982	10	25.516	998.293	-5.4	1.251	0
1982	11	26.157	997.614	-4.416	0.153	0
1982	12	26.525	997.708	0.937	-2.76	0
1983	1	26.404	999.206	2.222	-3.508	0
1983	2	26.36	999.633	3.268	-2.782	0
1983	3	26.662	999.124	3.283	-1.159	0
1983	4	27.043	997.629	1.653	-0.817	0
1983	5	26.713	997.611	-4.328	1.314	0
1983	6	26.233	997.671	-6.271	2.564	0
1983	7	25.511	997.757	-6.477	2.813	0
1983	8	25.366	998.296	-6.297	3.038	0
1983	9	25.813	997.745	-6.245	1.933	0
1983	10	26.846	997.136	-1.358	0.277	0
1983	11	27.358	997.736	-1.969	-1.097	0
1983	12	26.692	997.5	0.386	-2.238	0
1984	1	26.529	996.555	4	-2.628	0
1984	2	26.21	995.927	5.234	-2.719	0
1984	3	26.433	997.314	0.245	-0.552	0
1984	4	26.569	996.721	0.225	0.132	0
1984	5	26.442	996.694	-2.429	1.397	0
1984	6	25.659	996.97	-5.473	3.024	0
1984	7	25.545	996.958	-4.518	2.739	0
1984	8	25.672	997.015	-5.962	1.881	0
1984	9	26.231	997.551	-4.207	1.861	0
1984	10	26.736	997.799	-3.339	1.633	0
1984	11	27.004	997.154	-2.265	0.183	0
1984	12	26.774	995.664	0.191	-2.504	0
1985	1	26.619	997.526	1.524	-1.697	0
1985	2	26.735	994.68	6.779	-2.692	0
1985	3	26.746	996.821	-2.015	0.39	0
1985	4	27.143	995.621	-1.906	0.814	0
1985	5	26.82	995.802	-2.182	1.321	0
1985	6	26.309	997.252	-2.017	3	0
1985	7	25.415	997.993	-5.006	2.036	0
1985	8	25.375	997.484	-5.711	1.972	0
1985	9	25.908	997.531	-4.599	2.251	0
1985	10	26.388	997.641	-3.11	0.896	0
1985	11	27.106	996.95	-0.747	-0.632	0
1985	12	26.956	996.99	-1.668	-1.666	0
1986	1	26.803	996.153	4.426	-2.897	0
1986	2	26.43	997.735	2.767	-2.51	0
1986	3	26.51	996.855	2.646	-1.184	0
1986	4	26.596	996.944	-2.8	0.322	0
1986	5	26.492	997.342	-3.652	2.436	0
1986	6	26.356	996.498	-5.937	1.127	0
1986	7	26.02	997.951	-5.878	1.387	0
1986	8	25.743	996.882	-6.264	2.336	0
1986	9	26.12	998.086	-5.804	3.012	0
1986	10	26.799	998.301	-3.925	0.958	0
1986	11	27.009	997.398	-2.591	-0.321	0
1986	12	26.747	998.356	-3.052	-1.381	0
1987	1	26.373	998.063	2.389	-2.49	0
1987	2	26.204	999.063	2.153	-2.043	0
1987	3	26.247	998.788	0.879	-1.827	0
1987	4	26.567	998.302	2.9	-0.621	0
1987	5	26.437	998.164	-2.752	0.755	0
1987	6	26.247	997.815	-4.904	1.074	0
1987	7	25.577	998.783	-5.845	1.944	0
1987	8	25.268	998.456	-6.28	2.77	0
1987	9	25.39	998.586	-5.61	1.768	0
1987	10	26.468	998.065	-4.077	0.562	0
1987	11	27.116	997.115	-0.877	-0.403	0
1987	12	27.14	997.581	2.53	-1.772	0
1988	1	26.766	996.9	1.075	-2.721	0
1988	2	26.619	997.204	0.687	-1.407	0
1988	3	27.014	996.032	0.879	-0.78	0
1988	4	26.844	997.148	-1.916	-0.187	0
1988	5	27.016	996.799	-0.833	1.187	0
1988	6	25.841	997.661	-6.655	2.967	0
1988	7	25.639	997.537	-7.621	2.495	0
1988	8	25.877	997.659	-6.784	2.415	0
1988	9	26.297	996.599	-6.143	1.723	0
1988	10	26.896	996.226	-2.182	-0.084	0
1988	11	27.045	996.197	1.406	-0.499	0
1988	12	26.456	996.942	-1.76	-1.369	0
1989	1	26.827	995.532	2.573	-2.563	0
1989	2	26.396	996.892	4.654	-3.241	0
1989	3	26.125	996.404	1.28	-0.96	0
1989	4	26.87	996.144	1.286	0.558	0
1989	5	26.615	996.279	-3.991	1.684	0
1989	6	26.03	997.757	-5.976	3.073	0
1989	7	25.67	997.23	-5.486	2.281	0
1989	8	25.88	997.235	-6.435	3.102	0
1989	9	25.969	997.51	-6.073	2.659	0
1989	10	26.498	997.242	-3.259	1.491	0
1989	11	26.766	997.229	-2.31	-0.722	0
1989	12	26.64	997.764	-0.392	-2.216	0
1990	1	26.497	997.019	3.717	-3.071	0
1990	2	26.248	998.851	0.654	-1.785	0
1990	3	26.307	998.431	1.708	-0.871	0
1990	4	26.765	996.747	-1.494	-0.169	0
1990	5	26.855	996.184	-5.072	2.04	0
1990	6	26.105	997.083	-6.184	2.1	0
1990	7	25.581	997.63	-4.936	2.226	0
1990	8	25.394	997.681	-6.905	2.356	0
1990	9	25.854	997.981	-6.412	1.318	0
1990	10	26.367	997.575	-4.569	0.551	0
1990	11	27.094	997.175	-2.743	0.171	0
1990	12	26.65	997.33	1.56	-1.946	0
1991	1	26.465	997.228	2.662	-2.73	0
1991	2	26.196	997.736	1.761	-2.17	0
1991	3	26.214	997.791	-1.043	-0.355	0
1991	4	26.544	996.833	-1.881	0.275	0
1991	5	26.341	997.253	-4.334	1.102	0
1991	6	25.93	997.542	-3.892	1.602	0
1991	7	25.055	997.9	-6.888	2.339	0
1991	8	24.878	998.118	-4.906	1.954	0
1991	9	25.012	998.857	-4.131	1.175	0
1991	10	25.719	997.42	-4.996	1.116	0
1991	11	26.447	997.79	-2.293	-0.375	0
1991	12	26.242	997.559	-0.9	-1.986	0
1992	1	25.894	999.527	1.522	-3.309	0
1992	2	26.075	998.568	4.434	-3.651	0
1992	3	26.011	998.698	0.835	-1.548	0
1992	4	26.449	997.579	-0.889	-0.383	0
1992	5	26.49	996.813	-3.553	1.574	0
1992	6	25.71	996.641	-6.302	3.171	0
1992	7	24.841	998.302	-6.302	2.609	0
1992	8	24.888	997.783	-5.934	1.805	0
1992	9	25.845	997.484	-5.63	2.071	0
1992	10	26.201	997.18	-3.947	0.629	0
1992	11	24.684	997.512	-1.443	-0.321	0
1992	12	24.633	998.132	-0.654	-2.387	0
1993	1	24.688	997.671	0.463	-2.164	0
1993	2	24.105	998.326	-0.823	-1.928	0
1993	3	25.893	998.297	2.05	-0.876	0
1993	4	25.966	997.854	-0.055	-0.218	0
1993	5	25.733	997.518	-4.252	2.439	0
1993	6	25.381	997.867	-6.776	2.695	0
1993	7	24.925	997.774	-6.67	2.181	0
1993	8	24.754	999.113	-6.761	2.81	0
1993	9	25.036	998.688	-6.507	2.226	0
1993	10	25.78	998.539	-5.616	1.106	0
1993	11	26.534	996.575	-1.32	-0.011	0
1993	12	26.595	996.445	0.887	-1.041	0
1994	1	26.123	996.769	1.23	-2.109	0
1994	2	26.217	996.71	3.584	-2.588	0
1994	3	26.034	997.764	0.568	-0.36	0
1994	4	26.09	996.953	-2.921	0.864	0
1994	5	26.01	997.48	-5.173	2.587	0
1994	6	25.575	997.22	-7.666	2.476	0
1994	7	24.822	997.698	-8.512	2.758	0
1994	8	24.581	998.428	-8.103	2.376	0
1994	9	24.775	998.652	-6.287	1.915	0
1994	10	25.886	998.183	-5.862	1.063	0
1994	11	26.526	997.287	-2.787	-0.41	0
1994	12	26.562	997.834	-2.322	-1.731	0
1995	1	26.408	997.788	1.367	-3.206	0
1995	2	26.182	997.888	3.186	-2.392	0
1995	3	26.205	997.271	1.38	-1.089	0
1995	4	26.298	996.928	-0.295	0.058	0
1995	5	26.283	997.117	-3.958	2.113	0
1995	6	25.802	997.078	-6.26	2.801	0
1995	7	24.916	997.126	-6.731	2.506	0
1995	8	25.093	997.458	-7.346	3.426	0
1995	9	25.708	998.053	-7.125	2.487	0
1995	10	26.211	996.543	-5.25	1.517	0
1995	11	26.699	996.599	1.539	-0.764	0
1995	12	26.435	997.013	-0.271	-2.129	0
1996	1	25.985	996.26	1.347	-2.828	0
1996	2	25.756	996.416	3.273	-2.773	0
1996	3	26.292	996.413	1.692	-1.541	0
1996	4	26.559	996.411	1.586	0.167	0
1996	5	26.01	997.514	-2.631	1.981	0
1996	6	25.839	997.284	-6.059	1.81	0
1996	7	25.455	997.065	-6.555	2.614	0
1996	8	25.448	997.651	-5.881	2.625	0
1996	9	25.912	996.339	-3.342	2.902	0
1996	10	26.319	996.805	-3.042	1.075	0
1996	11	26.309	996.071	-1.172	0.05	0
1996	12	26.574	996.101	1.913	-1.355	0
1997	1	25.953	997.506	3.802	-3.492	0
1997	2	26.074	996.198	5.727	-3.707	0
1997	3	25.996	998.458	-3.325	-0.266	0
1997	4	26.131	998.245	-0.98	-0.153	0
1997	5	26.165	997.517	-0.758	0.809	0
1997	6	25.815	998.403	-7.132	2.361	0
1997	7	25.325	998.276	-7.435	2.544	0
1997	8	24.914	999.284	-7.366	3.579	0
1997	9	25.279	999.73	-5.94	2.265	0
1997	10	26.073	999.447	-6.347	0.853	0
1997	11	26.38	998.786	-5.992	0.972	0
1997	12	26.59	998.15	-4.334	0.409	0
1998	1	26.749	998.716	-4.52	-1.141	0
1998	2	26.694	999.725	-0.574	-2.248	0
1998	3	26.806	998.802	1.333	-1.87	0
1998	4	26.57	998.182	1.728	-0.859	0
1998	5	26.786	997.149	-0.945	1.293	0
1998	6	26.665	997.424	-6.728	2.882	0
1998	7	26.061	997.464	-6.54	1.767	0
1998	8	25.751	997.866	-6.741	2.701	0
1998	9	26.345	997.507	-5.988	2.618	0
1998	10	26.726	996.77	-4.25	1.9	0
1998	11	27.011	995.994	-3.164	-0.348	0
1998	12	26.746	996.085	-1.467	-0.552	0
1999	1	27.318	994.692	0.206	-2.799	0
1999	2	27.274	996.66	-0.053	-1.454	0
1999	3	27.4	994.5	2.592	-1.383	0
1999	4	27.453	995.711	-0.905	0.928	0
1999	5	27.048	996.643	-5.323	2.795	0
1999	6	26.606	997.079	-5.892	3.059	0
1999	7	25.858	996.883	-6.818	2.297	0
1999	8	25.78	997.901	-7.296	2.529	0
1999	9	26.242	997.276	-6.481	2.091	0
1999	10	26.954	996.567	-3.462	0.265	0
1999	11	27.214	995.849	-0.939	-1.641	0
1999	12	27.427	995.326	0.437	-2.443	0
2000	1	27.172	995.811	4.582	-3.3	0
2000	2	26.931	995.646	5.268	-3.559	0
2000	3	26.907	995.83	2.98	-1.346	0
2000	4	27.268	995.915	0.652	0.181	0
2000	5	27.204	996.397	-5.624	1.388	0
2000	6	26.363	996.942	-5.635	2.221	0
2000	7	25.796	996.53	-5.818	1.727	0
2000	8	25.889	996.916	-4.49	2.44	0
2000	9	26.772	997.117	-5.472	2.165	0
2000	10	27.247	995.86	-3.7	1.437	0
2000	11	27.633	995.072	-0.227	-0.366	0
2000	12	27.553	995.167	0.15	-2.231	0
2001	1	27.122	995.874	4.828	-4.4	0
2001	2	27.202	994.994	1.851	-2.008	0
2001	3	27.15	996.44	-0.83	-0.876	0
2001	4	27.376	996.301	-1.174	-0.069	0
2001	5	27.119	996.672	-4.819	2.322	0
2001	6	26.674	996.5	-3.987	1.785	0
2001	7	26.051	996.856	-5.988	1.799	0
2001	8	25.625	997.096	-6.478	2.165	0
2001	9	26.352	997.172	-4.876	2.032	0
2001	10	27.214	996.721	-3.051	0.737	0
2001	11	27.519	996.279	0.672	-1.826	0
2001	12	27.381	997.32	0.164	-2.493	0
2002	1	27.208	997.296	3.23	-3.47	0
2002	2	26.919	998.253	3.058	-3.029	0
2002	3	26.959	997.092	1.675	-2.07	0
2002	4	27.251	996.446	-2.702	-0.498	0
2002	5	26.982	997.022	-2.496	1.311	0
2002	6	26.277	997.261	-4.265	0.452	0
2002	7	25.664	998.108	-5.158	2.41	0
2002	8	25.39	997.877	-6.128	2.429	0
2002	9	25.7	998.605	-5.932	2.761	0
2002	10	26.801	997.364	-6.128	1.355	0
2002	11	27.588	996.744	-3.845	0.3	0
2002	12	27.62	997.581	-1.786	-0.869	0
2003	1	27.627	997.843	2.776	-2.839	0
2003	2	27.026	997.041	4.006	-2.64	0
2003	3	27.097	997.518	0.279	-1.084	0
2003	4	27.468	996.791	-1.278	-0.507	0
2003	5	26.895	996.625	-3.52	2.788	0
2003	6	26.465	997.319	-5.281	2.401	0
2003	7	25.793	997.755	-7.758	1.396	0
2003	8	25.807	997.612	-5.474	2.065	0
2003	9	26.224	997.951	-6.758	2.557	0
2003	10	26.916	997.388	-3.5	1.039	0
2003	11	27.341	996.59	-1.192	-0.96	0
2003	12	27.195	996.656	-1.331	-1.905	0
2004	1	26.918	997.236	-1.534	-2.304	0
2004	2	26.829	997.039	3.088	-3.177	0
2004	3	27.261	996.613	2.806	-1.436	0
2004	4	27.424	997.038	-2.113	0.569	0
2004	5	27.122	996.563	-0.114	0.525	0
2004	6	26.175	998.022	-6.225	2.332	0
2004	7	25.534	997.669	-5.84	2.331	0
2004	8	25.101	998.06	-6.86	3.086	0
2004	9	25.664	998.187	-5.419	2.511	0
2004	10	26.52	997.911	-5.468	1.584	0
2004	11	27.332	996.844	-1.324	-1.798	0
2004	12	27.2	996.637	-2.021	-2.055	0
2005	1	26.831	997.236	-0.35	-2.44	0
2005	2	26.799	998.349	1.535	-2.36	0
2005	3	27.287	998.022	0.419	-0.761	0
2005	4	27.096	997.903	0.123	-0.645	0
2005	5	26.705	997.068	-3.496	1.247	0
2005	6	26.411	996.843	-6.225	2.326	0
2005	7	25.888	997.629	-7.141	2.805	0
2005	8	25.823	997.73	-6.369	2.513	0
2005	9	26.083	997.619	-4.881	2.463	0
2005	10	27.019	997.097	-2.987	0.94	0
2005	11	27.33	996.485	-1.767	-0.341	0
2005	12	27.281	995.974	-0.511	-1.645	0
2006	1	26.732	996.054	0.328	-3.077	0
2006	2	26.793	996.766	1.127	-2.664	0
2006	3	26.832	996.305	-0.647	-0.541	0
2006	4	26.677	996.405	-1.713	1.325	0
2006	5	26.799	997.23	-4.026	2.937	0
2006	6	26.07	997.264	-7.155	1.922	0
2006	7	25.57	997.997	-6.888	2.596	0
2006	8	25.216	997.806	-7.042	3.326	0
2006	9	25.52	998.048	-7.286	2.352	0
2006	10	26.071	998.26	-6.299	1.559	0
2006	11	26.727	996.793	-6.229	0.099	0
2006	12	27.16	996.308	-4.436	-1.565	0
2007	1	26.971	997.092	-1.758	-3.034	0
2007	2	26.434	997.334	0.682	-2.892	0
2007	3	26.414	996.769	2.711	-1.626	0
2007	4	26.579	997.027	0.674	0.743	0
2007	5	26.449	997.062	-5.348	2.961	0
2007	6	26.191	995.604	-7.475	2.36	0
2007	7	25.383	997.226	-7.849	1.93	0
2007	8	25.123	997.364	-7.732	2.968	0
2007	9	25.803	996.796	-7.611	2.465	0
2007	10	26.556	996.497	-5.805	1.269	0
2007	11	26.878	995.701	-0.795	-1.319	0
2007	12	27.085	995.078	3.656	-1.285	0
2008	1	26.782	995.982	-0.112	-1.684	0
2008	2	26.611	995.934	5.309	-3.041	0
2008	3	26.444	996.208	1.608	0.057	0
2008	4	26.591	995.901	-3.313	1.302	0
2008	5	26.368	996.688	-5.672	2.906	0
2008	6	25.97	997.233	-7.166	2.544	0
2008	7	25.585	997.283	-6.871	1.814	0
2008	8	25.395	997.332	-6.155	1.244	0
2008	9	26.009	997.217	-4.391	1.026	0
2008	10	26.682	997.073	-4.302	0.199	0
2008	11	26.732	995.833	-1.398	-0.844	0
2008	12	26.837	995.61	-1.261	-1.381	0
2009	1	26.734	996.484	0.686	-2.166	0
2009	2	26.729	995.687	4.185	-1.331	0
2009	3	26.576	996.774	2.571	-0.616	0
2009	4	27.21	996.361	-0.143	0.36	0
2009	5	26.837	995.957	-4.27	2.464	0
2009	6	26.028	997.234	-4.863	3.258	0
2009	7	25.689	997.193	-6.645	2.909	0
2009	8	25.649	996.978	-5.363	2.913	0
2009	9	26.318	996.91	-5.148	2.378	0
2009	10	26.524	997.234	-5.164	1.248	0
2009	11	26.994	995.731	-1.62	-0.739	0
2009	12	26.797	996.902	1.099	-1.146	0
2010	1	26.632	997.391	3.141	-2.273	0
2010	2	26.84	998.016	3.085	-1.988	0
2010	3	26.922	997.582	0.995	-0.869	0
2010	4	27.283	997.208	-3.256	1.002	0
2010	5	27.117	995.683	-5.213	2.527	0
2010	6	26.58	997.114	-5.633	2.703	0
2010	7	26.454	996.882	-4.887	1.961	0
2010	8	26.004	996.938	-5.578	2.16	0
2010	9	26.465	996.63	-4.71	2.91	0
2010	10	26.827	995.714	-1.704	1.318	0
2010	11	27.046	995.603	-0.709	0.973	0
2010	12	26.839	994.065	2.159	-1.18	0
2011	1	26.699	994.955	4.405	-2.246	0
2011	2	26.526	995.548	4.218	-1.723	0
2011	3	26.515	995.585	2.176	-0.68	0
2011	4	26.802	996.221	-2.445	1.26	0
2011	5	26.756	996.485	-4.751	3.119	0
2011	6	26.108	996.576	-5.772	2.869	0
2011	7	25.866	996.742	-6.061	3.111	0
2011	8	25.643	997.04	-6.989	3.161	0
2011	9	25.961	997.306	-6.617	2.005	0
2011	10	26.851	996.492	-4.538	0.728	0
2011	11	27.254	995.522	-3.507	0.002	0
2011	12	27.47	995.115	2.994	-2.423	0
2012	1	26.989	995.736	3.71	-3.118	0
2012	2	26.797	995.647	3.549	-2.036	0
2012	3	26.897	995.72	4.176	-1.098	0
2012	4	27.116	996.95	0.198	0.885	0
2012	5	27.135	996.107	-4.061	2.254	0
2012	6	26.144	996.888	-5.442	2.62	0
2012	7	25.728	996.638	-5.754	0.666	0
2012	8	25.453	997.692	-6.519	2.148	0
2012	9	26.035	997.454	-5.486	1.21	0
2012	10	26.735	996.728	-4.389	0.577	0
2012	11	27.196	996.33	-0.429	-0.611	0
2012	12	27.361	995.654	2.839	-2.193	0
2013	1	27.359	996.537	2.522	-2.608	0
2013	2	27.078	995.947	2.097	-2.146	0
2013	3	27.392	997.014	1.318	-1.297	0
2013	4	27.505	996.26	0.642	-1.191	0
2013	5	27.224	996.412	-3.053	2.089	0
2013	6	26.938	995.488	-5.065	2.596	0
2013	7	26.117	996.391	-5.603	2.232	0
2013	8	25.859	997.234	-5.147	1.884	0
2013	9	26.203	996.815	-5.665	1.993	0
2013	10	26.808	997.119	-4.038	1.556	0
2013	11	27.08	995.685	-3.436	0.266	0
2013	12	27.127	995.596	1.757	-2.015	0
2014	1	26.98	996.705	0.75	-2.39	0
2014	2	26.551	996.622	2.826	-2.844	0
2014	3	26.834	997.388	1.059	-1.512	0
2014	4	27.284	996.772	1.059	0.324	0
2014	5	27.208	996.873	-3.813	1.674	0
2014	6	26.504	996.221	-5.25	1.567	0
2014	7	25.744	997.271	-5.202	2.341	0
2014	8	NA	NA	NA	NA	0
2014	9	NA	NA	NA	NA	0
2014	10	NA	NA	NA	NA	0
2014	11	NA	NA	NA	NA	0
2014	12	NA	NA	NA	NA	0
2015	1	NA	NA	NA	NA	0
2015	2	NA	NA	NA	NA	0
2015	3	NA	NA	NA	NA	0
2015	4	NA	NA	NA	NA	0
2015	5	NA	NA	NA	NA	0
2015	6	NA	NA	NA	NA	0
2015	7	NA	NA	NA	NA	0
2015	8	NA	NA	NA	NA	0
2015	9	NA	NA	NA	NA	0
2015	10	NA	NA	NA	NA	0
2015	11	NA	NA	NA	NA	0
2015	12	NA	NA	NA	NA	0
