1948	1	25.145	997.729	-0.946	-0.752	NA
1948	2	25.559	997.803	-1.161	-0.243	NA
1948	3	25.439	997.225	0.669	0.564	NA
1948	4	25.604	997.555	-2.07	1.176	NA
1948	5	25.555	997	-2.993	2.222	NA
1948	6	25.132	997.124	-4.682	3.023	NA
1948	7	25.09	997.205	-5.458	3.485	NA
1948	8	25.304	996.376	-5.744	2.283	NA
1948	9	25.346	996.906	-4.499	1.669	NA
1948	10	25.574	997.056	-4.302	1.073	NA
1948	11	25.666	997.712	-0.069	-0.251	NA
1948	12	25.703	998.014	-0.101	-1.942	NA
1949	1	25.848	997.997	1.397	-2.229	NA
1949	2	25.95	996.358	4.472	-2.653	NA
1949	3	25.794	996.796	0.975	-0.062	NA
1949	4	26.122	997.186	0.373	1.199	NA
1949	5	25.907	996.493	-4.312	3.112	NA
1949	6	25.314	997.255	-6.584	3.064	NA
1949	7	25.066	997.383	-7.541	2.494	NA
1949	8	24.959	997.425	-7.366	2.534	NA
1949	9	25.424	997.173	-7.001	2.377	NA
1949	10	25.875	996.551	-3.818	1.429	NA
1949	11	26.273	996.223	-0.595	-0.993	NA
1949	12	26.441	994.515	0.928	-1.722	NA
1950	1	26.357	995.594	2.781	-2.042	NA
1950	2	26.255	995.995	3.96	-2.413	NA
1950	3	26.723	996.023	0.592	-0.242	NA
1950	4	26.265	995.403	-0.4	1.539	NA
1950	5	25.95	996.068	-3.877	3.223	NA
1950	6	25.854	996.19	-6.185	3.166	NA
1950	7	25.359	997.309	-7.039	3.163	NA
1950	8	25.19	997.458	-6.443	2.756	NA
1950	9	25.487	997.397	-5.404	2.591	NA
1950	10	25.971	997.005	-1.772	1.074	NA
1950	11	26.383	995.229	0.925	-0.526	NA
1950	12	26.267	996.109	0.476	-1.439	NA
1951	1	25.928	997.142	3.205	-2.481	NA
1951	2	26.335	996.052	2.723	-1.974	NA
1951	3	26.228	997.093	-2.71	0.027	NA
1951	4	26.172	997.062	-2.309	0.617	NA
1951	5	25.996	997.784	-4.704	2.148	NA
1951	6	25.923	997.338	-6.489	3.688	NA
1951	7	25.44	997.762	-6.458	3.361	NA
1951	8	25.645	998.074	-6.508	3.317	NA
1951	9	25.768	997.74	-6.557	2.385	NA
1951	10	26.394	997.955	-5.638	1.395	NA
1951	11	26.556	996.833	-5.258	-0.177	NA
1951	12	26.621	997.12	-3.146	-1.256	NA
1952	1	26.333	997.542	-0.42	-2.013	NA
1952	2	26.418	996.618	0.427	-1.091	NA
1952	3	26.329	996.85	-1.226	-0.287	NA
1952	4	26.601	997.696	-3.362	0.858	NA
1952	5	26.384	996.865	-4.081	2.579	NA
1952	6	25.933	997.323	-7.255	3.096	NA
1952	7	25.45	997.771	-7.313	3.188	NA
1952	8	25.43	997.36	-7.236	3.426	NA
1952	9	25.697	997.501	-6.312	2.17	NA
1952	10	26.458	997.093	-4.591	0.936	NA
1952	11	26.599	996.318	-2.347	-0.516	NA
1952	12	26.514	997.936	-0.432	-1.727	NA
1953	1	26.1	997.606	0.222	-2.121	NA
1953	2	25.988	998.209	-0.737	-0.813	NA
1953	3	26.418	997.111	-2.286	0.278	NA
1953	4	26.35	996.901	-3.034	0.944	NA
1953	5	26.018	997.875	-4.983	2.45	NA
1953	6	25.807	997.182	-6.883	2.746	NA
1953	7	25.336	998.109	-7.983	3.469	NA
1953	8	25.225	997.461	-7.37	3.307	NA
1953	9	25.871	998.013	-6.362	2.331	NA
1953	10	26.334	997.623	-6.024	1.089	NA
1953	11	26.653	997.442	-2.303	-1.029	NA
1953	12	26.517	997.195	-1.839	-1.575	NA
1954	1	26.269	995.717	2.381	-1.654	NA
1954	2	26.296	996.945	1.206	-0.363	NA
1954	3	26.326	996.634	-0.9	0.09	NA
1954	4	26.652	996.117	-0.891	1.063	NA
1954	5	26.23	995.556	-5.22	2.052	NA
1954	6	25.791	996.402	-5.282	2.528	NA
1954	7	25.275	996.333	-6.063	3.13	NA
1954	8	25.27	996.188	-5.853	2.624	NA
1954	9	25.477	996.549	-6.054	2.329	NA
1954	10	25.918	996.957	-2.925	0.681	NA
1954	11	26.434	996.585	0.068	-1.556	NA
1954	12	26.336	995.325	1.656	-1.755	NA
1955	1	25.994	997.689	1.963	-2.027	NA
1955	2	26.234	994.614	4.175	-2.209	NA
1955	3	26.224	996.341	-0.191	-0.524	NA
1955	4	26.42	995.6	0.645	0.746	NA
1955	5	26.579	995.379	-3.813	3.099	NA
1955	6	26.052	996.185	-5.463	3.941	NA
1955	7	25.44	996.57	-6.126	3.165	NA
1955	8	25.436	996.48	-6.032	2.47	NA
1955	9	25.809	996.278	-6.212	2.469	NA
1955	10	26.247	995.989	-3.301	0.371	NA
1955	11	26.606	995.098	-1.128	-0.798	NA
1955	12	26.333	995.975	0.028	-1.723	NA
1956	1	26.35	994.984	2.585	-2.409	NA
1956	2	26.257	995.393	2.585	-2.089	NA
1956	3	26.456	996.277	0.954	0.382	NA
1956	4	26.589	995.005	-1.381	1.661	NA
1956	5	26.561	995.317	-4.814	2.322	NA
1956	6	26.131	996.224	-7.083	2.896	NA
1956	7	25.695	996.416	-6.778	3.08	NA
1956	8	25.568	996.119	-6.107	3.41	NA
1956	9	25.894	996.205	-5.819	2.242	NA
1956	10	26.294	996.447	-4.857	0.863	NA
1956	11	26.737	996.198	-3.12	-0.822	NA
1956	12	26.669	995.608	-1.082	-1.28	NA
1957	1	26.379	996.103	0.693	-1.472	NA
1957	2	26.203	996.766	3.646	-2.121	NA
1957	3	26.346	997.018	-0.435	-0.253	NA
1957	4	26.744	996.754	-1.367	0.818	NA
1957	5	26.159	996.781	-2.528	1.594	NA
1957	6	26.321	996.547	-4.078	1.852	NA
1957	7	26.182	996.12	-6.23	2.008	NA
1957	8	25.678	996.309	-6.001	2.522	NA
1957	9	25.764	997.167	-5.039	1.773	NA
1957	10	26.503	997.259	-5.808	1.194	NA
1957	11	27.082	997.207	-5.097	-0.353	NA
1957	12	26.907	995.967	-2.197	-1.353	NA
1958	1	26.566	998.175	-0.871	-2.033	NA
1958	2	26.245	998.262	1.893	-1.224	NA
1958	3	26.676	997.019	2.021	-1.148	NA
1958	4	26.607	996.551	0.152	0.357	NA
1958	5	26.759	996.013	-1.159	1.749	NA
1958	6	26.583	996.093	-6.533	3.579	NA
1958	7	26.121	996.527	-7.391	3.361	NA
1958	8	26.186	995.993	-7.006	2.9	NA
1958	9	26.224	996.506	-5.931	2.587	NA
1958	10	26.876	996.246	-2.915	1.357	NA
1958	11	27.019	996.221	-1.98	0.384	NA
1958	12	26.953	996.974	-0.079	-1.792	NA
1959	1	26.39	997.601	0.296	-1.835	NA
1959	2	26.378	997.72	0.618	-1.032	NA
1959	3	26.752	996.688	2.561	-0.637	NA
1959	4	26.507	996.32	0.969	0.377	NA
1959	5	26.461	995.536	-1.743	1.394	NA
1959	6	25.803	996.896	-6.053	2.025	NA
1959	7	25.408	997.155	-6.147	3.095	NA
1959	8	24.692	996.618	-6.758	2.76	NA
1959	9	25.924	996.566	-5.907	1.908	NA
1959	10	26.632	996.864	-3.271	0.895	NA
1959	11	27.301	995.51	-1.323	-0.875	NA
1959	12	27.106	995.882	2.593	-2.143	NA
1960	1	26.691	996.339	2.619	-2.792	NA
1960	2	26.333	996.532	4.346	-2.465	NA
1960	3	26.432	996.42	0.686	-0.311	NA
1960	4	27.016	995.701	-1.622	0.789	NA
1960	5	26.923	995.694	-5.067	2.321	NA
1960	6	25.965	996.434	-6.764	2.8	NA
1960	7	25.816	996.399	-6.473	2.142	NA
1960	8	25.6	996.334	-6.199	2.436	NA
1960	9	26.138	996.2	-5.43	2.234	NA
1960	10	26.733	996.808	-5.082	0.7	NA
1960	11	27.17	996.564	-0.877	-0.573	NA
1960	12	26.906	996.335	0.974	-2.333	NA
1961	1	26.517	996.84	-0.444	-2.192	NA
1961	2	26.684	995.159	2.691	-1.497	NA
1961	3	26.324	997.323	-2.213	-0.524	NA
1961	4	26.713	995.589	-4.264	0.318	NA
1961	5	26.539	995.754	-5.732	2.35	NA
1961	6	25.83	996.338	-6.627	3.157	NA
1961	7	25.244	996.897	-8.049	2.831	NA
1961	8	25.243	996.852	-8.281	2.246	NA
1961	9	25.59	996.827	-7.372	2.583	NA
1961	10	26.28	996.637	-7.052	0.795	NA
1961	11	26.442	996.39	-5.172	-0.931	NA
1961	12	26.877	995.182	-0.794	-2.217	NA
1962	1	26.374	995.14	1.63	-2.633	NA
1962	2	25.923	996.837	1.334	-2.398	NA
1962	3	25.952	996.271	-0.539	-0.841	NA
1962	4	26.081	996.22	-2.297	0.891	NA
1962	5	26.055	995.561	-3.343	1.052	NA
1962	6	25.628	996.526	-5.527	1.281	NA
1962	7	25.334	996.116	-6.825	1.906	NA
1962	8	24.998	997.403	-7.462	1.319	NA
1962	9	25.498	996.573	-6.713	0.927	NA
1962	10	26.426	996.294	-4.86	-0.264	NA
1962	11	26.532	996.089	-4.685	-1.382	NA
1962	12	26.138	996.398	-2.43	-1.811	NA
1963	1	26.133	995.748	2.017	-2.938	NA
1963	2	25.886	997.279	0.795	-2.123	NA
1963	3	25.877	996.54	1.523	-1.269	NA
1963	4	26.026	996.276	-4.612	0.536	NA
1963	5	26.185	995.53	-5.417	1.063	NA
1963	6	25.558	997.347	-7.514	1.712	NA
1963	7	24.914	996.915	-7.598	2.202	NA
1963	8	24.93	996.884	-8.188	1.859	NA
1963	9	25.401	997.427	-6.25	1.311	NA
1963	10	25.592	997.788	-5.622	1.022	NA
1963	11	25.949	996.941	-4.942	-0.572	NA
1963	12	26.246	997.17	-2.395	-1.325	NA
1964	1	26.37	996.925	0.697	-2.334	NA
1964	2	26.338	996.302	0.191	-1.678	NA
1964	3	26.328	996.741	-0.355	-0.892	NA
1964	4	26.751	995.461	-0.643	0.187	NA
1964	5	26.702	995.298	-2.055	1.628	NA
1964	6	25.911	995.997	-6.473	2.613	NA
1964	7	25.797	996.172	-7.185	2.017	NA
1964	8	25.352	996.045	-7.623	3.375	NA
1964	9	26.16	995.414	-6.37	2.04	NA
1964	10	26.682	995.806	-4.877	0.615	NA
1964	11	26.901	995.037	-4.654	-0.082	NA
1964	12	26.27	996.042	-2.176	-1.437	NA
1965	1	26.174	996.434	1.219	-2.582	NA
1965	2	26.403	995.216	3.867	-2.553	NA
1965	3	26.275	996.388	0.692	-0.527	NA
1965	4	26.057	996.624	-3.592	0.736	NA
1965	5	26.385	995.923	-1.725	2.192	NA
1965	6	25.767	997.481	-5.075	2.75	NA
1965	7	24.782	997.135	-6.905	2.795	NA
1965	8	25.179	997.082	-6.512	2.092	NA
1965	9	25.624	997.34	-6.648	2.153	NA
1965	10	26.239	997.193	-5.728	1.181	NA
1965	11	26.665	997.005	-2.769	-0.387	NA
1965	12	26.71	995.753	0.494	-0.548	NA
1966	1	25.631	997.919	-0.105	-1.175	NA
1966	2	25.775	997.069	1.023	-1.823	NA
1966	3	26.287	996.455	0.589	-0.386	NA
1966	4	26.581	996.374	-4.406	1.019	NA
1966	5	26.316	996.891	-6.05	2.986	NA
1966	6	25.728	997.89	-6.01	2.673	NA
1966	7	25.457	996.571	-6.999	1.692	NA
1966	8	25.563	997.072	-5.625	1.465	NA
1966	9	25.936	997.362	-5.952	1.808	NA
1966	10	26.278	997.071	-5.305	0.572	NA
1966	11	26.581	996.164	-2.891	-0.144	NA
1966	12	26.58	995.411	0.607	-0.957	NA
1967	1	26.055	996.227	0.748	-1.659	NA
1967	2	26.052	996.325	2.662	-1.892	NA
1967	3	25.958	996.79	-2.274	-0.156	NA
1967	4	26.312	997.234	-2.356	0.831	NA
1967	5	26.291	996.425	-2.748	2.098	NA
1967	6	25.761	996.549	-6.586	1.922	NA
1967	7	25.397	996.853	-6.255	2.152	NA
1967	8	25.365	997.368	-6.715	2.38	NA
1967	9	25.678	997.796	-6.159	1.779	NA
1967	10	26.487	997.53	-6.414	1.545	NA
1967	11	26.69	996.62	-4.734	-0.27	NA
1967	12	26.485	997.454	2.262	-1.764	NA
1968	1	26.191	995.92	3.377	-2.553	NA
1968	2	25.806	997.612	0.849	-2.254	NA
1968	3	26.17	996.423	1.876	-1.162	NA
1968	4	26.49	997.284	-0.902	0.863	NA
1968	5	26.673	996.393	-3.902	2.364	NA
1968	6	26.217	997.22	-6.717	3.935	NA
1968	7	25.944	997.1	-7.025	3.844	NA
1968	8	25.944	997.287	-5.742	3.542	NA
1968	9	26.178	997.391	-6.243	2.868	NA
1968	10	26.384	997.492	-5.355	0.89	NA
1968	11	26.538	997.892	-4.096	0.585	NA
1968	12	26.658	996.261	-1.006	-0.929	NA
1969	1	26.241	996.538	-1.028	-2.001	NA
1969	2	26.263	997.396	1.496	-1.455	NA
1969	3	26.466	997.619	-1.624	0.004	NA
1969	4	26.568	997.708	-2.917	0.935	NA
1969	5	26.636	996.43	-4.453	2.434	NA
1969	6	26.35	997.232	-5.81	3.054	NA
1969	7	25.543	997.592	-5.392	2.353	NA
1969	8	25.434	997.864	-5.87	1.253	NA
1969	9	25.949	996.827	-5.747	1.614	NA
1969	10	26.251	997.269	-5.243	0.851	NA
1969	11	26.885	996.856	-3.579	0.319	NA
1969	12	26.787	997.002	-2.705	-0.606	NA
1970	1	26.68	997.809	-0.489	-1.341	NA
1970	2	26.405	997.769	2.587	-2.089	NA
1970	3	26.714	996.606	0.749	-0.957	NA
1970	4	26.64	997.099	-1.461	0.245	NA
1970	5	26.528	996.197	-4.993	1.932	NA
1970	6	26.161	996.928	-5.751	0.975	NA
1970	7	25.481	997.618	-6.429	2.594	NA
1970	8	25.458	996.671	-6	2.871	NA
1970	9	26.132	996.103	-6.296	1.564	NA
1970	10	26.907	995.814	-3.043	0.981	NA
1970	11	26.978	996.102	-0.099	0.247	NA
1970	12	26.718	995.54	1.661	-1.852	NA
1971	1	26.278	996.044	2.565	-2.656	NA
1971	2	26.198	995.197	5.138	-3.091	NA
1971	3	26.264	996.323	1.316	-0.442	NA
1971	4	26.411	996.02	-2.891	0.824	NA
1971	5	26.342	995.962	-4.064	2.393	NA
1971	6	25.765	997.026	-5.217	3.025	NA
1971	7	25.175	996.519	-4.31	2.1	NA
1971	8	25.37	996.889	-4.297	1.814	NA
1971	9	25.943	996.458	-4.348	1.542	NA
1971	10	26.593	996.67	-1.879	0.56	NA
1971	11	26.722	996.509	-0.606	-1.334	NA
1971	12	26.575	995.807	0.508	-1.109	NA
1972	1	26.328	996.484	0.884	-1.932	NA
1972	2	26.454	995.691	2.354	-2.564	NA
1972	3	26.275	996.823	-0.417	-1.447	NA
1972	4	26.173	997.328	-1.957	0.364	NA
1972	5	26.18	997.061	-3.575	2.195	NA
1972	6	25.689	996.66	-5.344	1.616	NA
1972	7	25.16	997.044	-7.314	2.671	NA
1972	8	25.166	997.745	-5.97	2.305	NA
1972	9	25.597	997.556	-6.115	2.236	NA
1972	10	26.308	997.985	-6.021	0.901	NA
1972	11	26.983	996.919	-4.28	0.402	NA
1972	12	26.79	997.986	-3.145	-0.744	NA
1973	1	26.545	997.453	1.79	-2.844	NA
1973	2	26.585	998.183	1.444	-1.802	NA
1973	3	26.71	997.097	0.719	-0.722	NA
1973	4	27.035	996.259	0.49	0.261	NA
1973	5	26.781	996.673	-5.305	2.513	NA
1973	6	26.809	996.412	-6.718	4.106	NA
1973	7	26.295	996.338	-6.638	3.065	NA
1973	8	26.34	996.568	-5.189	3.507	NA
1973	9	26.426	997.325	-4.423	1.823	NA
1973	10	26.838	995.634	-4.747	0.561	NA
1973	11	27.164	995.648	-1.575	-0.209	NA
1973	12	26.918	995.758	3.188	-1.899	NA
1974	1	26.297	995.24	4.212	-3.719	NA
1974	2	26.169	995.526	3.568	-2.579	NA
1974	3	26.149	996.637	-0.775	-0.176	NA
1974	4	26.647	996.116	-1.869	0.546	NA
1974	5	26.574	996.353	-3.854	2.439	NA
1974	6	25.985	996.615	-4.023	2.688	NA
1974	7	25.638	997.191	-6.371	3.437	NA
1974	8	25.847	996.603	-6.457	3.179	NA
1974	9	26.35	996.749	-4.98	2.566	NA
1974	10	26.771	996.032	-3.826	1.011	NA
1974	11	27.067	995.662	-1.982	-0.912	NA
1974	12	26.533	995.868	-0.546	-2.109	NA
1975	1	26.262	996.949	1.039	-2.499	NA
1975	2	26.125	996.863	2.619	-1.514	NA
1975	3	26.279	996.538	2.843	-0.673	NA
1975	4	26.663	995.621	-2.204	1.083	NA
1975	5	26.471	996.112	-4.974	2.083	NA
1975	6	25.949	996.64	-5.032	2.533	NA
1975	7	25.585	996.962	-6.145	1.64	NA
1975	8	25.756	996.239	-5.653	2.031	NA
1975	9	26.083	996.501	-4.437	1.27	NA
1975	10	26.582	996.123	-0.354	0.885	NA
1975	11	26.704	996.35	-1.976	-0.087	NA
1975	12	26.481	995.24	-0.648	-1.454	NA
1976	1	25.994	996.195	0.782	-2.932	NA
1976	2	25.872	996.612	-0.786	-1.594	NA
1976	3	26.092	996.277	2.11	-0.717	NA
1976	4	26.266	997.298	-1.834	0.876	NA
1976	5	25.864	997.312	-2.752	2.24	NA
1976	6	25.359	997.117	-4.454	2.012	NA
1976	7	24.931	997.98	-5.99	2.398	NA
1976	8	25.006	998.152	-5.896	2.156	NA
1976	9	25.654	998.235	-4.927	1.751	NA
1976	10	26.621	997.29	-3.709	1.184	NA
1976	11	27.195	996.329	-1.673	0.057	NA
1976	12	27.044	996.444	-1.481	-1.017	NA
1977	1	26.78	996.567	-0.617	-2.416	NA
1977	2	26.434	996.951	2.004	-1.526	NA
1977	3	26.117	998.197	-1.57	0.11	NA
1977	4	26.718	997.099	-2.498	0.927	NA
1977	5	26.688	997.147	-3.783	1.91	NA
1977	6	25.905	997.219	-6.054	2.839	NA
1977	7	25.362	996.699	-7.398	1.084	NA
1977	8	25.295	997.73	-6.343	2.829	NA
1977	9	25.905	997.739	-6.383	1.984	NA
1977	10	26.368	998.243	-6.155	0.602	NA
1977	11	26.782	997.53	-3.357	-0.38	NA
1977	12	26.663	997.842	0.821	-2.266	NA
1978	1	26.545	997.718	2.916	-3.127	NA
1978	2	26.407	999.08	1.474	-1.647	NA
1978	3	26.667	997.315	1.647	-1.69	NA
1978	4	26.667	997.307	-3.358	0.712	NA
1978	5	27.096	995.514	-3.657	2.279	NA
1978	6	26.414	996.646	-7.445	2.723	NA
1978	7	26.017	996.472	-6.674	3.193	NA
1978	8	25.863	996.816	-6.218	3.788	NA
1978	9	26.21	997.163	-4.876	3.489	NA
1978	10	26.46	996.724	-5.925	1.95	NA
1978	11	26.703	997.252	-3.946	1.107	NA
1978	12	26.78	997.064	-1.67	-1.059	NA
1979	1	26.473	998.15	-0.564	-1.548	NA
1979	2	26.483	997.454	-0.019	-2.006	NA
1979	3	26.527	997.272	1.082	-0.828	NA
1979	4	26.658	996.863	1.088	0.467	NA
1979	5	26.924	997.149	-3.173	2.458	NA
1979	6	26.168	997.211	-6.134	2.9	NA
1979	7	25.515	998.598	-5.393	2.318	NA
1979	8	25.574	997.661	-6.027	2.725	NA
1979	9	26.006	997.587	-3.877	2.002	NA
1979	10	26.57	997.84	-5.301	0.783	NA
1979	11	26.821	996.525	-2.764	0.678	NA
1979	12	26.712	997.866	-0.513	-1.638	NA
1980	1	26.491	996.721	6.111	-4.248	0
1980	2	26.279	997.614	4.112	-2.486	14.3108443708609
1980	3	26.412	997.84	0.623	-0.76	37.0702012383901
1980	4	26.57	996.921	-2.192	0.249	51.35352
1980	5	26.63	997.113	-4.355	1.429	195.200316455696
1980	6	26.168	997.569	-6.743	2.285	257.598000000001
1980	7	25.679	997.859	-6.859	3.526	160.340518638574
1980	8	25.311	998.259	-6.599	3.17	174.042076069731
1980	9	25.629	998.071	-5.167	2.341	332.866584766585
1980	10	26.485	997.674	-3.765	1.023	145.967260940033
1980	11	26.608	996.872	-1.455	-0.446	17.8802643171806
1980	12	26.682	996.283	0.321	-1.205	0.000248756218905473
1981	1	26.308	997.246	2.939	-2.51	0
1981	2	26.048	997.477	2.806	-1.705	25.5620068610635
1981	3	26.192	998.673	-1.37	-0.313	28.611919504644
1981	4	26.704	997.649	-0.567	0.769	91.0026186579378
1981	5	26.858	996.567	-3.381	2.005	148.095510835914
1981	6	26.479	997.448	-5.529	2.872	163.413654946852
1981	7	25.934	996.936	-4.69	1.45	227.824425059477
1981	8	25.567	997.603	-6.387	3.049	197.465265082267
1981	9	25.996	997.256	-4.208	1.63	132.370819672131
1981	10	26.495	997.374	-3.17	0.994	87.5735923869945
1981	11	26.646	996.44	-0.609	-1.044	49.5953608247423
1981	12	26.617	997.545	-1.163	-1.762	0.0831535269709544
1982	1	26.323	997.283	2.077	-3.449	0.0370656370656371
1982	2	26.265	997.292	1.802	-2.388	13.7247448979592
1982	3	26.312	997.257	0.774	-0.511	43.6504538577912
1982	4	26.764	997.494	-0.769	-0.138	83.6031274433151
1982	5	26.437	997.431	-4.386	1.703	120.809682299546
1982	6	25.7	998.364	-5.561	2.852	145.424237685692
1982	7	24.585	998.225	-6.038	3.83	142.91278366112
1982	8	24.632	998.562	-6.54	2.851	214.555597579425
1982	9	24.904	999.132	-5.602	1.963	394.899687255669
1982	10	25.516	998.293	-5.4	1.251	108.336081694402
1982	11	26.157	997.614	-4.416	0.153	38.6966426858513
1982	12	26.525	997.708	0.937	-2.76	1.3357034795764
1983	1	26.404	999.206	2.222	-3.508	3.80247678018576
1983	2	26.36	999.633	3.268	-2.782	4.35283018867924
1983	3	26.662	999.124	3.283	-1.159	4.76818885448916
1983	4	27.043	997.629	1.653	-0.817	27.94008
1983	5	26.713	997.611	-4.328	1.314	134.494387351779
1983	6	26.233	997.671	-6.271	2.564	225.8904
1983	7	25.511	997.757	-6.477	2.813	154.096439628483
1983	8	25.366	998.296	-6.297	3.038	299.556733746131
1983	9	25.813	997.745	-6.245	1.933	224.18592
1983	10	26.846	997.136	-1.358	0.277	229.300773993808
1983	11	27.358	997.736	-1.969	-1.097	26.74104
1983	12	26.692	997.5	0.386	-2.238	0.585759493670886
1984	1	26.529	996.555	4	-2.628	1.19319213313162
1984	2	26.21	995.927	5.234	-2.719	16.7351941747573
1984	3	26.433	997.314	0.245	-0.552	40.2835098335855
1984	4	26.569	996.721	0.225	0.132	102.860828772479
1984	5	26.442	996.694	-2.429	1.397	157.081770045386
1984	6	25.659	996.97	-5.473	3.024	154.722126661455
1984	7	25.545	996.958	-4.518	2.739	152.949394856279
1984	8	25.672	997.015	-5.962	1.881	270.065824782952
1984	9	26.231	997.551	-4.207	1.861	214.109929632526
1984	10	26.736	997.799	-3.339	1.633	142.633204633205
1984	11	27.004	997.154	-2.265	0.183	26.5897763578275
1984	12	26.774	995.664	0.191	-2.504	0.000926640926640927
1985	1	26.619	997.526	1.524	-1.697	17.4578668683812
1985	2	26.735	994.68	6.779	-2.692	32.978313253012
1985	3	26.746	996.821	-2.015	0.39	21.9882753403933
1985	4	27.143	995.621	-1.906	0.814	114.7456606724
1985	5	26.82	995.802	-2.182	1.321	190.691301059002
1985	6	26.309	997.252	-2.017	3	155.158874120407
1985	7	25.415	997.993	-5.006	2.036	170.360968229955
1985	8	25.375	997.484	-5.711	1.972	205.669515885023
1985	9	25.908	997.531	-4.599	2.251	262.154261141517
1985	10	26.388	997.641	-3.11	0.896	143.395915279879
1985	11	27.106	996.95	-0.747	-0.632	28.0941594317285
1985	12	26.956	996.99	-1.668	-1.666	0.00927357032457496
1986	1	26.803	996.153	4.426	-2.897	0
1986	2	26.43	997.735	2.767	-2.51	0.591701592623638
1986	3	26.51	996.855	2.646	-1.184	18.50741301059
1986	4	26.596	996.944	-2.8	0.322	88.2114933541831
1986	5	26.492	997.342	-3.652	2.436	199.463691376702
1986	6	26.356	996.498	-5.937	1.127	121.42799061767
1986	7	26.02	997.951	-5.878	1.387	167.151059001513
1986	8	25.743	996.882	-6.264	2.336	234.12776096823
1986	9	26.12	998.086	-5.804	3.012	170.789201877935
1986	10	26.799	998.301	-3.925	0.958	146.573373676248
1986	11	27.009	997.398	-2.591	-0.321	8.52103205629397
1986	12	26.747	998.356	-3.052	-1.381	2.42723146747353
1987	1	26.373	998.063	2.389	-2.49	0
1987	2	26.204	999.063	2.153	-2.043	10.8450125733445
1987	3	26.247	998.788	0.879	-1.827	23.4651285930408
1987	4	26.567	998.302	2.9	-0.621	53.7295543393276
1987	5	26.437	998.164	-2.752	0.755	101.763540090772
1987	6	26.247	997.815	-4.904	1.074	195.153166536357
1987	7	25.577	998.783	-5.845	1.944	143.711573373676
1987	8	25.268	998.456	-6.28	2.77	182.65915279879
1987	9	25.39	998.586	-5.61	1.768	346.490148553558
1987	10	26.468	998.065	-4.077	0.562	98.2538577912256
1987	11	27.116	997.115	-0.877	-0.403	60.986082877248
1987	12	27.14	997.581	2.53	-1.772	1.40491679273828
1988	1	26.766	996.9	1.075	-2.721	0.493116490166415
1988	2	26.619	997.204	0.687	-1.407	21.0575242718447
1988	3	27.014	996.032	0.879	-0.78	20.2502269288956
1988	4	26.844	997.148	-1.916	-0.187	89.1961688819391
1988	5	27.016	996.799	-0.833	1.187	187.480484114978
1988	6	25.841	997.661	-6.655	2.967	225.018764659891
1988	7	25.639	997.537	-7.621	2.495	144.658547655068
1988	8	25.877	997.659	-6.784	2.415	125.206510219531
1988	9	26.297	996.599	-6.143	1.723	173.188193901486
1988	10	26.896	996.226	-2.182	-0.084	179.257942511347
1988	11	27.045	996.197	1.406	-0.499	1.03932759968726
1988	12	26.456	996.942	-1.76	-1.369	0.000226928895612708
1989	1	26.827	995.532	2.573	-2.563	3.05151285930409
1989	2	26.396	996.892	4.654	-3.241	0.983738474434199
1989	3	26.125	996.404	1.28	-0.96	52.7845688350984
1989	4	26.87	996.144	1.286	0.558	48.512744331509
1989	5	26.615	996.279	-3.991	1.684	200.095688350984
1989	6	26.03	997.757	-5.976	3.073	133.982251759187
1989	7	25.67	997.23	-5.486	2.281	191.892889561271
1989	8	25.88	997.235	-6.435	3.102	231.564599092285
1989	9	25.969	997.51	-6.073	2.659	157.303909304144
1989	10	26.498	997.242	-3.259	1.491	118.716036308623
1989	11	26.766	997.229	-2.31	-0.722	7.54691164972635
1989	12	26.64	997.764	-0.392	-2.216	0
1990	1	26.497	997.019	3.717	-3.071	9.6161119515885
1990	2	26.248	998.851	0.654	-1.785	33.041743503772
1990	3	26.307	998.431	1.708	-0.871	81.1434190620272
1990	4	26.765	996.747	-1.494	-0.169	49.3104769351056
1990	5	26.855	996.184	-5.072	2.04	183.963993948563
1990	6	26.105	997.083	-6.184	2.1	174.045269741986
1990	7	25.581	997.63	-4.936	2.226	212.854084720121
1990	8	25.394	997.681	-6.905	2.356	204.107791225416
1990	9	25.854	997.981	-6.412	1.318	251.612275215012
1990	10	26.367	997.575	-4.569	0.551	169.284190620273
1990	11	27.094	997.175	-2.743	0.171	32.6136825645035
1990	12	26.65	997.33	1.56	-1.946	0
1991	1	26.465	997.228	2.662	-2.73	0.885022692889561
1991	2	26.196	997.736	1.761	-2.17	3.48309012875536
1991	3	26.214	997.791	-1.043	-0.355	21.3723903177004
1991	4	26.544	996.833	-1.881	0.275	31.6172770700637
1991	5	26.341	997.253	-4.334	1.102	146.447428139183
1991	6	25.93	997.542	-3.892	1.602	158.085222830337
1991	7	25.055	997.9	-6.888	2.339	137.454462934947
1991	8	24.878	998.118	-4.906	1.954	275.220953101362
1991	9	25.012	998.857	-4.131	1.175	306.475215011728
1991	10	25.719	997.42	-4.996	1.116	131.153101361574
1991	11	26.447	997.79	-2.293	-0.375	0.000938232994526974
1991	12	26.242	997.559	-0.9	-1.986	4.25060514372163
1992	1	25.894	999.527	1.522	-3.309	17.3031013615734
1992	2	26.075	998.568	4.434	-3.651	13.2924757281553
1992	3	26.011	998.698	0.835	-1.548	2.75559757942511
1992	4	26.449	997.579	-0.889	-0.383	21.0168881939015
1992	5	26.49	996.813	-3.553	1.574	122.298789712557
1992	6	25.71	996.641	-6.302	3.171	222.091946833464
1992	7	24.841	998.302	-6.302	2.609	187.995612708019
1992	8	24.888	997.783	-5.934	1.805	256.418759455371
1992	9	25.845	997.484	-5.63	2.071	191.159343236904
1992	10	26.201	997.18	-3.947	0.629	100.007564296521
1992	11	24.684	997.512	-1.443	-0.321	0.212040656763096
1992	12	24.633	998.132	-0.654	-2.387	12.7633888048412
1993	1	24.688	997.671	0.463	-2.164	1.51838124054463
1993	2	24.105	998.326	-0.823	-1.928	4.74970662196144
1993	3	25.893	998.297	2.05	-0.876	42.8596066565809
1993	4	25.966	997.854	-0.055	-0.218	92.1785770132917
1993	5	25.733	997.518	-4.252	2.439	158.0276096823
1993	6	25.381	997.867	-6.776	2.695	177.55027365129
1993	7	24.925	997.774	-6.67	2.181	182.367104247105
1993	8	24.754	999.113	-6.761	2.81	145.157374517375
1993	9	25.036	998.688	-6.507	2.226	216.328381548084
1993	10	25.78	998.539	-5.616	1.106	71.8627080181544
1993	11	26.534	996.575	-1.32	-0.011	0.685613760750587
1993	12	26.595	996.445	0.887	-1.041	5.49706563706564
1994	1	26.123	996.769	1.23	-2.109	0.0408472012102874
1994	2	26.217	996.71	3.584	-2.588	36.3995808885163
1994	3	26.034	997.764	0.568	-0.36	71.5064296520424
1994	4	26.09	996.953	-2.921	0.864	49.0517591868648
1994	5	26.01	997.48	-5.173	2.587	202.490468986385
1994	6	25.575	997.22	-7.666	2.476	213.945738858484
1994	7	24.822	997.698	-8.512	2.758	86.2663388804843
1994	8	24.581	998.428	-8.103	2.376	245.282450832073
1994	9	24.775	998.652	-6.287	1.915	211.081548084441
1994	10	25.886	998.183	-5.862	1.063	63.4268532526476
1994	11	26.526	997.287	-2.787	-0.41	0.92556684910086
1994	12	26.562	997.834	-2.322	-1.731	1.91096822995461
1995	1	26.408	997.788	1.367	-3.206	1.38086232980333
1995	2	26.182	997.888	3.186	-2.392	12.4232187761945
1995	3	26.205	997.271	1.38	-1.089	32.8096066565809
1995	4	26.298	996.928	-0.295	0.058	54.5458170445661
1995	5	26.283	997.117	-3.958	2.113	168.765204236006
1995	6	25.802	997.078	-6.26	2.801	149.0570758405
1995	7	24.916	997.126	-6.731	2.506	257.619667170953
1995	8	25.093	997.458	-7.346	3.426	186.588880484115
1995	9	25.708	998.053	-7.125	2.487	229.307896794371
1995	10	26.211	996.543	-5.25	1.517	100.915506807867
1995	11	26.699	996.599	1.539	-0.764	16.7927286942924
1995	12	26.435	997.013	-0.271	-2.129	0.230105900151286
1996	1	25.985	996.26	1.347	-2.828	1.87488653555219
1996	2	25.756	996.416	3.273	-2.773	10.2932038834951
1996	3	26.292	996.413	1.692	-1.541	31.0454614220878
1996	4	26.559	996.411	1.586	0.167	115.768334636435
1996	5	26.01	997.514	-2.631	1.981	147.619288956127
1996	6	25.839	997.284	-6.059	1.81	162.048318999218
1996	7	25.455	997.065	-6.555	2.614	115.929803328291
1996	8	25.448	997.651	-5.881	2.625	176.78124054463
1996	9	25.912	996.339	-3.342	2.902	356.599609069586
1996	10	26.319	996.805	-3.042	1.075	135.935239567234
1996	11	26.309	996.071	-1.172	0.05	90.2973621103118
1996	12	26.574	996.101	1.913	-1.355	0.0004739336492891
1997	1	25.953	997.506	3.802	-3.492	0.826970633693972
1997	2	26.074	996.198	5.727	-3.707	14.0665549036044
1997	3	25.996	998.458	-3.325	-0.266	46.9656580937973
1997	4	26.131	998.245	-0.98	-0.153	87.37200938233
1997	5	26.165	997.517	-0.758	0.809	155.017170953102
1997	6	25.815	998.403	-7.132	2.361	143.268647380766
1997	7	25.325	998.276	-7.435	2.544	232.227912254161
1997	8	24.914	999.284	-7.366	3.579	199.364750378215
1997	9	25.279	999.73	-5.94	2.265	152.514229867084
1997	10	26.073	999.447	-6.347	0.853	98.8524962178518
1997	11	26.38	998.786	-5.992	0.972	3.12619233776388
1997	12	26.59	998.15	-4.334	0.409	0.000226928895612708
1998	1	26.749	998.716	-4.52	-1.141	0.901815431164902
1998	2	26.694	999.725	-0.574	-2.248	23.5626990779547
1998	3	26.806	998.802	1.333	-1.87	20.717019667171
1998	4	26.57	998.182	1.728	-0.859	57.4334636434715
1998	5	26.786	997.149	-0.945	1.293	145.219288956127
1998	6	26.665	997.424	-6.728	2.882	146.626817826427
1998	7	26.061	997.464	-6.54	1.767	140.495990922844
1998	8	25.751	997.866	-6.741	2.701	214.333661119516
1998	9	26.345	997.507	-5.988	2.618	194.867625899281
1998	10	26.726	996.77	-4.25	1.9	85.7357791225416
1998	11	27.011	995.994	-3.164	-0.348	60.4232613908873
1998	12	26.746	996.085	-1.467	-0.552	1.66452344931921
1999	1	27.318	994.692	0.206	-2.799	2.40499243570348
1999	2	27.274	996.66	-0.053	-1.454	2.16085498742666
1999	3	27.4	994.5	2.592	-1.383	70.2982602118003
1999	4	27.453	995.711	-0.905	0.928	159.291321344801
1999	5	27.048	996.643	-5.323	2.795	211.840166414524
1999	6	26.606	997.079	-5.892	3.059	165.62744331509
1999	7	25.858	996.883	-6.818	2.297	180.618381240545
1999	8	25.78	997.901	-7.296	2.529	111.524432677761
1999	9	26.242	997.276	-6.481	2.091	227.134949179046
1999	10	26.954	996.567	-3.462	0.265	126.152723146748
1999	11	27.214	995.849	-0.939	-1.641	40.6449569976544
1999	12	27.427	995.326	0.437	-2.443	0.317473524962178
2000	1	27.172	995.811	4.582	-3.3	5.71738794435858
2000	2	26.931	995.646	5.268	-3.559	33.7349514563107
2000	3	26.907	995.83	2.98	-1.346	12.3063540090772
2000	4	27.268	995.915	0.652	0.181	159.628381548085
2000	5	27.204	996.397	-5.624	1.388	251.139031770046
2000	6	26.363	996.942	-5.635	2.221	238.10242376857
2000	7	25.796	996.53	-5.818	1.727	207.094856278367
2000	8	25.889	996.916	-4.49	2.44	286.732148260212
2000	9	26.772	997.117	-5.472	2.165	175.351993745113
2000	10	27.247	995.86	-3.7	1.437	96.9721633888049
2000	11	27.633	995.072	-0.227	-0.366	1.52086330935252
2000	12	27.553	995.167	0.15	-2.231	0.000231839258114374
2001	1	27.122	995.874	4.828	-4.4	10.8984871406959
2001	2	27.202	994.994	1.851	-2.008	4.49522212908634
2001	3	27.15	996.44	-0.83	-0.876	74.0659606656581
2001	4	27.376	996.301	-1.174	-0.069	38.9111024237686
2001	5	27.119	996.672	-4.819	2.322	134.193494704993
2001	6	26.674	996.5	-3.987	1.785	243.829632525411
2001	7	26.051	996.856	-5.988	1.799	160.944099848714
2001	8	25.625	997.096	-6.478	2.165	294.412102874433
2001	9	26.352	997.172	-4.876	2.032	255.631196247068
2001	10	27.214	996.721	-3.051	0.737	162.459613899614
2001	11	27.519	996.279	0.672	-1.826	38.0046325878594
2001	12	27.381	997.32	0.164	-2.493	0.829676400947119
2002	1	27.208	997.296	3.23	-3.47	1.52577399380805
2002	2	26.919	998.253	3.058	-3.029	12.1147512864494
2002	3	26.959	997.092	1.675	-2.07	29.6637770897833
2002	4	27.251	996.446	-2.702	-0.498	76.21008
2002	5	26.982	997.022	-2.496	1.311	113.4076625387
2002	6	26.277	997.261	-4.265	0.452	170.32824
2002	7	25.664	998.108	-5.158	2.41	179.683513931889
2002	8	25.39	997.877	-6.128	2.429	296.535139318886
2002	9	25.7	998.605	-5.932	2.761	365.80464
2002	10	26.801	997.364	-6.128	1.355	75.2978190630048
2002	11	27.588	996.744	-3.845	0.3	20.6244983277592
2002	12	27.62	997.581	-1.786	-0.869	17.0658319870759
2003	1	27.627	997.843	2.776	-2.839	0.192724458204334
2003	2	27.026	997.041	4.006	-2.64	24.8127416520211
2003	3	27.097	997.518	0.279	-1.084	59.0482198142415
2003	4	27.468	996.791	-1.278	-0.507	63.50544
2003	5	26.895	996.625	-3.52	2.788	146.72786377709
2003	6	26.465	997.319	-5.281	2.401	154.384124386252
2003	7	25.793	997.755	-7.758	1.396	136.57592879257
2003	8	25.807	997.612	-5.474	2.065	218.226547987616
2003	9	26.224	997.951	-6.758	2.557	277.5996
2003	10	26.916	997.388	-3.5	1.039	54.7376582278481
2003	11	27.341	996.59	-1.192	-0.96	0.159328968903437
2003	12	27.195	996.656	-1.331	-1.905	0.000237341772151899
2004	1	26.918	997.236	-1.534	-2.304	16.1118795768918
2004	2	26.829	997.039	3.088	-3.177	33.3440577249575
2004	3	27.261	996.613	2.806	-1.436	20.489512195122
2004	4	27.424	997.038	-2.113	0.569	60.966773418735
2004	5	27.122	996.563	-0.114	0.525	133.948024786987
2004	6	26.175	998.022	-6.225	2.332	223.932605042017
2004	7	25.534	997.669	-5.84	2.331	261.343379366369
2004	8	25.101	998.06	-6.86	3.086	193.764213787762
2004	9	25.664	998.187	-5.419	2.511	148.734836065574
2004	10	26.52	997.911	-5.468	1.584	6.95195121951219
2004	11	27.332	996.844	-1.324	-1.798	5.09546218487395
2004	12	27.2	996.637	-2.021	-2.055	1.6163469557965
2005	1	26.831	997.236	-0.35	-2.44	0.0577981651376147
2005	2	26.799	998.349	1.535	-2.36	1.73198594024605
2005	3	27.287	998.022	0.419	-0.761	23.7320681642138
2005	4	27.096	997.903	0.123	-0.645	71.9065652522017
2005	5	26.705	997.068	-3.496	1.247	145.503018575852
2005	6	26.411	996.843	-6.225	2.326	136.579918032787
2005	7	25.888	997.629	-7.141	2.805	183.692182662539
2005	8	25.823	997.73	-6.369	2.513	186.589107413011
2005	9	26.083	997.619	-4.881	2.463	246.84384
2005	10	27.019	997.097	-2.987	0.94	67.6802380952382
2005	11	27.33	996.485	-1.767	-0.341	66.3622641509434
2005	12	27.281	995.974	-0.511	-1.645	2.1420604182804
2006	1	26.732	996.054	0.328	-3.077	0
2006	2	26.793	996.766	1.127	-2.664	7.76253298153034
2006	3	26.832	996.305	-0.647	-0.541	50.8344995931652
2006	4	26.677	996.405	-1.713	1.325	95.4159967186219
2006	5	26.799	997.23	-4.026	2.937	134.306904761905
2006	6	26.07	997.264	-7.155	1.922	106.839151321057
2006	7	25.57	997.997	-6.888	2.596	198.526103795507
2006	8	25.216	997.806	-7.042	3.326	247.820476190476
2006	9	25.52	998.048	-7.286	2.352	203.025430680886
2006	10	26.071	998.26	-6.299	1.559	200.078763222132
2006	11	26.727	996.793	-6.229	0.099	13.4756896551724
2006	12	27.16	996.308	-4.436	-1.565	0.208173477898249
2007	1	26.971	997.092	-1.758	-3.034	2.24377542717657
2007	2	26.434	997.334	0.682	-2.892	12.5375112714157
2007	3	26.414	996.769	2.711	-1.626	33.5453213995118
2007	4	26.579	997.027	0.674	0.743	66.9804643714972
2007	5	26.449	997.062	-5.348	2.961	242.057214345288
2007	6	26.191	995.604	-7.475	2.36	111.42781512605
2007	7	25.383	997.226	-7.849	1.93	125.64670558799
2007	8	25.123	997.364	-7.732	2.968	269.919432860718
2007	9	25.803	996.796	-7.611	2.465	253.579915966387
2007	10	26.556	996.497	-5.805	1.269	207.920547945206
2007	11	26.878	995.701	-0.795	-1.319	7.82362831858407
2007	12	27.085	995.078	3.656	-1.285	0.0105540897097625
2008	1	26.782	995.982	-0.112	-1.684	NA
2008	2	26.611	995.934	5.309	-3.041	NA
2008	3	26.444	996.208	1.608	0.057	NA
2008	4	26.591	995.901	-3.313	1.302	NA
2008	5	26.368	996.688	-5.672	2.906	NA
2008	6	25.97	997.233	-7.166	2.544	NA
2008	7	25.585	997.283	-6.871	1.814	NA
2008	8	25.395	997.332	-6.155	1.244	NA
2008	9	26.009	997.217	-4.391	1.026	NA
2008	10	26.682	997.073	-4.302	0.199	NA
2008	11	26.732	995.833	-1.398	-0.844	NA
2008	12	26.837	995.61	-1.261	-1.381	NA
2009	1	26.734	996.484	0.686	-2.166	NA
2009	2	26.729	995.687	4.185	-1.331	NA
2009	3	26.576	996.774	2.571	-0.616	NA
2009	4	27.21	996.361	-0.143	0.36	NA
2009	5	26.837	995.957	-4.27	2.464	NA
2009	6	26.028	997.234	-4.863	3.258	NA
2009	7	25.689	997.193	-6.645	2.909	NA
2009	8	25.649	996.978	-5.363	2.913	NA
2009	9	26.318	996.91	-5.148	2.378	NA
2009	10	26.524	997.234	-5.164	1.248	NA
2009	11	26.994	995.731	-1.62	-0.739	NA
2009	12	26.797	996.902	1.099	-1.146	NA
2010	1	26.632	997.391	3.141	-2.273	NA
2010	2	26.84	998.016	3.085	-1.988	NA
2010	3	26.922	997.582	0.995	-0.869	NA
2010	4	27.283	997.208	-3.256	1.002	NA
2010	5	27.117	995.683	-5.213	2.527	NA
2010	6	26.58	997.114	-5.633	2.703	NA
2010	7	26.454	996.882	-4.887	1.961	NA
2010	8	26.004	996.938	-5.578	2.16	NA
2010	9	26.465	996.63	-4.71	2.91	NA
2010	10	26.827	995.714	-1.704	1.318	NA
2010	11	27.046	995.603	-0.709	0.973	NA
2010	12	26.839	994.065	2.159	-1.18	NA
2011	1	26.699	994.955	4.405	-2.246	NA
2011	2	26.526	995.548	4.218	-1.723	NA
2011	3	26.515	995.585	2.176	-0.68	NA
2011	4	26.802	996.221	-2.445	1.26	NA
2011	5	26.756	996.485	-4.751	3.119	NA
2011	6	26.108	996.576	-5.772	2.869	NA
2011	7	25.866	996.742	-6.061	3.111	NA
2011	8	25.643	997.04	-6.989	3.161	NA
2011	9	25.961	997.306	-6.617	2.005	NA
2011	10	26.851	996.492	-4.538	0.728	NA
2011	11	27.254	995.522	-3.507	0.002	NA
2011	12	27.47	995.115	2.994	-2.423	NA
2012	1	NA	NA	NA	NA	NA
2012	2	NA	NA	NA	NA	NA
2012	3	NA	NA	NA	NA	NA
2012	4	NA	NA	NA	NA	NA
2012	5	NA	NA	NA	NA	NA
2012	6	NA	NA	NA	NA	NA
2012	7	NA	NA	NA	NA	NA
2012	8	NA	NA	NA	NA	NA
2012	9	NA	NA	NA	NA	NA
2012	10	NA	NA	NA	NA	NA
2012	11	NA	NA	NA	NA	NA
2012	12	NA	NA	NA	NA	NA
