1948	1	25.385	-0.195	-0.195
1948	2	25.729	0.765	0.765
1948	3	25.758	1.701	1.701
1948	4	26.105	2.642	2.642
1948	5	26.328	4.178	4.178
1948	6	26.317	2.088	2.088
1948	7	26.073	3.096	3.096
1948	8	25.755	1.49	1.49
1948	9	25.509	0.929	0.929
1948	10	25.574	-0.067	-0.067
1948	11	24.968	-0.404	-0.404
1948	12	25.46	-1.29	-1.29
1949	1	25.31	0.478	0.478
1949	2	25.79	0.3	0.3
1949	3	25.985	1.844	1.844
1949	4	26.039	5.161	5.161
1949	5	26.466	5.354	5.354
1949	6	25.667	2.368	2.368
1949	7	25.499	3.773	3.773
1949	8	25.239	1.848	1.848
1949	9	25.424	0.957	0.957
1949	10	25.436	-0.076	-0.076
1949	11	25.185	-1.026	-1.026
1949	12	25.559	0.153	0.153
1950	1	25.831	1.117	1.117
1950	2	26.157	1.506	1.506
1950	3	26.515	2.19	2.19
1950	4	26.197	2.698	2.698
1950	5	26.099	4.805	4.805
1950	6	26.107	2.224	2.224
1950	7	25.661	2.111	2.111
1950	8	25.408	1.469	1.469
1950	9	25.367	1	1
1950	10	25.398	-0.741	-0.741
1950	11	25.336	-0.988	-0.988
1950	12	25.177	-0.394	-0.394
1951	1	25.332	0.412	0.412
1951	2	25.823	0.032	0.032
1951	3	26.09	0.646	0.646
1951	4	25.931	2.16	2.16
1951	5	25.966	3.409	3.409
1951	6	26.006	2.348	2.348
1951	7	25.75	2.907	2.907
1951	8	25.58	0.917	0.917
1951	9	25.853	1.162	1.162
1951	10	25.676	1.143	1.143
1951	11	25.628	1.072	1.072
1951	12	25.508	-0.775	-0.775
1952	1	25.784	0.259	0.259
1952	2	26.222	0.697	0.697
1952	3	26.284	2.629	2.629
1952	4	26.469	4.056	4.056
1952	5	26.742	4.266	4.266
1952	6	25.963	2.645	2.645
1952	7	25.908	1.473	1.473
1952	8	25.573	1.503	1.503
1952	9	25.538	1.58	1.58
1952	10	25.675	-0.267	-0.267
1952	11	25.443	-0.365	-0.365
1952	12	25.311	1.34	1.34
1953	1	25.691	0.894	0.894
1953	2	25.765	1.676	1.676
1953	3	26.216	2.914	2.914
1953	4	26.339	3.406	3.406
1953	5	26.217	3.047	3.047
1953	6	26.128	3.019	3.019
1953	7	25.733	2.464	2.464
1953	8	25.254	0.45	0.45
1953	9	25.695	1.628	1.628
1953	10	25.742	0.695	0.695
1953	11	25.829	-1.214	-1.214
1953	12	25.751	0.223	0.223
1954	1	26.487	0.658	0.658
1954	2	26.53	2.436	2.436
1954	3	26.781	1.981	1.981
1954	4	26.703	3.074	3.074
1954	5	26.701	4.809	4.809
1954	6	26.25	3.006	3.006
1954	7	25.993	2.992	2.992
1954	8	25.844	1.432	1.432
1954	9	25.669	1.354	1.354
1954	10	25.699	-0.38	-0.38
1954	11	25.265	-0.72	-0.72
1954	12	25.81	0.188	0.188
1955	1	25.644	0.805	0.805
1955	2	26.213	0.692	0.692
1955	3	26.269	3.017	3.017
1955	4	26.218	3.766	3.766
1955	5	26.532	3.481	3.481
1955	6	26.324	2.047	2.047
1955	7	25.702	2.483	2.483
1955	8	25.801	2.642	2.642
1955	9	25.998	2.076	2.076
1955	10	25.694	0.685	0.685
1955	11	25.45	-1.917	-1.917
1955	12	25.252	0.342	0.342
1956	1	25.665	1.092	1.092
1956	2	25.965	0.551	0.551
1956	3	26.318	2.319	2.319
1956	4	26.451	3.393	3.393
1956	5	26.362	3.29	3.29
1956	6	26.216	2.663	2.663
1956	7	25.743	1.208	1.208
1956	8	25.573	0.928	0.928
1956	9	25.773	1.533	1.533
1956	10	25.92	1.286	1.286
1956	11	25.69	0.191	0.191
1956	12	25.504	0.724	0.724
1957	1	26.122	2.015	2.015
1957	2	26.502	1.767	1.767
1957	3	26.366	2.327	2.327
1957	4	26.711	2.662	2.662
1957	5	26.884	3.663	3.663
1957	6	26.629	2.737	2.737
1957	7	26.189	2.686	2.686
1957	8	25.817	1.998	1.998
1957	9	25.61	1.444	1.444
1957	10	25.999	1.27	1.27
1957	11	26.089	1.001	1.001
1957	12	26.59	1.369	1.369
1958	1	26.349	1.941	1.941
1958	2	26.833	0.783	0.783
1958	3	26.747	2.071	2.071
1958	4	26.773	3.936	3.936
1958	5	27.061	4.254	4.254
1958	6	27.339	2.733	2.733
1958	7	26.475	1.654	1.654
1958	8	26.609	2.554	2.554
1958	9	26.437	1.94	1.94
1958	10	26.631	1.545	1.545
1958	11	26.454	-0.319	-0.319
1958	12	26.631	1.469	1.469
1959	1	26.401	0.838	0.838
1959	2	26.768	1.084	1.084
1959	3	26.797	1.845	1.845
1959	4	26.588	2.413	2.413
1959	5	27.09	3.834	3.834
1959	6	26.693	3.212	3.212
1959	7	26.316	1.481	1.481
1959	8	25.941	1.575	1.575
1959	9	26.339	1.585	1.585
1959	10	26.394	0.918	0.918
1959	11	26.476	-0.403	-0.403
1959	12	26.385	-1.035	-1.035
1960	1	26.387	-0.116	-0.116
1960	2	26.617	0.899	0.899
1960	3	26.533	1.866	1.866
1960	4	26.804	1.973	1.973
1960	5	27.291	2.886	2.886
1960	6	26.442	2.2	2.2
1960	7	26.664	2.523	2.523
1960	8	26.289	1.197	1.197
1960	9	26.219	0.932	0.932
1960	10	26.285	-0.118	-0.118
1960	11	26.287	-1.239	-1.239
1960	12	26.263	-0.758	-0.758
1961	1	26.196	0.776	0.776
1961	2	26.718	-0.177	-0.177
1961	3	26.293	2.136	2.136
1961	4	26.525	2.156	2.156
1961	5	26.686	2.814	2.814
1961	6	26.184	2.357	2.357
1961	7	25.627	2.577	2.577
1961	8	25.297	1.7	1.7
1961	9	25.38	3.006	3.006
1961	10	25.729	0.941	0.941
1961	11	25.917	-0.715	-0.715
1961	12	26.012	-0.38	-0.38
1962	1	26.184	0.3	0.3
1962	2	25.792	1.803	1.803
1962	3	26.039	1.248	1.248
1962	4	26.016	3.028	3.028
1962	5	26.622	4.204	4.204
1962	6	26.162	1.611	1.611
1962	7	25.824	1.59	1.59
1962	8	25.407	2.519	2.519
1962	9	25.827	1.769	1.769
1962	10	26.106	-0.097	-0.097
1962	11	25.748	0.104	0.104
1962	12	25.531	-0.253	-0.253
1963	1	25.831	-0.407	-0.407
1963	2	25.904	0.918	0.918
1963	3	26.211	1.994	1.994
1963	4	26.288	2.753	2.753
1963	5	26.607	3.393	3.393
1963	6	26.067	1.784	1.784
1963	7	25.725	2.184	2.184
1963	8	25.369	1.841	1.841
1963	9	25.395	0.678	0.678
1963	10	25.639	0.685	0.685
1963	11	26.137	0.737	0.737
1963	12	25.877	-0.481	-0.481
1964	1	26.857	0.53	0.53
1964	2	27.209	1.093	1.093
1964	3	26.992	1.719	1.719
1964	4	27.128	2.853	2.853
1964	5	26.798	3.484	3.484
1964	6	26.517	2.531	2.531
1964	7	26.294	2.512	2.512
1964	8	25.806	0.981	0.981
1964	9	26.232	1.072	1.072
1964	10	25.969	-0.262	-0.262
1964	11	25.462	-1.962	-1.962
1964	12	25.761	-0.509	-0.509
1965	1	26.109	-0.205	-0.205
1965	2	26.722	0.806	0.806
1965	3	26.304	1.68	1.68
1965	4	26.859	1.97	1.97
1965	5	27.158	2.632	2.632
1965	6	26.456	1.987	1.987
1965	7	25.771	1.788	1.788
1965	8	25.984	1.397	1.397
1965	9	25.914	1.086	1.086
1965	10	26.336	-0.001	-0.001
1965	11	26.394	-0.284	-0.284
1965	12	26.515	-1.929	-1.929
1966	1	26.229	-0.262	-0.262
1966	2	26.738	1.197	1.197
1966	3	26.695	0.419	0.419
1966	4	27.187	2.24	2.24
1966	5	26.846	2.734	2.734
1966	6	26.647	2.2	2.2
1966	7	26.304	1.893	1.893
1966	8	26.212	2.048	2.048
1966	9	26.211	-0.074	-0.074
1966	10	26.18	0.473	0.473
1966	11	26.364	-0.696	-0.696
1966	12	26.479	-1.542	-1.542
1967	1	26.209	-0.884	-0.884
1967	2	26.692	0.294	0.294
1967	3	26.611	1.469	1.469
1967	4	26.781	1.501	1.501
1967	5	26.97	3.057	3.057
1967	6	26.371	2.119	2.119
1967	7	26.193	1.963	1.963
1967	8	25.889	1.202	1.202
1967	9	25.898	1.29	1.29
1967	10	26.101	0.063	0.063
1967	11	26.432	0.817	0.817
1967	12	26.463	0.81	0.81
1968	1	26.429	0.58	0.58
1968	2	26.363	1.006	1.006
1968	3	27.071	1.581	1.581
1968	4	27.003	3.406	3.406
1968	5	26.642	3.787	3.787
1968	6	26.796	3.349	3.349
1968	7	26.351	2.143	2.143
1968	8	26.101	0.987	0.987
1968	9	26.263	1.378	1.378
1968	10	26.435	0.027	0.027
1968	11	26.486	-0.693	-0.693
1968	12	26.76	-0.899	-0.899
1969	1	26.906	0.213	0.213
1969	2	27.061	1.582	1.582
1969	3	27.281	2.348	2.348
1969	4	27.375	4.147	4.147
1969	5	27.475	4.345	4.345
1969	6	26.971	2.675	2.675
1969	7	26.293	1.87	1.87
1969	8	26.248	2.819	2.819
1969	9	26.09	0.943	0.943
1969	10	26.258	0.024	0.024
1969	11	26.341	-0.005	-0.005
1969	12	26.375	-0.689	-0.689
1970	1	26.681	0.829	0.829
1970	2	26.987	1.898	1.898
1970	3	27.294	2.02	2.02
1970	4	27.303	3.186	3.186
1970	5	27.207	3.573	3.573
1970	6	26.967	1.791	1.791
1970	7	26.633	1.994	1.994
1970	8	26.354	1.762	1.762
1970	9	26.265	2.155	2.155
1970	10	26.573	-0.896	-0.896
1970	11	26.475	-1.834	-1.834
1970	12	26.513	-1.521	-1.521
1971	1	26.356	0.298	0.298
1971	2	26.264	1.375	1.375
1971	3	26.272	0.767	0.767
1971	4	26.635	3.535	3.535
1971	5	26.756	3.238	3.238
1971	6	26.187	1.322	1.322
1971	7	26.101	2.826	2.826
1971	8	26.157	2.185	2.185
1971	9	26.19	1.026	1.026
1971	10	26.061	-0.166	-0.166
1971	11	25.625	-1.749	-1.749
1971	12	26.138	-0.601	-0.601
1972	1	26.192	0.282	0.282
1972	2	26.645	0.12	0.12
1972	3	26.497	1.008	1.008
1972	4	26.707	2.449	2.449
1972	5	26.811	2.92	2.92
1972	6	26.791	3.253	3.253
1972	7	26.168	1.122	1.122
1972	8	26.237	2.321	2.321
1972	9	26.2	1.55	1.55
1972	10	26.331	0.192	0.192
1972	11	26.66	-0.562	-0.562
1972	12	26.552	-0.513	-0.513
1973	1	27.103	0.803	0.803
1973	2	27.392	1.4	1.4
1973	3	27.502	2.194	2.194
1973	4	27.193	2.883	2.883
1973	5	27.044	4.718	4.718
1973	6	27.046	3.375	3.375
1973	7	26.696	1.712	1.712
1973	8	26.481	1.94	1.94
1973	9	26.574	1.952	1.952
1973	10	26.522	0.371	0.371
1973	11	26.474	-2.225	-2.225
1973	12	26.266	-1.459	-1.459
1974	1	26.143	0.316	0.316
1974	2	26.391	0.109	0.109
1974	3	26.402	1.593	1.593
1974	4	26.618	2.586	2.586
1974	5	26.719	3.973	3.973
1974	6	26.473	3.172	3.172
1974	7	26.47	3.325	3.325
1974	8	26.412	1.317	1.317
1974	9	26.469	1.87	1.87
1974	10	26.378	0.858	0.858
1974	11	26.352	-2.344	-2.344
1974	12	26.329	-0.376	-0.376
1975	1	26.663	0.208	0.208
1975	2	26.623	0.859	0.859
1975	3	26.67	1.702	1.702
1975	4	26.892	3.185	3.185
1975	5	26.866	3.674	3.674
1975	6	26.647	1.294	1.294
1975	7	26.327	2.862	2.862
1975	8	26.349	2.048	2.048
1975	9	26.524	1.835	1.835
1975	10	26.321	0.233	0.233
1975	11	26.166	-2.437	-2.437
1975	12	26.135	-1.052	-1.052
1976	1	25.906	0.289	0.289
1976	2	26.091	0.842	0.842
1976	3	26.349	1.619	1.619
1976	4	26.465	2.194	2.194
1976	5	26.411	2.971	2.971
1976	6	26.172	2.662	2.662
1976	7	26.087	1.451	1.451
1976	8	26.046	2.009	2.009
1976	9	25.777	0.574	0.574
1976	10	26.071	-0.831	-0.831
1976	11	26.214	-0.348	-0.348
1976	12	26.141	-0.574	-0.574
1977	1	26.194	-0.063	-0.063
1977	2	26.455	0.444	0.444
1977	3	26.652	1.717	1.717
1977	4	27.109	3.064	3.064
1977	5	27.169	2.566	2.566
1977	6	27.03	3.177	3.177
1977	7	26.714	1.295	1.295
1977	8	25.915	0.809	0.809
1977	9	25.867	0.224	0.224
1977	10	26.336	0.616	0.616
1977	11	26.393	0.49	0.49
1977	12	26.523	-0.619	-0.619
1978	1	26.945	-0.124	-0.124
1978	2	26.95	0.567	0.567
1978	3	27.196	1.748	1.748
1978	4	27.027	2.131	2.131
1978	5	27.433	3.081	3.081
1978	6	26.647	2.083	2.083
1978	7	26.455	1.738	1.738
1978	8	26.012	0.15	0.15
1978	9	26.05	1.005	1.005
1978	10	26.337	-1.177	-1.177
1978	11	26.288	0.431	0.431
1978	12	26.497	-0.785	-0.785
1979	1	26.734	0.511	0.511
1979	2	26.962	0.333	0.333
1979	3	27.006	1.105	1.105
1979	4	27.269	1.762	1.762
1979	5	27.175	1.714	1.714
1979	6	26.915	2.012	2.012
1979	7	26.408	1.568	1.568
1979	8	26.078	0.999	0.999
1979	9	26.136	0.325	0.325
1979	10	26.055	-0.028	-0.028
1979	11	26.605	0.154	0.154
1979	12	26.339	-0.352	-0.352
1980	1	26.857	0.032	0.032
1980	2	26.803	0.787	0.787
1980	3	26.675	1.383	1.383
1980	4	27.216	1.822	1.822
1980	5	27.444	3.298	3.298
1980	6	27.211	1.402	1.402
1980	7	26.639	0.582	0.582
1980	8	26.183	1.538	1.538
1980	9	26.186	0.117	0.117
1980	10	26.313	-0.385	-0.385
1980	11	26.275	-1.059	-1.059
1980	12	26.138	-0.425	-0.425
1981	1	26.11	-0.077	-0.077
1981	2	26.347	0.506	0.506
1981	3	26.99	1.707	1.707
1981	4	27.094	2.193	2.193
1981	5	27.495	3.693	3.693
1981	6	26.939	1.856	1.856
1981	7	26.418	1.559	1.559
1981	8	26.189	0.326	0.326
1981	9	26.231	1.497	1.497
1981	10	26.276	-0.808	-0.808
1981	11	26.156	-1.43	-1.43
1981	12	25.994	-0.932	-0.932
1982	1	26.332	0.76	0.76
1982	2	26.458	0.507	0.507
1982	3	26.674	2.015	2.015
1982	4	26.979	2.52	2.52
1982	5	27.055	2.655	2.655
1982	6	26.854	2.223	2.223
1982	7	26.183	1.595	1.595
1982	8	25.936	0.762	0.762
1982	9	25.73	0.656	0.656
1982	10	25.907	0.259	0.259
1982	11	26.49	0.109	0.109
1982	12	26.723	-0.087	-0.087
1983	1	27.063	1.055	1.055
1983	2	27.413	0.5	0.5
1983	3	27.816	1.108	1.108
1983	4	27.888	1.898	1.898
1983	5	27.417	4.522	4.522
1983	6	27.185	2.401	2.401
1983	7	26.689	1.705	1.705
1983	8	26.54	1.038	1.038
1983	9	26.331	1.772	1.772
1983	10	26.578	-0.623	-0.623
1983	11	26.373	-2.221	-2.221
1983	12	26.307	-0.34	-0.34
1984	1	26.534	0.72	0.72
1984	2	26.634	0.392	0.392
1984	3	26.684	0.634	0.634
1984	4	26.915	1.969	1.969
1984	5	27.158	2.571	2.571
1984	6	26.746	0.594	0.594
1984	7	26.544	1.391	1.391
1984	8	25.914	0.715	0.715
1984	9	26.097	0.724	0.724
1984	10	26.253	-0.25	-0.25
1984	11	26.459	-1.244	-1.244
1984	12	26.391	-0.666	-0.666
1985	1	26.647	0.597	0.597
1985	2	27.156	0.046	0.046
1985	3	27.01	0.467	0.467
1985	4	27.283	1.028	1.028
1985	5	27.311	2.866	2.866
1985	6	26.864	1.075	1.075
1985	7	26.348	1.547	1.547
1985	8	26.11	0.332	0.332
1985	9	26.089	0.405	0.405
1985	10	26.228	-0.624	-0.624
1985	11	26.101	-1.386	-1.386
1985	12	26.202	-0.303	-0.303
1986	1	26.639	-0.086	-0.086
1986	2	26.594	0.624	0.624
1986	3	26.932	1.24	1.24
1986	4	27.14	2.264	2.264
1986	5	27.266	3.172	3.172
1986	6	26.998	1.605	1.605
1986	7	26.396	1.32	1.32
1986	8	26.07	0.049	0.049
1986	9	26.008	0.42	0.42
1986	10	26.249	-0.115	-0.115
1986	11	26.031	-0.762	-0.762
1986	12	26.555	0.063	0.063
1987	1	26.791	-0.221	-0.221
1987	2	26.819	0.806	0.806
1987	3	27.465	1.119	1.119
1987	4	27.464	1.983	1.983
1987	5	27.603	2.445	2.445
1987	6	27.555	2.065	2.065
1987	7	26.892	1.044	1.044
1987	8	26.478	1.616	1.616
1987	9	26.119	1.405	1.405
1987	10	26.522	0.334	0.334
1987	11	26.445	-1.335	-1.335
1987	12	26.534	-0.91	-0.91
1988	1	26.964	0.26	0.26
1988	2	27.1	1.537	1.537
1988	3	27.603	1.802	1.802
1988	4	27.401	2.757	2.757
1988	5	27.576	3.165	3.165
1988	6	27.179	1.409	1.409
1988	7	26.663	1.876	1.876
1988	8	26.341	1.707	1.707
1988	9	26.269	0.748	0.748
1988	10	26.142	-0.432	-0.432
1988	11	26.227	-2.333	-2.333
1988	12	26.146	-0.587	-0.587
1989	1	26.857	0.233	0.233
1989	2	26.465	-0.163	-0.163
1989	3	26.675	0.613	0.613
1989	4	26.989	0.599	0.599
1989	5	27.135	1.907	1.907
1989	6	26.546	2.047	2.047
1989	7	26.523	1.341	1.341
1989	8	26.397	0.621	0.621
1989	9	26.245	1.185	1.185
1989	10	26.172	-1.18	-1.18
1989	11	26.411	-0.158	-0.158
1989	12	26.654	-0.505	-0.505
1990	1	26.913	-0.731	-0.731
1990	2	26.962	1.297	1.297
1990	3	27.031	1.706	1.706
1990	4	27.521	1.801	1.801
1990	5	27.478	3.308	3.308
1990	6	27.117	2.239	2.239
1990	7	26.336	1.537	1.537
1990	8	26.477	0.923	0.923
1990	9	26.424	1.127	1.127
1990	10	26.616	-0.779	-0.779
1990	11	26.345	-1.856	-1.856
1990	12	26.606	-0.288	-0.288
1991	1	26.85	-0.31	-0.31
1991	2	26.811	1.149	1.149
1991	3	27.199	1.463	1.463
1991	4	27.211	1.274	1.274
1991	5	27.405	2.955	2.955
1991	6	27.198	2.895	2.895
1991	7	26.431	1.855	1.855
1991	8	25.946	0.686	0.686
1991	9	25.884	0.324	0.324
1991	10	26.158	-1.345	-1.345
1991	11	25.604	-0.927	-0.927
1991	12	26.178	-0.017	-0.017
1992	1	26.342	0.063	0.063
1992	2	26.867	0.283	0.283
1992	3	26.949	-0.051	-0.051
1992	4	27.143	1.012	1.012
1992	5	27.327	2.638	2.638
1992	6	27.283	2.78	2.78
1992	7	26.868	1.822	1.822
1992	8	26.188	1.065	1.065
1992	9	26.179	0.53	0.53
1992	10	25.94	-0.855	-0.855
1992	11	25.288	-0.951	-0.951
1992	12	25.486	-0.559	-0.559
1993	1	25.818	-0.331	-0.331
1993	2	25.729	0.938	0.938
1993	3	26.534	1.162	1.162
1993	4	26.488	2.024	2.024
1993	5	26.873	3.385	3.385
1993	6	26.958	2.142	2.142
1993	7	26.472	1.124	1.124
1993	8	26.184	0.95	0.95
1993	9	26.153	1.488	1.488
1993	10	26.077	-0.062	-0.062
1993	11	26.35	-0.267	-0.267
1993	12	26.251	-0.566	-0.566
1994	1	26.332	-0.143	-0.143
1994	2	26.686	1.172	1.172
1994	3	26.624	1.104	1.104
1994	4	26.73	2.149	2.149
1994	5	26.586	2.961	2.961
1994	6	26.298	2.14	2.14
1994	7	25.356	1.004	1.004
1994	8	24.679	0.765	0.765
1994	9	24.618	0.065	0.065
1994	10	24.731	0.108	0.108
1994	11	25.913	-1.096	-1.096
1994	12	25.995	-0.883	-0.883
1995	1	26.659	-0.612	-0.612
1995	2	26.833	0.682	0.682
1995	3	26.542	0.848	0.848
1995	4	26.736	1.108	1.108
1995	5	26.95	0.848	0.848
1995	6	27.139	2.938	2.938
1995	7	26.695	1.82	1.82
1995	8	26.328	1.138	1.138
1995	9	26.237	0.698	0.698
1995	10	26.169	-0.916	-0.916
1995	11	26.428	-2.424	-2.424
1995	12	26.075	-0.283	-0.283
1996	1	26.19	0.265	0.265
1996	2	26.369	1.476	1.476
1996	3	26.902	1.067	1.067
1996	4	26.929	2.293	2.293
1996	5	27.126	2.436	2.436
1996	6	27.03	2.49	2.49
1996	7	26.684	1.731	1.731
1996	8	26.285	1.845	1.845
1996	9	26.269	0.794	0.794
1996	10	26.398	-0.874	-0.874
1996	11	26.066	-1.496	-1.496
1996	12	26.228	-1.766	-1.766
1997	1	26.431	0.286	0.286
1997	2	26.538	0.214	0.214
1997	3	26.407	0.496	0.496
1997	4	26.848	1.492	1.492
1997	5	27.211	1.579	1.579
1997	6	27.196	1.548	1.548
1997	7	26.146	0.909	0.909
1997	8	25.662	0.582	0.582
1997	9	25.588	0.698	0.698
1997	10	25.001	0.002	0.002
1997	11	25.378	-0.208	-0.208
1997	12	26.027	0.018	0.018
1998	1	26.778	-0.04	-0.04
1998	2	27.337	0.584	0.584
1998	3	27.746	1.116	1.116
1998	4	28.18	2.373	2.373
1998	5	28.166	2.427	2.427
1998	6	27.746	2.102	2.102
1998	7	27.474	1.642	1.642
1998	8	27.074	1.784	1.784
1998	9	26.991	1.357	1.357
1998	10	26.845	-0.19	-0.19
1998	11	26.521	-1.288	-1.288
1998	12	26.513	-0.97	-0.97
1999	1	26.384	-0.176	-0.176
1999	2	26.396	0.273	0.273
1999	3	26.668	-0.127	-0.127
1999	4	26.691	1.993	1.993
1999	5	26.605	2.338	2.338
1999	6	26.634	1.932	1.932
1999	7	26.342	1.475	1.475
1999	8	26.143	0.871	0.871
1999	9	26.176	1.381	1.381
1999	10	26.144	-1.117	-1.117
1999	11	26.063	-1.496	-1.496
1999	12	26.321	-1.041	-1.041
2000	1	26.768	-0.353	-0.353
2000	2	26.885	0.847	0.847
2000	3	26.681	1.312	1.312
2000	4	27.201	2.715	2.715
2000	5	27.408	2.509	2.509
2000	6	27.528	1.741	1.741
2000	7	26.716	1.077	1.077
2000	8	26.169	0.216	0.216
2000	9	26.366	0.87	0.87
2000	10	26.139	-1.299	-1.299
2000	11	26.346	-0.212	-0.212
2000	12	26.515	-1.079	-1.079
2001	1	26.935	-0.145	-0.145
2001	2	26.858	0.382	0.382
2001	3	26.974	1.672	1.672
2001	4	27.1	1.919	1.919
2001	5	27.123	2.288	2.288
2001	6	26.945	1.078	1.078
2001	7	26.563	0.445	0.445
2001	8	26.492	-0.255	-0.255
2001	9	26.464	0.351	0.351
2001	10	26.368	-0.403	-0.403
2001	11	26.555	-0.774	-0.774
2001	12	26.31	-0.544	-0.544
2002	1	27.128	0.732	0.732
2002	2	27.06	0.918	0.918
2002	3	27.501	1.794	1.794
2002	4	27.595	3.115	3.115
2002	5	27.655	1.981	1.981
2002	6	27.12	2.374	2.374
2002	7	26.87	0.783	0.783
2002	8	26.259	0.893	0.893
2002	9	26.019	0.099	0.099
2002	10	26.07	-0.493	-0.493
2002	11	26.1	-2.051	-2.051
2002	12	26.843	-0.422	-0.422
2003	1	26.854	-0.309	-0.309
2003	2	27.066	0.933	0.933
2003	3	26.941	1.611	1.611
2003	4	27.433	2.363	2.363
2003	5	27.338	2.376	2.376
2003	6	27.046	2.411	2.411
2003	7	26.388	1.153	1.153
2003	8	25.875	0.58	0.58
2003	9	26.041	1.375	1.375
2003	10	26.214	-0.388	-0.388
2003	11	26.135	-0.683	-0.683
2003	12	26.419	-1.398	-1.398
2004	1	26.749	0.577	0.577
2004	2	26.996	0.112	0.112
2004	3	27.193	0.863	0.863
2004	4	27.4	2.637	2.637
2004	5	27.201	2.573	2.573
2004	6	26.811	2.069	2.069
2004	7	26.525	1.258	1.258
2004	8	26.239	0.762	0.762
2004	9	26.261	0.272	0.272
2004	10	26.266	-0.747	-0.747
2004	11	26.313	-1.032	-1.032
2004	12	26.499	-0.156	-0.156
2005	1	26.902	0.337	0.337
2005	2	27.397	0.363	0.363
2005	3	27.706	1.931	1.931
2005	4	27.496	2.121	2.121
2005	5	27.487	2.614	2.614
2005	6	27.33	1.553	1.553
2005	7	26.727	1.652	1.652
2005	8	26.445	0.906	0.906
2005	9	26.635	0.432	0.432
2005	10	26.72	-0.919	-0.919
2005	11	26.476	-1.509	-1.509
2005	12	26.646	-1.503	-1.503
2006	1	26.383	-0.395	-0.395
2006	2	26.604	0.641	0.641
2006	3	26.984	1.004	1.004
2006	4	26.795	2.603	2.603
2006	5	27.141	2.92	2.92
2006	6	27.049	1.82	1.82
2006	7	26.662	1.413	1.413
2006	8	26.115	0.996	0.996
2006	9	25.165	0.547	0.547
2006	10	25.364	-0.551	-0.551
2006	11	25.946	-0.699	-0.699
2006	12	26.509	-0.566	-0.566
2007	1	26.84	-0.172	-0.172
2007	2	27.281	1.238	1.238
2007	3	27.127	1.077	1.077
2007	4	27.232	2.274	2.274
2007	5	27.363	2.184	2.184
2007	6	27.101	1.854	1.854
2007	7	26.769	1.642	1.642
2007	8	26.426	0.876	0.876
2007	9	25.757	0.361	0.361
2007	10	25.799	-0.897	-0.897
2007	11	26.247	-1.782	-1.782
2007	12	26.873	-1.395	-1.395
2008	1	26.845	-1.111	-1.111
2008	2	26.926	0.18	0.18
2008	3	26.905	0.808	0.808
2008	4	26.953	2.146	2.146
2008	5	26.55	2.071	2.071
2008	6	26.517	1.214	1.214
2008	7	25.989	1.382	1.382
2008	8	26.079	0.998	0.998
2008	9	26.239	0.203	0.203
2008	10	26.423	-0.812	-0.812
2008	11	26.762	-0.947	-0.947
2008	12	26.244	0.028	0.028
2009	1	26.501	0.102	0.102
2009	2	26.677	-0.046	-0.046
2009	3	26.934	0.177	0.177
2009	4	27.442	0.88	0.88
2009	5	27.386	2.221	2.221
2009	6	27.004	1.523	1.523
2009	7	26.605	1.001	1.001
2009	8	26.254	0.814	0.814
2009	9	26.504	0.027	0.027
2009	10	26.541	-0.941	-0.941
2009	11	26.562	-0.929	-0.929
2009	12	26.725	-0.542	-0.542
2010	1	26.969	-0.565	-0.565
2010	2	27.564	0.03	0.03
2010	3	27.758	0.186	0.186
2010	4	27.504	2.613	2.613
2010	5	27.888	3.238	3.238
2010	6	27.264	2.217	2.217
2010	7	26.926	1.544	1.544
2010	8	26.982	1.194	1.194
2010	9	26.82	0.324	0.324
2010	10	26.73	-1.046	-1.046
2010	11	26.68	-0.316	-0.316
2010	12	26.29	-1.298	-1.298
2011	1	26.433	-0.225	-0.225
2011	2	26.961	0.466	0.466
2011	3	26.9	1.19	1.19
2011	4	27.178	2.257	2.257
2011	5	27.304	2.88	2.88
2011	6	27.221	1.851	1.851
2011	7	26.715	1.658	1.658
2011	8	26.42	1.565	1.565
2011	9	25.777	0.288	0.288
2011	10	26.4	-1.002	-1.002
2011	11	26.351	-0.816	-0.816
2011	12	27.083	-0.483	-0.483
2012	1	26.672	0.203	0.203
2012	2	26.461	0.081	0.081
2012	3	26.696	0.25	0.25
2012	4	26.871	2.615	2.615
2012	5	27.297	2.182	2.182
2012	6	26.923	2.224	2.224
2012	7	26.566	1.406	1.406
2012	8	26.142	0.994	0.994
2012	9	25.805	0.521	0.521
2012	10	26.248	-0.193	-0.193
2012	11	26.455	-0.842	-0.842
2012	12	26.806	-0.378	-0.378
2013	1	26.935	-0.065	-0.065
2013	2	27.087	-0.075	-0.075
2013	3	27.136	1.037	1.037
2013	4	27.405	2.751	2.751
2013	5	27.286	3.193	3.193
2013	6	27.261	1.324	1.324
2013	7	26.68	0.341	0.341
2013	8	26.824	0.492	0.492
2013	9	26.49	0.539	0.539
2013	10	26.474	0.709	0.709
2013	11	26.675	-0.942	-0.942
2013	12	26.843	-0.097	-0.097
2014	1	26.595	0.201	0.201
2014	2	27.119	1.007	1.007
2014	3	27.508	1.262	1.262
2014	4	27.794	1.721	1.721
2014	5	27.741	3.134	3.134
2014	6	27.69	2.138	2.138
2014	7	27.1	0.957	NA
2014	8	NA	NA	NA
2014	9	NA	NA	NA
2014	10	NA	NA	NA
2014	11	NA	NA	NA
2014	12	NA	NA	NA
2015	1	NA	NA	NA
2015	2	NA	NA	NA
2015	3	NA	NA	NA
2015	4	NA	NA	NA
2015	5	NA	NA	NA
2015	6	NA	NA	NA
2015	7	NA	NA	NA
2015	8	NA	NA	NA
2015	9	NA	NA	NA
2015	10	NA	NA	NA
2015	11	NA	NA	NA
2015	12	NA	NA	NA
