1948	1	24.461	997.729	1.957	-3.412	NA9
1948	2	25.037	997.803	0.112	-3.36	NA9
1948	3	25.21	997.225	-1.039	-2.194	NA9
1948	4	26.122	997.555	-0.406	-0.951	NA9
1948	5	26.655	997	-0.728	1.417	NA9
1948	6	27.045	997.124	-0.728	3.272	NA9
1948	7	26.673	997.205	-0.945	3.104	NA9
1948	8	26.635	996.376	-1.288	3.881	NA9
1948	9	26.168	996.906	-1.223	2.808	NA9
1948	10	25.668	997.056	-0.223	1.781	NA9
1948	11	25.175	997.712	-0.32	0.386	NA9
1948	12	25.299	998.014	0.914	-1.414	NA9
1949	1	24.656	997.997	2.326	-2.812	NA9
1949	2	25.156	996.358	0.379	-2.948	NA9
1949	3	25.084	996.796	-0.117	-3.122	NA9
1949	4	26.19	997.186	0.197	-0.676	NA9
1949	5	26.388	996.493	1.101	0.607	NA9
1949	6	26.651	997.255	-0.845	2.272	NA9
1949	7	26.537	997.383	-1.313	2.625	NA9
1949	8	26.366	997.425	-1.313	3.225	NA9
1949	9	26.295	997.173	-1.147	2.732	NA9
1949	10	26.059	996.551	-0.936	1.484	NA9
1949	11	25.771	996.223	0.66	0.244	NA9
1949	12	25.665	994.515	1.522	-1.612	NA9
1950	1	25.409	995.594	0.976	-2.967	NA9
1950	2	25.389	995.995	0.01	-2.886	NA9
1950	3	25.931	996.023	0.407	-1.638	NA9
1950	4	26.589	995.403	0.347	-0.841	NA9
1950	5	26.911	996.068	-0.132	2.184	NA9
1950	6	26.928	996.19	-0.766	2.798	NA9
1950	7	26.523	997.309	-0.88	3.35	NA9
1950	8	26.611	997.458	-1.288	3.188	NA9
1950	9	26.389	997.397	-1.53	3.281	NA9
1950	10	26.07	997.005	-1.407	2.11	NA9
1950	11	25.789	995.229	0.832	-0.502	NA9
1950	12	25.233	996.109	2.948	-4.366	NA9
1951	1	25.165	997.142	0.842	-2.98	NA9
1951	2	25.127	996.052	-0.3	-3.023	NA9
1951	3	25.549	997.093	1.233	-3.226	NA9
1951	4	26.481	997.062	-0.89	0.303	NA9
1951	5	26.828	997.784	0.643	2.894	NA9
1951	6	26.84	997.338	-0.79	2.57	NA9
1951	7	26.594	997.762	-0.633	2.828	NA9
1951	8	26.66	998.074	-0.735	3.836	NA9
1951	9	26.65	997.74	-0.818	2.967	NA9
1951	10	26.672	997.955	-0.408	1.578	NA9
1951	11	26.409	996.833	0.918	-0.145	NA9
1951	12	25.896	997.12	2.216	-0.984	NA9
1952	1	25.594	997.542	2.196	-4.247	NA9
1952	2	25.828	996.618	-0.313	-3.237	NA9
1952	3	26.17	996.85	-0.78	-2.405	NA9
1952	4	26.687	997.696	1.207	-0.31	NA9
1952	5	27.203	996.865	-0.288	2.903	NA9
1952	6	26.975	997.323	-0.254	2.919	NA9
1952	7	26.695	997.771	-0.815	3.37	NA9
1952	8	26.366	997.36	-0.899	3.35	NA9
1952	9	26.28	997.501	-0.745	2.324	NA9
1952	10	26.484	997.093	-0.178	2.128	NA9
1952	11	26.134	996.318	-0.337	-0.327	NA9
1952	12	25.644	997.936	1.722	-0.414	NA9
1953	1	25.242	997.606	1.15	-3.509	NA9
1953	2	25.349	998.209	0.575	-3.457	NA9
1953	3	26.076	997.111	-0.244	-2.244	NA9
1953	4	26.692	996.901	-0.208	-0.733	NA9
1953	5	27.096	997.875	0.482	2.637	NA9
1953	6	27.16	997.182	-0.309	2.853	NA9
1953	7	26.856	998.109	-0.276	3.457	NA9
1953	8	26.641	997.461	-1.185	4.416	NA9
1953	9	26.793	998.013	-1.533	2.796	NA9
1953	10	26.794	997.623	-0.409	1.522	NA9
1953	11	26.603	997.442	0.687	0.555	NA9
1953	12	25.983	997.195	1.902	-1.165	NA9
1954	1	25.756	995.717	0.402	-3.859	NA9
1954	2	25.541	996.945	0.085	-2.785	NA9
1954	3	25.843	996.634	-0.19	-2.757	NA9
1954	4	26.761	996.117	-0.987	-1.966	NA9
1954	5	27.15	995.556	-0.025	0.412	NA9
1954	6	27.119	996.402	-0.658	1.793	NA9
1954	7	26.696	996.333	-1.097	2.282	NA9
1954	8	26.71	996.188	-1.385	2.921	NA9
1954	9	26.478	996.549	-0.758	2.319	NA9
1954	10	26.325	996.957	-0.924	0.658	NA9
1954	11	25.822	996.585	-0.038	0.381	NA9
1954	12	25.19	995.325	0.115	-3.305	NA9
1955	1	24.709	997.689	1.998	-3.657	NA9
1955	2	24.817	994.614	0.812	-4.01	NA9
1955	3	25.337	996.341	-1.069	-3.665	NA9
1955	4	26.252	995.6	-0.87	-1.355	NA9
1955	5	26.809	995.379	0.012	0.125	NA9
1955	6	26.568	996.185	-0.127	0.765	NA9
1955	7	26.316	996.57	-0.69	0.58	NA9
1955	8	26.507	996.48	-1.351	1.34	NA9
1955	9	26.586	996.278	-0.675	0.863	NA9
1955	10	26.174	995.989	-0.873	-0.042	NA9
1955	11	25.937	995.098	1.489	-1.13	NA9
1955	12	24.801	995.975	1.563	-3.366	NA9
1956	1	24.785	994.984	1.531	-4.69	NA9
1956	2	24.939	995.393	0.314	-4.527	NA9
1956	3	25.406	996.277	-1.056	-4.171	NA9
1956	4	26.302	995.005	0.34	-1.637	NA9
1956	5	26.536	995.317	0.176	-1.091	NA9
1956	6	26.693	996.224	-0.054	-0.479	NA9
1956	7	26.494	996.416	0.58	0.729	NA9
1956	8	26.609	996.119	-0.736	1.819	NA9
1956	9	26.385	996.205	-0.262	2.07	NA9
1956	10	26.258	996.447	0.085	-0.809	NA9
1956	11	25.989	996.198	1.033	-1.603	NA9
1956	12	25.359	995.608	0.958	-3.796	NA9
1957	1	24.913	996.103	0.186	-4.628	NA9
1957	2	24.649	996.766	0.263	-6.165	NA9
1957	3	25.539	997.018	0.01	-4.599	NA9
1957	4	26.276	996.754	-0.024	-2.385	NA9
1957	5	27.037	996.781	-0.107	-0.646	NA9
1957	6	27.167	996.547	-0.248	0.612	NA9
1957	7	26.611	996.12	0.03	0.972	NA9
1957	8	26.517	996.309	-0.659	3.341	NA9
1957	9	26.355	997.167	-0.414	2.651	NA9
1957	10	26.233	997.259	1.049	-0.067	NA9
1957	11	25.787	997.207	1.404	-2.797	NA9
1957	12	25.648	995.967	1.929	-5.259	NA9
1958	1	25.11	998.175	1.704	-4.87	NA9
1958	2	25.473	998.262	1.515	-3.287	NA9
1958	3	25.596	997.019	1.047	-4.842	NA9
1958	4	26.126	996.551	1.167	-3.474	NA9
1958	5	26.945	996.013	-0.062	-0.452	NA9
1958	6	27.103	996.093	-0.544	1.491	NA9
1958	7	26.687	996.527	-0.67	2.106	NA9
1958	8	26.708	995.993	-0.932	0.882	NA9
1958	9	26.814	996.506	0.019	2.032	NA9
1958	10	26.652	996.246	0.488	-0.301	NA9
1958	11	25.782	996.221	0.643	-2.903	NA9
1958	12	25.131	996.974	1.93	-4.404	NA9
1959	1	24.695	997.601	1.983	-7.333	NA9
1959	2	24.975	997.72	-0.009	-5.156	NA9
1959	3	25.379	996.688	0.641	-4.415	NA9
1959	4	26.025	996.32	1.948	-3.114	NA9
1959	5	26.942	995.536	0.053	-0.91	NA9
1959	6	27.203	996.896	0.383	1.917	NA9
1959	7	26.578	997.155	-0.135	2.786	NA9
1959	8	26.207	996.618	-0.495	3.815	NA9
1959	9	26.424	996.566	0.5	1.253	NA9
1959	10	26.411	996.864	0.769	-0.521	NA9
1959	11	26.338	995.51	0.765	-1.91	NA9
1959	12	25.834	995.882	1.234	-4.178	NA9
1960	1	25.108	996.339	1.236	-4.437	NA9
1960	2	24.867	996.532	1.25	-4.741	NA9
1960	3	25.501	996.42	-0.401	-4.55	NA9
1960	4	26.453	995.701	0.341	-2.891	NA9
1960	5	27.037	995.694	0.567	-0.95	NA9
1960	6	26.839	996.434	0.754	1.431	NA9
1960	7	26.732	996.399	0.124	1.05	NA9
1960	8	26.75	996.334	-0.105	3.624	NA9
1960	9	26.485	996.2	0.24	1.225	NA9
1960	10	26.298	996.808	0.317	0.394	NA9
1960	11	26.106	996.564	0.915	-2.662	NA9
1960	12	25.259	996.335	1.308	-4.047	NA9
1961	1	24.06	996.84	1.12	-6.016	NA9
1961	2	24.708	995.159	0.471	-5.46	NA9
1961	3	25.188	997.323	-0.046	-4.174	NA9
1961	4	26.137	995.589	0.686	-3.25	NA9
1961	5	26.801	995.754	1.226	-0.167	NA9
1961	6	26.618	996.338	0.107	1.321	NA9
1961	7	26.105	996.897	0.042	2.434	NA9
1961	8	26.191	996.852	-0.638	2.89	NA9
1961	9	26.104	996.827	-0.436	2.357	NA9
1961	10	25.789	996.637	-0.715	-1.144	NA9
1961	11	25.63	996.39	0.203	-4.27	NA9
1961	12	25.403	995.182	0.855	-4.833	NA9
1962	1	24.413	995.14	0.56	-5.831	NA9
1962	2	23.789	996.837	0.731	-5.676	NA9
1962	3	24.98	996.271	1.33	-4.049	NA9
1962	4	25.613	996.22	0.335	-2.216	NA9
1962	5	26.429	995.561	0.261	-0.007	NA9
1962	6	26.336	996.526	-0.311	0.768	NA9
1962	7	26.321	996.116	-0.551	3.137	NA9
1962	8	25.871	997.403	-0.738	2.191	NA9
1962	9	26.017	996.573	-0.747	1.558	NA9
1962	10	26.224	996.294	-0.781	-0.044	NA9
1962	11	25.492	996.089	0.216	-3.315	NA9
1962	12	24.693	996.398	1.944	-4.927	NA9
1963	1	23.834	995.748	2.586	-5.31	NA9
1963	2	23.62	997.279	0.792	-5.858	NA9
1963	3	24.12	996.54	0.407	-5.627	NA9
1963	4	25.156	996.276	-0.218	-3.127	NA9
1963	5	26.373	995.53	-0.147	0.309	NA9
1963	6	26.453	997.347	0.666	3.151	NA9
1963	7	26.047	996.915	-0.43	3.439	NA9
1963	8	25.951	996.884	-0.807	3.381	NA9
1963	9	26.226	997.427	-0.783	3.236	NA9
1963	10	25.817	997.788	0.25	1.507	NA9
1963	11	25.642	996.941	0.993	-2.865	NA9
1963	12	25.188	997.17	2.194	-3.289	NA9
1964	1	25.709	996.925	0.268	-4.311	NA9
1964	2	25.354	996.302	-0.609	-4.558	NA9
1964	3	25.713	996.741	0.394	-3.901	NA9
1964	4	26.722	995.461	-0.978	-1.106	NA9
1964	5	27.349	995.298	-0.961	1.436	NA9
1964	6	26.976	995.997	-0.523	2.694	NA9
1964	7	26.967	996.172	-0.854	2.576	NA9
1964	8	26.793	996.045	-1.057	3.602	NA9
1964	9	27.097	995.414	-1.781	1.398	NA9
1964	10	26.744	995.806	-0.988	0.211	NA9
1964	11	26.128	995.037	0.984	-0.809	NA9
1964	12	25.322	996.042	2.215	-2.701	NA9
1965	1	24.648	996.434	1.229	-4.015	NA9
1965	2	25.046	995.216	-0.299	-4.863	NA9
1965	3	25.312	996.388	0.116	-3.41	NA9
1965	4	26.459	996.624	-0.801	-0.604	NA9
1965	5	27.352	995.923	0.21	0.928	NA9
1965	6	27.236	997.481	-0.904	3.408	NA9
1965	7	26.75	997.135	-0.361	4.991	NA9
1965	8	26.882	997.082	-0.237	3.414	NA9
1965	9	26.868	997.34	-0.187	3.964	NA9
1965	10	26.713	997.193	-0.081	0.878	NA9
1965	11	26.658	997.005	1.674	-1.527	NA9
1965	12	25.974	995.753	2.442	-4.154	NA9
1966	1	25.343	997.919	1.593	-4.135	NA9
1966	2	25.428	997.069	1.296	-3.884	NA9
1966	3	26.126	996.455	0.232	-2.012	NA9
1966	4	27.158	996.374	-0.18	-0.501	NA9
1966	5	27.422	996.891	-0.055	1.437	NA9
1966	6	27.38	997.89	0.042	2.359	NA9
1966	7	27.149	996.571	-0.633	3.354	NA9
1966	8	27.267	997.072	-0.61	2.965	NA9
1966	9	27.131	997.362	-0.658	3.266	NA9
1966	10	27.057	997.071	0.333	1.028	NA9
1966	11	26.962	996.164	1.975	-0.854	NA9
1966	12	26.45	995.411	0.665	-1.615	NA9
1967	1	25.174	996.227	1.893	-4.538	NA9
1967	2	24.949	996.325	1.188	-4.566	NA9
1967	3	25.322	996.79	0.729	-4.336	NA9
1967	4	26.473	997.234	-0.063	-0.957	NA9
1967	5	27.403	996.425	-0.711	0.905	NA9
1967	6	27.223	996.549	-0.379	3.238	NA9
1967	7	26.86	996.853	-0.285	3.998	NA9
1967	8	26.943	997.368	-1.367	4.375	NA9
1967	9	26.752	997.796	-0.911	3.292	NA9
1967	10	26.594	997.53	0.014	1.024	NA9
1967	11	26.177	996.62	0.754	-1.987	NA9
1967	12	25.406	997.454	2.632	-3.819	NA9
1968	1	24.749	995.92	1.781	-4.393	NA9
1968	2	24.423	997.612	1.165	-5.351	NA9
1968	3	25.384	996.423	0.768	-3.157	NA9
1968	4	26.414	997.284	0.675	-1.606	NA9
1968	5	27.538	996.393	-0.192	0.053	NA9
1968	6	27.721	997.22	-0.652	1.16	NA9
1968	7	27.509	997.1	-0.558	2.172	NA9
1968	8	27.319	997.287	-1.225	3.487	NA9
1968	9	27.127	997.391	-0.572	3.196	NA9
1968	10	26.843	997.492	-0.1	-0.309	NA9
1968	11	26.309	997.892	1.767	-1.323	NA9
1968	12	25.882	996.261	1.397	-3.358	NA9
1969	1	25.626	996.538	1.308	-4.732	NA9
1969	2	25.414	997.396	0.848	-4.813	NA9
1969	3	25.956	997.619	0.687	-3.471	NA9
1969	4	26.855	997.708	0.213	-0.787	NA9
1969	5	28.037	996.43	0.39	1.316	NA9
1969	6	27.881	997.232	-0.156	2.674	NA9
1969	7	27.222	997.592	-0.775	3.633	NA9
1969	8	27.102	997.864	-0.005	3.038	NA9
1969	9	27.258	996.827	-0.928	4.406	NA9
1969	10	27.275	997.269	0.261	1.075	NA9
1969	11	26.87	996.856	1.838	0.127	NA9
1969	12	26.081	997.002	2.775	-2.394	NA9
1970	1	25.656	997.809	1.575	-3.392	NA9
1970	2	25.317	997.769	1.166	-4.215	NA9
1970	3	26.248	996.606	0.303	-3.247	NA9
1970	4	26.817	997.099	0.596	-2.062	NA9
1970	5	27.782	996.197	-0.131	-0.09	NA9
1970	6	27.8	996.928	-0.257	2.448	NA9
1970	7	27.29	997.618	-0.852	3.524	NA9
1970	8	26.99	996.671	-0.945	3.372	NA9
1970	9	27.274	996.103	-0.533	1.883	NA9
1970	10	27.281	995.814	0.471	1.188	NA9
1970	11	26.782	996.102	1.514	-1.521	NA9
1970	12	26.297	995.54	1.796	-2.79	NA9
1971	1	24.947	996.044	1.838	-4.839	NA9
1971	2	24.958	995.197	0.901	-3.76	NA9
1971	3	25.329	996.323	1.027	-3.245	NA9
1971	4	26.272	996.02	0.318	-0.684	NA9
1971	5	27.234	995.962	0.472	1.32	NA9
1971	6	27.083	997.026	-0.06	2.718	NA9
1971	7	26.748	996.519	-0.317	4.026	NA9
1971	8	26.723	996.889	-1.044	2.165	NA9
1971	9	27.143	996.458	-0.937	1.578	NA9
1971	10	26.831	996.67	0.35	0.858	NA9
1971	11	26.511	996.509	1.346	-0.937	NA9
1971	12	26.045	995.807	2.426	-3.936	NA9
1972	1	25.051	996.484	1.37	-3.111	NA9
1972	2	25.4	995.691	0.891	-3.473	NA9
1972	3	25.089	996.823	0.251	-3.335	NA9
1972	4	26.298	997.328	0.396	-1.31	NA9
1972	5	27.216	997.061	-0.516	1.764	NA9
1972	6	27.362	996.66	-0.282	3.213	NA9
1972	7	27.314	997.044	-1.355	6.276	NA9
1972	8	27.067	997.745	-1.036	4.468	NA9
1972	9	27.196	997.556	0.248	4.182	NA9
1972	10	27.307	997.985	1.472	1.145	NA9
1972	11	26.986	996.919	2.269	-1.73	NA9
1972	12	26.312	997.986	1.927	-2.327	NA9
1973	1	25.784	997.453	1.054	-4.214	NA9
1973	2	25.719	998.183	0.978	-4.685	NA9
1973	3	26.11	997.097	0.122	-4.142	NA9
1973	4	27.155	996.259	0.488	-1.617	NA9
1973	5	27.927	996.673	-0.314	-0.058	NA9
1973	6	28.146	996.412	-0.642	1.558	NA9
1973	7	27.793	996.338	-0.406	3.212	NA9
1973	8	27.589	996.568	-1.068	2.046	NA9
1973	9	27.545	997.325	-0.547	0.785	NA9
1973	10	27.382	995.634	0.242	0.791	NA9
1973	11	26.74	995.648	2.2	-1.468	NA9
1973	12	26.036	995.758	2.69	-2.369	NA9
1974	1	24.925	995.24	0.769	-3.705	NA9
1974	2	25.276	995.526	1.301	-3.446	NA9
1974	3	25.275	996.637	1.199	-3.717	NA9
1974	4	26.564	996.116	1.137	-0.821	NA9
1974	5	27.379	996.353	-0.299	0.685	NA9
1974	6	27.526	996.615	-0.592	2.916	NA9
1974	7	27.314	997.191	-0.831	2.946	NA9
1974	8	27.531	996.603	-1.161	4.173	NA9
1974	9	27.44	996.749	-0.331	1.192	NA9
1974	10	27.255	996.032	0.432	1.434	NA9
1974	11	26.653	995.662	0.887	-0.646	NA9
1974	12	26.086	995.868	1.017	-2.273	NA9
1975	1	25.414	996.949	1.854	-4.031	NA9
1975	2	25.415	996.863	1.194	-3.804	NA9
1975	3	25.957	996.538	0.543	-3.05	NA9
1975	4	26.78	995.621	0.503	-1.818	NA9
1975	5	27.657	996.112	-0.116	0.653	NA9
1975	6	27.483	996.64	-0.922	1.999	NA9
1975	7	27.14	996.962	-0.585	2.18	NA9
1975	8	27.321	996.239	-1.511	3.29	NA9
1975	9	27.151	996.501	-1.127	0.845	NA9
1975	10	27.143	996.123	-0.461	0.466	NA9
1975	11	26.394	996.35	1.161	-1.941	NA9
1975	12	25.774	995.24	1.849	-2.726	NA9
1976	1	24.746	996.195	2.091	-3.025	NA9
1976	2	24.778	996.612	0.492	-3.737	NA9
1976	3	25.643	996.277	0.665	-3.504	NA9
1976	4	26.431	997.298	0.617	-0.102	NA9
1976	5	27.289	997.312	0.209	3.485	NA9
1976	6	27.143	997.117	-0.671	3.477	NA9
1976	7	26.977	997.98	-0.512	5.281	NA9
1976	8	26.824	998.152	-0.771	4.542	NA9
1976	9	27.019	998.235	-0.753	4.703	NA9
1976	10	27.219	997.29	0.134	0.193	NA9
1976	11	26.93	996.329	1.02	-0.718	NA9
1976	12	26.09	996.444	1.474	-2.158	NA9
1977	1	25.645	996.567	0.251	-3.13	NA9
1977	2	25.122	996.951	1.681	-3.954	NA9
1977	3	25.307	998.197	1.3	-3.863	NA9
1977	4	26.585	997.099	-0.006	-1.791	NA9
1977	5	27.604	997.147	-0.075	1.243	NA9
1977	6	27.865	997.219	-0.286	2.918	NA9
1977	7	27.548	996.699	-1.044	5.423	NA9
1977	8	27.348	997.73	-0.85	4.858	NA9
1977	9	27.262	997.739	-0.869	4.794	NA9
1977	10	27.124	998.243	-0.083	0.796	NA9
1977	11	26.638	997.53	1.085	-1.017	NA9
1977	12	25.814	997.842	1.045	-3.222	NA9
1978	1	25.365	997.718	2.069	-4.303	NA9
1978	2	25.074	999.08	0.818	-4.788	NA9
1978	3	26.169	997.315	-0.156	-3.277	NA9
1978	4	26.871	997.307	0.849	-1.058	NA9
1978	5	27.838	995.514	-0.789	0.222	NA9
1978	6	27.882	996.646	-0.359	2.123	NA9
1978	7	27.561	996.472	-0.733	2.779	NA9
1978	8	27.629	996.816	-1.167	3.718	NA9
1978	9	27.252	997.163	-0.351	2.249	NA9
1978	10	27.066	996.724	-0.295	2.057	NA9
1978	11	26.504	997.252	0.069	-0.688	NA9
1978	12	26.097	997.064	1.29	-3.132	NA9
1979	1	25.096	998.15	2.041	-4.878	NA9
1979	2	25.537	997.454	1.353	-3.616	NA9
1979	3	26.075	997.272	0.376	-2.919	NA9
1979	4	27.139	996.863	0.388	-0.512	NA9
1979	5	27.871	997.149	-0.46	0.672	NA9
1979	6	27.688	997.211	-0.443	2.451	NA9
1979	7	27.377	998.598	-0.752	4.32	NA9
1979	8	27.241	997.661	-1.186	3.978	NA9
1979	9	27.441	997.587	-0.759	1.389	NA9
1979	10	26.823	997.84	0.93	1.538	NA9
1979	11	26.688	996.525	1.615	-0.824	NA9
1979	12	25.692	997.866	0.891	-2.622	NA9
1980	1	25.413	996.721	1.186	-4.011	0
1980	2	25.248	997.614	0.199	-4.918	14.3108443708609
1980	3	25.773	997.84	-0.364	-3.225	37.0702012383901
1980	4	26.767	996.921	0.334	-1.738	51.35352
1980	5	27.773	997.113	0.058	1.597	195.200316455696
1980	6	27.774	997.569	-0.322	2.889	257.598000000001
1980	7	27.5	997.859	-0.684	3.775	160.340518638574
1980	8	27.294	998.259	-1.076	3.971	174.042076069731
1980	9	27.228	998.071	-0.552	4.214	332.866584766585
1980	10	27.314	997.674	-0.027	1.315	145.967260940033
1980	11	26.797	996.872	1.216	-0.855	17.8802643171806
1980	12	25.995	996.283	2.235	-1.773	0.000248756218905473
1981	1	24.777	997.246	0.539	-3.327	0
1981	2	25.071	997.477	0.776	-4.308	25.5620068610635
1981	3	25.905	998.673	0.183	-2.906	28.611919504644
1981	4	27.087	997.649	-0.18	-0.793	91.0026186579378
1981	5	27.931	996.567	0.159	0.865	148.095510835914
1981	6	27.919	997.448	-1.046	2.805	163.413654946852
1981	7	27.481	996.936	-1.215	2.917	227.824425059477
1981	8	27.555	997.603	-1.011	5.072	197.465265082267
1981	9	27.519	997.256	-0.62	2.275	132.370819672131
1981	10	27.13	997.374	0.724	1.026	87.5735923869945
1981	11	26.71	996.44	0.41	-0.688	49.5953608247423
1981	12	25.651	997.545	1.652	-3.514	0.0831535269709544
1982	1	25.042	997.283	1.179	-3.409	0.0370656370656371
1982	2	25.037	997.292	-0.225	-3.018	13.7247448979592
1982	3	25.99	997.257	-0.031	-2.215	43.6504538577912
1982	4	26.829	997.494	0.102	-1.213	83.6031274433151
1982	5	27.877	997.431	0.738	1.702	120.809682299546
1982	6	27.909	998.364	-0.663	4.168	145.424237685692
1982	7	27.118	998.225	-0.938	5.859	142.91278366112
1982	8	27.16	998.562	-1.041	5.787	214.555597579425
1982	9	27.077	999.132	-0.892	4.424	394.899687255669
1982	10	26.909	998.293	0.143	2.475	108.336081694402
1982	11	26.912	997.614	0.96	-0.283	38.6966426858513
1982	12	26.464	997.708	2.437	-1.623	1.3357034795764
1983	1	25.791	999.206	1.128	-3.534	3.80247678018576
1983	2	25.803	999.633	0.868	-3.566	4.35283018867924
1983	3	26.375	999.124	0.074	-2.682	4.76818885448916
1983	4	27.279	997.629	0.992	-1.891	27.94008
1983	5	27.817	997.611	-0.455	0.504	134.494387351779
1983	6	28.267	997.671	-0.631	2.648	225.8904
1983	7	27.859	997.757	-0.204	3.861	154.096439628483
1983	8	27.691	998.296	-0.644	4.185	299.556733746131
1983	9	27.662	997.745	-0.426	2.703	224.18592
1983	10	27.526	997.136	-0.557	0.861	229.300773993808
1983	11	26.86	997.736	1.514	0.661	26.74104
1983	12	25.833	997.5	1.494	-2.21	0.585759493670886
1984	1	25.448	996.555	0.92	-2.842	1.19319213313162
1984	2	25.383	995.927	0.162	-3.446	16.7351941747573
1984	3	26.215	997.314	0.636	-2.33	40.2835098335855
1984	4	27.339	996.721	-0.189	-0.46	102.860828772479
1984	5	28.053	996.694	-0.617	1.262	157.081770045386
1984	6	27.789	996.97	-0.405	3.172	154.722126661455
1984	7	27.448	996.958	-0.608	2.985	152.949394856279
1984	8	27.492	997.015	-0.695	4.465	270.065824782952
1984	9	27.117	997.551	-0.687	1.158	214.109929632526
1984	10	27.033	997.799	0.797	1.828	142.633204633205
1984	11	26.71	997.154	0.816	-0.706	26.5897763578275
1984	12	26.171	995.664	0.938	-2.368	0.000926640926640927
1985	1	25.35	997.526	1.377	-2.902	17.4578668683812
1985	2	26.144	994.68	0.489	-2.74	32.978313253012
1985	3	26.6	996.821	-0.268	-3.042	21.9882753403933
1985	4	27.193	995.621	0.726	0.344	114.7456606724
1985	5	27.791	995.802	-0.944	1.077	190.691301059002
1985	6	28.034	997.252	-0.985	4.307	155.158874120407
1985	7	27.218	997.993	-0.189	3.881	170.360968229955
1985	8	27.456	997.484	-1.168	4.381	205.669515885023
1985	9	27.057	997.531	-0.858	2.708	262.154261141517
1985	10	27.01	997.641	0.242	1.329	143.395915279879
1985	11	27.013	996.95	1.997	-1.062	28.0941594317285
1985	12	26.258	996.99	1.836	-1.214	0.00927357032457496
1986	1	25.488	996.153	1.61	-2.935	0
1986	2	25.395	997.735	0.488	-2.982	0.591701592623638
1986	3	25.946	996.855	0.245	-1.958	18.50741301059
1986	4	27.118	996.944	0.288	-0.977	88.2114933541831
1986	5	27.959	997.342	-0.41	3.452	199.463691376702
1986	6	28.116	996.498	-1.19	2.619	121.42799061767
1986	7	27.75	997.951	-0.409	3.673	167.151059001513
1986	8	27.658	996.882	-0.37	6.286	234.12776096823
1986	9	27.489	998.086	-0.098	3.149	170.789201877935
1986	10	27.25	998.301	0.32	0.923	146.573373676248
1986	11	27.018	997.398	0.799	0.053	8.52103205629397
1986	12	25.934	998.356	1.303	-2.79	2.42723146747353
1987	1	25.393	998.063	1.811	-4.543	0
1987	2	24.966	999.063	0.973	-4.564	10.8450125733445
1987	3	26.189	998.788	0.335	-2.494	23.4651285930408
1987	4	27.318	998.302	0.167	-0.738	53.7295543393276
1987	5	28.299	998.164	-0.339	1.396	101.763540090772
1987	6	28.382	997.815	-1.166	3.972	195.153166536357
1987	7	27.936	998.783	-0.437	4.958	143.711573373676
1987	8	27.792	998.456	-0.012	4.729	182.65915279879
1987	9	27.729	998.586	-0.294	4.428	346.490148553558
1987	10	27.869	998.065	-0.031	1.322	98.2538577912256
1987	11	27.621	997.115	0.862	0.451	60.986082877248
1987	12	26.65	997.581	2.427	-2.013	1.40491679273828
1988	1	26.739	996.9	1.28	-2.639	0.493116490166415
1988	2	26.507	997.204	-0.181	-2.918	21.0575242718447
1988	3	27.042	996.032	-0.322	-2.845	20.2502269288956
1988	4	27.654	997.148	0.987	-0.514	89.1961688819391
1988	5	28.531	996.799	-0.759	1.432	187.480484114978
1988	6	28.132	997.661	-0.627	3.659	225.018764659891
1988	7	27.934	997.537	-0.899	3.798	144.658547655068
1988	8	27.942	997.659	-1.371	2.512	125.206510219531
1988	9	27.985	996.599	-0.995	2.19	173.188193901486
1988	10	27.569	996.226	-0.402	1.524	179.257942511347
1988	11	26.786	996.197	1.626	-0.946	1.03932759968726
1988	12	25.413	996.942	1.315	-1.926	0.000226928895612708
1989	1	25.982	995.532	0.156	-2.861	3.05151285930409
1989	2	25.512	996.892	-0.076	-2.369	0.983738474434199
1989	3	26.035	996.404	0.408	-2.116	52.7845688350984
1989	4	27.262	996.144	-0.652	-1.21	48.512744331509
1989	5	28.014	996.279	-0.268	1.503	200.095688350984
1989	6	27.679	997.757	-0.816	2.784	133.982251759187
1989	7	27.733	997.23	-1.055	3.173	191.892889561271
1989	8	27.437	997.235	-1.358	4.226	231.564599092285
1989	9	27.398	997.51	-0.875	2.957	157.303909304144
1989	10	27.231	997.242	0.338	1.752	118.716036308623
1989	11	26.665	997.229	0.511	-0.798	7.54691164972635
1989	12	25.569	997.764	1.353	-2.781	0
1990	1	25.564	997.019	0.701	-3.917	9.6161119515885
1990	2	25.819	998.851	-0.177	-3.483	33.041743503772
1990	3	25.928	998.431	-0.183	-3.374	81.1434190620272
1990	4	27.298	996.747	0.131	-0.883	49.3104769351056
1990	5	27.962	996.184	0.381	1.455	183.963993948563
1990	6	28.007	997.083	-0.255	4.017	174.045269741986
1990	7	27.478	997.63	-0.213	4.609	212.854084720121
1990	8	27.621	997.681	-0.519	5.448	204.107791225416
1990	9	27.252	997.981	-0.745	4.154	251.612275215012
1990	10	27.205	997.575	-0.144	1.5	169.284190620273
1990	11	26.927	997.175	1.038	0.185	32.6136825645035
1990	12	26.038	997.33	1.933	-3.346	0
1991	1	25.586	997.228	0.637	-3.723	0.885022692889561
1991	2	25.581	997.736	0.627	-3.816	3.48309012875536
1991	3	26.066	997.791	-0.264	-2.223	21.3723903177004
1991	4	26.982	996.833	-0.131	-1.037	31.6172770700637
1991	5	27.759	997.253	-0.535	1.997	146.447428139183
1991	6	27.969	997.542	-0.553	3.621	158.085222830337
1991	7	27.651	997.9	-0.533	4.89	137.454462934947
1991	8	27.519	998.118	-1.258	5.758	275.220953101362
1991	9	27.387	998.857	-0.579	4.741	306.475215011728
1991	10	27	997.42	0.533	2.874	131.153101361574
1991	11	26.386	997.79	1.219	0.043	0.000938232994526974
1991	12	26.075	997.559	1.267	-2.784	4.25060514372163
1992	1	25.25	999.527	1.303	-3.13	17.3031013615734
1992	2	25.452	998.568	0.902	-3.713	13.2924757281553
1992	3	25.997	998.698	-0.723	-2.462	2.75559757942511
1992	4	27.138	997.579	0.668	-0.677	21.0168881939015
1992	5	27.94	996.813	-1.085	1.046	122.298789712557
1992	6	28.075	996.641	-1.048	3.23	222.091946833464
1992	7	27.366	998.302	-0.381	4.051	187.995612708019
1992	8	27.567	997.783	-0.876	4.5	256.418759455371
1992	9	27.183	997.484	-0.424	2.359	191.159343236904
1992	10	26.818	997.18	0.181	1.582	100.007564296521
1992	11	25.248	997.512	1.809	-0.896	0.212040656763096
1992	12	25.036	998.132	1.676	-2.957	12.7633888048412
1993	1	24.39	997.671	0.746	-3.301	1.51838124054463
1993	2	24.018	998.326	0.685	-2.761	4.74970662196144
1993	3	25.599	998.297	-0.437	-2.041	42.8596066565809
1993	4	26.618	997.854	0.083	-0.826	92.1785770132917
1993	5	27.483	997.518	-0.195	1.001	158.0276096823
1993	6	27.974	997.867	-0.135	2.991	177.55027365129
1993	7	27.588	997.774	-0.77	4.002	182.367104247105
1993	8	27.356	999.113	-0.71	4.252	145.157374517375
1993	9	27.047	998.688	-0.251	2.621	216.328381548084
1993	10	26.814	998.539	0.275	1.304	71.8627080181544
1993	11	26.838	996.575	0.734	-0.206	0.685613760750587
1993	12	26.292	996.445	1.648	-1.331	5.49706563706564
1994	1	25.648	996.769	1.472	-2.61	0.0408472012102874
1994	2	25.657	996.71	-0.057	-2.561	36.3995808885163
1994	3	25.964	997.764	0.469	-1.813	71.5064296520424
1994	4	26.884	996.953	0.005	0.305	49.0517591868648
1994	5	27.671	997.48	0.593	1.829	202.490468986385
1994	6	27.721	997.22	-0.881	2.758	213.945738858484
1994	7	27.535	997.698	-0.607	4.94	86.2663388804843
1994	8	27.108	998.428	-1.193	4.217	245.282450832073
1994	9	26.952	998.652	-0.365	3.836	211.081548084441
1994	10	26.824	998.183	0.152	1.433	63.4268532526476
1994	11	26.342	997.287	0.63	-1.705	0.92556684910086
1994	12	25.989	997.834	0.628	-2.167	1.91096822995461
1995	1	25.436	997.788	1.253	-3.208	1.38086232980333
1995	2	25.193	997.888	0.359	-2.642	12.4232187761945
1995	3	25.661	997.271	0.791	-2.615	32.8096066565809
1995	4	26.639	996.928	0.5	-1.457	54.5458170445661
1995	5	27.526	997.117	-0.034	0.572	168.765204236006
1995	6	27.779	997.078	-0.733	1.961	149.0570758405
1995	7	27.472	997.126	-0.906	2.178	257.619667170953
1995	8	27.577	997.458	-0.97	2.906	186.588880484115
1995	9	27.391	998.053	-0.618	2.215	229.307896794371
1995	10	27.304	996.543	-0.076	1.166	100.915506807867
1995	11	27.012	996.599	1.554	-0.51	16.7927286942924
1995	12	26.073	997.013	1.067	-1.279	0.230105900151286
1996	1	25.463	996.26	0.711	-2.129	1.87488653555219
1996	2	25.079	996.416	0.471	-2.58	10.2932038834951
1996	3	25.893	996.413	-0.176	-1.901	31.0454614220878
1996	4	26.688	996.411	-0.176	-0.178	115.768334636435
1996	5	27.503	997.514	-0.751	1.28	147.619288956127
1996	6	27.671	997.284	-0.043	1.411	162.048318999218
1996	7	27.895	997.065	-1.164	2.368	115.929803328291
1996	8	27.557	997.651	-1.359	1.744	176.78124054463
1996	9	27.518	996.339	-0.549	2.14	356.599609069586
1996	10	27.464	996.805	0.163	0.07	135.935239567234
1996	11	27.05	996.071	0.89	0.202	90.2973621103118
1996	12	25.922	996.101	2.59	-3.184	0.0004739336492891
1997	1	25.081	997.506	0.993	-3.033	0.826970633693972
1997	2	25.67	996.198	-0.005	-2.709	14.0665549036044
1997	3	25.688	998.458	-0.696	-2.045	46.9656580937973
1997	4	26.838	998.245	-0.348	-0.383	87.37200938233
1997	5	27.749	997.517	-0.295	1.305	155.017170953102
1997	6	27.977	998.403	-0.835	3.005	143.268647380766
1997	7	27.786	998.276	-0.929	3.52	232.227912254161
1997	8	27.774	999.284	-0.74	4.654	199.364750378215
1997	9	27.552	999.73	-0.194	2.557	152.514229867084
1997	10	27.667	999.447	0.768	0.913	98.8524962178518
1997	11	27.271	998.786	0.637	-0.416	3.12619233776388
1997	12	26.718	998.15	1.292	-2.081	0.000226928895612708
1998	1	26.113	998.716	0.925	-2.087	0.901815431164902
1998	2	26.069	999.725	0.344	-1.871	23.5626990779547
1998	3	26.654	998.802	-0.02	-1.836	20.717019667171
1998	4	27.145	998.182	0.172	-1.243	57.4334636434715
1998	5	28.203	997.149	-0.679	0.2	145.219288956127
1998	6	28.421	997.424	-0.685	0.623	146.626817826427
1998	7	28.214	997.464	-0.81	1.168	140.495990922844
1998	8	28.047	997.866	-0.586	1.635	214.333661119516
1998	9	28.109	997.507	-0.089	1.501	194.867625899281
1998	10	27.736	996.77	0.131	0.668	85.7357791225416
1998	11	27.511	995.994	1.307	-0.811	60.4232613908873
1998	12	27.057	996.085	1.568	-1.774	1.66452344931921
1999	1	26.42	994.692	1.217	-2.379	2.40499243570348
1999	2	25.679	996.66	0.925	-3.62	2.16085498742666
1999	3	26.458	994.5	-0.161	-1.68	70.2982602118003
1999	4	26.991	995.711	-0.191	-0.666	159.291321344801
1999	5	27.517	996.643	-0.596	0.15	211.840166414524
1999	6	27.426	997.079	-1.273	0.926	165.62744331509
1999	7	27.508	996.883	-1.45	2.266	180.618381240545
1999	8	27.205	997.901	-1.251	2.66	111.524432677761
1999	9	27.215	997.276	-0.88	1.576	227.134949179046
1999	10	27.293	996.567	-0.065	-0.625	126.152723146748
1999	11	27.022	995.849	0.814	-1.018	40.6449569976544
1999	12	26.56	995.326	1.888	-2.224	0.317473524962178
2000	1	26.095	995.811	0.379	-4.021	5.71738794435858
2000	2	25.775	995.646	0.226	-2.948	33.7349514563107
2000	3	26.342	995.83	0.489	-1.654	12.3063540090772
2000	4	27.252	995.915	0.896	-1.685	159.628381548085
2000	5	27.682	996.397	0.165	0.412	251.139031770046
2000	6	27.57	996.942	-1.105	0.945	238.10242376857
2000	7	27.318	996.53	-1.036	2.784	207.094856278367
2000	8	27.514	996.916	-0.994	2.371	286.732148260212
2000	9	27.254	997.117	-1.052	1.351	175.351993745113
2000	10	27.286	995.86	-0.231	-0.516	96.9721633888049
2000	11	27.025	995.072	0.648	-1.88	1.52086330935252
2000	12	26.724	995.167	1.542	-2.396	0.000231839258114374
2001	1	26.155	995.874	1.061	-2.768	10.8984871406959
2001	2	26.002	994.994	0.25	-3.128	4.49522212908634
2001	3	26.512	996.44	1.625	-2.586	74.0659606656581
2001	4	27.503	996.301	0.166	-1.452	38.9111024237686
2001	5	27.957	996.672	0.65	1.013	134.193494704993
2001	6	27.701	996.5	-0.214	1.286	243.829632525411
2001	7	27.427	996.856	-0.841	2.783	160.944099848714
2001	8	27.578	997.096	-1.17	4.567	294.412102874433
2001	9	27.478	997.172	-1.401	1.626	255.631196247068
2001	10	27.292	996.721	-0.344	0.117	162.459613899614
2001	11	26.751	996.279	1.059	-0.494	38.0046325878594
2001	12	25.999	997.32	1.019	-2.799	0.829676400947119
2002	1	25.433	997.296	1.602	-4.169	1.52577399380805
2002	2	25.089	998.253	0.498	-4.584	12.1147512864494
2002	3	25.735	997.092	1.246	-3.098	29.6637770897833
2002	4	26.908	996.446	0.199	-1.388	76.21008
2002	5	27.715	997.022	-0.688	0.964	113.4076625387
2002	6	27.823	997.261	-0.85	2.187	170.32824
2002	7	27.798	998.108	-1.089	4.875	179.683513931889
2002	8	27.247	997.877	-0.776	4.16	296.535139318886
2002	9	27.042	998.605	-0.696	2.13	365.80464
2002	10	27.344	997.364	0.547	0.526	75.2978190630048
2002	11	27.144	996.744	1.68	-0.933	20.6244983277592
2002	12	26.543	997.581	0.64	-2.803	17.0658319870759
2003	1	25.593	997.843	1.455	-3.668	0.192724458204334
2003	2	25.18	997.041	0.269	-4.34	24.8127416520211
2003	3	25.685	997.518	-0.327	-3.242	59.0482198142415
2003	4	26.76	996.791	0.298	-1.525	63.50544
2003	5	27.537	996.625	-0.839	1.541	146.72786377709
2003	6	27.351	997.319	-0.687	1.443	154.384124386252
2003	7	27.539	997.755	-0.53	2.88	136.57592879257
2003	8	27.552	997.612	-1.109	3.092	218.226547987616
2003	9	27.177	997.951	-0.682	2.019	277.5996
2003	10	26.922	997.388	0.519	0.299	54.7376582278481
2003	11	26.833	996.59	0.344	-0.779	0.159328968903437
2003	12	25.917	996.656	1.368	-2.678	0.000237341772151899
2004	1	25.446	997.236	0.865	-3.478	16.1118795768918
2004	2	25.39	997.039	1.715	-3.214	33.3440577249575
2004	3	25.975	996.613	0.815	-2.809	20.489512195122
2004	4	27.166	997.038	0.258	-0.551	60.966773418735
2004	5	27.482	996.563	0.161	0.117	133.948024786987
2004	6	27.442	998.022	-0.924	3.573	223.932605042017
2004	7	27.127	997.669	-0.826	2.448	261.343379366369
2004	8	27.272	998.06	-1.511	4.923	193.764213787762
2004	9	27.001	998.187	-0.658	1.545	148.734836065574
2004	10	26.694	997.911	0.024	0.35	6.95195121951219
2004	11	26.557	996.844	1.225	-1.178	5.09546218487395
2004	12	26.124	996.637	0.877	-2.284	1.6163469557965
2005	1	25.157	997.236	0.718	-4.272	0.0577981651376147
2005	2	25.36	998.349	-0.079	-3.842	1.73198594024605
2005	3	25.736	998.022	0.29	-3.264	23.7320681642138
2005	4	26.526	997.903	0.936	-1.693	71.9065652522017
2005	5	27.649	997.068	-0.883	0.888	145.503018575852
2005	6	28.095	996.843	-0.502	1.617	136.579918032787
2005	7	27.627	997.629	-1.136	2.753	183.692182662539
2005	8	27.524	997.73	-1.309	3.443	186.589107413011
2005	9	27.422	997.619	-1.171	2.329	246.84384
2005	10	27.252	997.097	0.058	-0.429	67.6802380952382
2005	11	26.876	996.485	1.074	-1.568	66.3622641509434
2005	12	26.318	995.974	1.166	-2.245	2.1420604182804
2006	1	25.749	996.054	0.184	-3.364	0
2006	2	25.685	996.766	0.575	-3.329	7.76253298153034
2006	3	26.06	996.305	1.12	-2.496	50.8344995931652
2006	4	26.906	996.405	1.007	-2.047	95.4159967186219
2006	5	27.459	997.23	0.028	0.006	134.306904761905
2006	6	27.82	997.264	-0.402	1.456	106.839151321057
2006	7	27.647	997.997	-1.201	3.909	198.526103795507
2006	8	27.358	997.806	-1.445	4.613	247.820476190476
2006	9	27.24	998.048	-1.019	2.629	203.025430680886
2006	10	26.91	998.26	0.209	2.142	200.078763222132
2006	11	27.102	996.793	1.011	-1.068	13.4756896551724
2006	12	26.636	996.308	1.346	-1.963	0.208173477898249
2007	1	25.741	997.092	1.207	-3.062	2.24377542717657
2007	2	25.355	997.334	0.345	-3.167	12.5375112714157
2007	3	26.031	996.769	0.174	-2.758	33.5453213995118
2007	4	26.854	997.027	0.428	-1.214	66.9804643714972
2007	5	27.549	997.062	0.424	0.603	242.057214345288
2007	6	27.846	995.604	-1.176	0.583	111.42781512605
2007	7	27.475	997.226	-0.792	2.975	125.64670558799
2007	8	27.364	997.364	-1.494	3.219	269.919432860718
2007	9	27.214	996.796	-0.873	2.472	253.579915966387
2007	10	26.998	996.497	-0.255	0.709	207.920547945206
2007	11	26.386	995.701	0.655	0.223	7.82362831858407
2007	12	26.21	995.078	0.861	-2.34	0.0105540897097625
2008	1	25.763	995.982	-0.17	-2.858	NA
2008	2	25.368	995.934	0.974	-3.086	NA
2008	3	25.904	996.208	0.314	-2	NA
2008	4	26.868	995.901	0.233	-0.365	NA
2008	5	27.117	996.688	-0.243	1.87	NA
2008	6	27.312	997.233	-0.802	1.81	NA
2008	7	27.13	997.283	-1.286	2.565	NA
2008	8	27.06	997.332	-0.914	3.023	NA
2008	9	27.249	997.217	-1.078	2.054	NA
2008	10	27.227	997.073	0.177	0.5	NA
2008	11	27.048	995.833	1.5	-0.957	NA
2008	12	26.523	995.61	1.879	-1.465	NA
2009	1	25.471	996.484	1.543	-2.161	NA
2009	2	25.88	995.687	0.079	-2.351	NA
2009	3	26.405	996.774	0.183	-1.794	NA
2009	4	27.303	996.361	-0.522	-0.552	NA
2009	5	27.32	995.957	-0.366	0.702	NA
2009	6	27.479	997.234	-0.293	2.423	NA
2009	7	27.343	997.193	-1.155	3.235	NA
2009	8	27.313	996.978	-1.163	3.683	NA
2009	9	27.385	996.91	-1.081	3.078	NA
2009	10	26.792	997.234	0.321	1.269	NA
2009	11	26.785	995.731	1.073	-1.04	NA
2009	12	25.939	996.902	1.588	-3.665	NA
2010	1	25.642	997.391	1.116	-4.22	NA
2010	2	25.682	998.016	0.208	-3.938	NA
2010	3	26.189	997.582	0.517	-3.429	NA
2010	4	26.984	997.208	0.522	-2.333	NA
2010	5	27.929	995.683	-0.494	-0.955	NA
2010	6	28.016	997.114	-1.353	0.699	NA
2010	7	27.644	996.882	-1.266	0.324	NA
2010	8	27.58	996.938	-1.101	1.295	NA
2010	9	27.463	996.63	-1.265	-0.089	NA
2010	10	27.362	995.714	-0.124	0.042	NA
2010	11	27.001	995.603	1.761	-1.524	NA
2010	12	26.428	994.065	2.602	-1.98	NA
2011	1	25.673	994.955	0.33	-2.799	NA
2011	2	25.313	995.548	-0.016	-2.404	NA
2011	3	25.713	995.585	0.607	-2.502	NA
2011	4	26.185	996.221	0.261	-1.687	NA
2011	5	27.575	996.485	0.067	0.695	NA
2011	6	27.332	996.576	-0.904	2.241	NA
2011	7	26.998	996.742	-0.783	3.002	NA
2011	8	26.901	997.04	-0.944	3.383	NA
2011	9	27.025	997.306	-1.374	2.11	NA
2011	10	26.897	996.492	-0.255	-0.105	NA
2011	11	27.071	995.522	0.042	-1.324	NA
2011	12	26.513	995.115	0.494	-3.284	NA
2012	1	26.047	995.736	0.165	-3.303	NA
2012	2	25.777	995.647	-0.321	-2.953	NA
2012	3	26.269	995.72	-0.136	-2.679	NA
2012	4	26.912	996.95	0.597	-1.771	NA
2012	5	27.57	996.107	-0.766	0.224	NA
2012	6	27.465	996.888	-1.04	2.809	NA
2012	7	26.897	996.638	-1.066	2.807	NA
2012	8	27.104	997.692	-1.479	3.7	NA
2012	9	26.885	997.454	-0.578	2.357	NA
2012	10	26.629	996.728	0.185	0.416	NA
2012	11	26.662	996.33	1.323	-2.2	NA
2012	12	26.603	995.654	1.459	-2.649	NA
2013	1	25.699	996.537	1.001	-3.298	NA
2013	2	25.859	995.947	-0.006	-3.668	NA
2013	3	26.291	997.014	0.478	-3.486	NA
2013	4	27.354	996.26	0.331	-1.573	NA
2013	5	27.896	996.412	-0.445	-0.764	NA
2013	6	27.63	995.488	-0.952	0.438	NA
2013	7	27.057	996.391	-0.545	1.278	NA
2013	8	26.951	997.234	-0.763	2.344	NA
2013	9	27.011	996.815	-0.777	2.188	NA
2013	10	26.586	997.119	-0.268	0.872	NA
2013	11	26.573	995.685	1.567	-1.633	NA
2013	12	26.333	995.596	1.647	-2.447	NA
2014	1	25.016	996.705	1.073	-3.262	NA
2014	2	24.93	996.622	-0.56	-3.977	NA
2014	3	25.715	997.388	-0.106	-3.107	NA
2014	4	26.716	996.772	-0.78	-1.521	NA
2014	5	27.849	996.873	0.375	-0.475	NA
2014	6	27.885	996.221	-1.204	1.56	NA
2014	7	27.251	997.271	-0.847	3.439	NA
2014	8	26.847	997.97	-1.223	2.793	NA
2014	9	26.917	997.909	-1.201	2.615	NA
2014	10	26.823	997.135	-0.042	1.66	NA
2014	11	NA	NA	NA	NA	NA
2014	12	NA	NA	NA	NA	NA
