113739.667902476
113882.635765751
113826.719322799
113826.719322799
113826.719322799
113826.719322799
113859.851506864
113826.719322799
113863.377494861
113859.851506864
113863.377494861
113863.377494861
113826.719322799
113863.377494861
113863.377494861
113826.719322799
113826.719322799
113882.635765751
113826.719322799
113826.719322799
113863.377494861
113739.667902476
113826.719322799
113945.702017713
113859.851506864
113863.377494861
113739.667902476
113826.719322799
113863.377494861
113739.667902476
113863.377494861
113826.719322799
113826.719322799
113739.667902476
113863.377494861
113863.377494861
113945.702017713
113945.702017713
113739.667902476
113859.851506864
113826.719322799
113863.377494861
113863.377494861
113882.635765751
113739.667902476
113945.702017713
113739.667902476
113859.851506864
113882.635765751
113945.702017713
113863.377494861
113739.667902476
113882.635765751
113945.702017713
113739.667902476
113826.719322799
113945.702017713
113826.719322799
113945.702017713
113863.377494861
113826.719322799
113826.719322799
113739.667902476
113826.719322799
113945.702017713
113826.719322799
113826.719322799
113945.702017713
113826.719322799
113826.719322799
113863.377494861
113863.377494861
113739.667902476
113826.719322799
113826.719322799
113826.719322799
113739.667902476
113826.719322799
113863.377494861
113826.719322799
113859.851506864
113826.719322799
113863.377494861
113945.702017713
113882.635765751
113826.719322799
113882.635765751
113826.719322799
113863.377494861
113826.719322799
113826.719322799
113826.719322799
113945.702017713
113826.719322799
113739.667902476
113826.719322799
113826.719322799
113863.377494861
113945.702017713
113863.377494861
113945.702017713
113863.377494861
113863.377494861
113859.851506864
113945.702017713
113945.702017713
113826.719322799
113826.719322799
113826.719322799
113863.377494861
113945.702017713
113945.702017713
113863.377494861
113826.719322799
113859.851506864
113826.719322799
113739.667902476
113863.377494861
113863.377494861
113882.635765751
113859.851506864
113826.719322799
113739.667902476
113945.702017713
113863.377494861
113826.719322799
113863.377494861
113859.851506864
113739.667902476
113739.667902476
113863.377494861
113826.719322799
113863.377494861
113859.851506864
113826.719322799
113945.702017713
113826.719322799
113826.719322799
113826.719322799
113739.667902476
113945.702017713
113739.667902476
113863.377494861
113882.635765751
113826.719322799
113863.377494861
113826.719322799
113863.377494861
113739.667902476
113826.719322799
113826.719322799
113826.719322799
113739.667902476
113863.377494861
113826.719322799
113863.377494861
113859.851506864
113826.719322799
113826.719322799
113882.635765751
113863.377494861
113863.377494861
113826.719322799
113826.719322799
113826.719322799
113882.635765751
113863.377494861
113859.851506864
113882.635765751
113826.719322799
113882.635765751
113826.719322799
113882.635765751
113739.667902476
113826.719322799
113826.719322799
113859.851506864
113859.851506864
113826.719322799
113863.377494861
113863.377494861
113945.702017713
113826.719322799
113859.851506864
113739.667902476
113882.635765751
113826.719322799
113739.667902476
113863.377494861
113945.702017713
113826.719322799
113945.702017713
113826.719322799
113863.377494861
113863.377494861
113826.719322799
113826.719322799
113739.667902476
113882.635765751
113863.377494861
113863.377494861
113882.635765751
113826.719322799
113826.719322799
113826.719322799
113863.377494861
113859.851506864
113826.719322799
113739.667902476
113826.719322799
113826.719322799
113739.667902476
113826.719322799
113826.719322799
113859.851506864
113863.377494861
113945.702017713
113826.719322799
113945.702017713
113826.719322799
113826.719322799
113859.851506864
113826.719322799
113826.719322799
113826.719322799
113863.377494861
113863.377494861
113739.667902476
113826.719322799
113863.377494861
113863.377494861
113826.719322799
113882.635765751
113882.635765751
113863.377494861
113863.377494861
113945.702017713
113826.719322799
113739.667902476
113826.719322799
113945.702017713
113826.719322799
113826.719322799
113863.377494861
113826.719322799
113826.719322799
113826.719322799
113863.377494861
113739.667902476
113859.851506864
113945.702017713
113945.702017713
113826.719322799
113826.719322799
113826.719322799
113882.635765751
113863.377494861
113826.719322799
113863.377494861
113826.719322799
113826.719322799
113945.702017713
113863.377494861
113859.851506864
113859.851506864
113863.377494861
113882.635765751
113826.719322799
113826.719322799
113863.377494861
113859.851506864
113945.702017713
113826.719322799
113945.702017713
113945.702017713
113863.377494861
113859.851506864
113826.719322799
113826.719322799
113739.667902476
113826.719322799
113859.851506864
113826.719322799
113739.667902476
113863.377494861
113826.719322799
113739.667902476
113882.635765751
113863.377494861
113739.667902476
113826.719322799
113863.377494861
113739.667902476
113859.851506864
113945.702017713
113863.377494861
113826.719322799
113826.719322799
113945.702017713
113739.667902476
