1980	0	4.25417536534447	43.0081532416503	58.0859067357513	220.533918128655	301.068145161291	301.068145161291	132.192879256966	360.657371794872	85.1910828025478	2.24679487179487	0
1981	0	15.8701298701299	35.4611111111111	65.9271169354838	147.256024096386	148.176012461059	148.176012461059	148.088235294118	79.5893054024255	117.803514376997	32.5828018223235	0
1982	0	29.0207792207792	46.477485380117	73.9140120967742	125.659941520468	121.69274611399	121.69274611399	135.776876876877	404.560414507772	130.918918918919	13.0912579957356	3.52552552552552
1983	9.63885542168674	5.21638795986622	0.898192771084337	28.9595015576324	130.860240963855	307.661682242991	307.661682242991	287.469969040248	158.056730769231	132.481967213115	12.6409240924092	3.8652027027027
1984	0.172514619883041	7.69979123173278	36.022514619883	86.5493951612903	132.746198830409	177.774050632912	177.774050632912	197.42066869301	186.342901554404	135.161111111111	8.53616580310881	0.0003003003003003
1985	6.50760233918129	20.1714285714286	10.4035087719298	65.5714717741935	155.242342342343	152.021975806452	152.021975806452	155.769005847953	199.999274611399	139.968468468469	5.68227979274611	0.00600600600600601
1986	0.000602409638554217	0.255183946488294	5.99939759036145	112.873208722741	197.461144578314	133.508722741433	133.508722741433	198.078012048193	142.40062305296	81.5783132530121	9.00716510903427	8.47710843373494
1987	0.0003003003003003	16.8327759197324	61.193993993994	88.5111917098446	115.614414414415	168.296222455404	168.296222455404	234.764264264265	270.334507772021	89.1948948948948	33.5301242236025	0
1988	3.94766081871345	15.8248434237996	13.6184210526316	72.7738911290323	170.816959064328	184.59435483871	184.59435483871	120.058771929825	136.488205645161	203.931871345029	0.0759072580645161	0
1989	1.75818713450292	0	51.1441520467836	47.4713709677419	146.005555555556	141.410080645161	141.410080645161	206.284210526316	170.925302419355	154.801754385965	3.32721774193548	0
1990	0.523684210526316	49.7483766233766	66.2947368421053	38.7384072580645	223.159649122807	151.898588709677	151.898588709677	202.53918128655	280.90252016129	160.555847953216	28.8495967741935	0
1991	0.571052631578947	0.257142857142857	34.0035087719298	45.2983606557377	159.712865497076	99.2138860103626	99.2138860103626	341.833625730994	285.974395161291	92.0423976608187	0.00124352331606218	39.7804093567251
1992	18.8020467836257	7.62212943632568	1.10263157894737	14.8397177419355	111.727192982456	198.88185483871	198.88185483871	181.924561403509	172.73497983871	58.1704678362573	0.0946572580645161	13.3698830409357
1993	0.259356725146199	10.9483766233766	27.9178362573099	79.0578629032258	168.083625730994	121.940927419355	121.940927419355	108.273573573574	227.431451612903	29.0134502923977	0.0532258064516129	0.331231231231231
1994	0.263157894736842	46.0801948051948	78.5774853801169	52.5547379032258	183.953216374269	176.565423387097	176.565423387097	223.115497076024	262.210259067358	49.6756756756757	4.14124352331606	9.22942942942943
1995	0.889766081871345	14.1931818181818	32.2704678362573	71.6434475806451	126.807602339181	181.432560483871	181.432560483871	243.082748538012	175.923991935484	76.1432748538012	12.4645161290323	0
1996	1.74589114194237	17.8718213058419	68.1886929460581	122.269392265193	116.348132337246	145.764861878453	145.764861878453	165.103319502075	327.61448497854	91.8986514522822	83.3742489270387	0
1997	0.761742006615215	6.45663390663391	77.186328555678	89.3270547945206	95.5683083511778	133.645890410959	133.645890410959	159.02414553473	145.458904109589	96.3886438809261	11.3917808219178	0.000330760749724366
1998	0	40.0925115207373	18.896887966805	56.044313304721	155.491804979253	164.342703862661	164.342703862661	248.15663900415	141.063733905579	79.6612033195021	29.1611587982832	1.70259336099585
1999	1.25290456431535	1.57672811059908	50.0990663900415	157.228326180258	221.043049792531	135.962768240343	135.962768240343	115.991701244813	233.605042918455	124.752697095436	23.9105150214592	0.655709711846318
2000	2.78620331950208	21.2393333333333	11.321887966805	221.253862660944	225.394605809129	205.422746781116	205.422746781116	246.501037344398	164.145745856354	86.6654564315353	0.0360515021459228	0
2001	0.692738589211618	2.07442396313364	84.9560165975104	48.4609442060086	171.092738589212	223.705042918455	223.705042918455	352.377697095436	258.349060773481	171.224175824176	22.7400705052879	0.135164835164835
2002	1.45182012847966	8.56230677764566	76.6567451820128	64.2953488372093	171.949143468951	140.589700996678	140.589700996678	289.773340471092	384.108637873754	123.471995589857	10.1408637873754	12.9864025695931
2003	0.0864461045891142	33.3963139120095	91.2678423236515	52.2334806629834	108.911205976521	151.416309012876	151.416309012876	293.900106723586	318.109681093394	30.3108720271801	0.00400485436893204	0.482446206115515
2004	14.7118843683084	38.3900229357798	14.7472162740899	96.5166112956812	167.805995717345	210.399003322259	210.399003322259	186.20460385439	192.012013729977	2.44636929460581	2.02358803986711	2.07717041800643
2005	0.13195020746888	1.86635944700461	13.3789419087137	64.2598712446352	152.116493775934	136.115665236052	136.115665236052	166.884958506224	312.386909871245	52.2535269709544	60.6318936877076	0.978405315614618
2006	0	18.8618055555556	48.4940809968847	98.6274193548387	175.5296875	136.708387096774	136.708387096774	243.471336206897	279.985252960172	210.430406852249	4.97209302325581	0
2007	0	15.0539285714286	28.9777546777547	53.6189804772234	199.798748696559	115.055172413793	115.055172413793	349.262004175365	297.477591973244	217.797422126745	4.28690344062153	0
2008	7.01763485477179	6.70793103448276	50.7449531737773	162.615177610334	160.517775467776	184.570454545455	184.570454545455	293.735514018692	421.653721682848	136.258688865765	67.2523143164693	4.50870032223416
2009	0.000321543408360129	7.10230946882217	58.2109324758843	84.6716129032258	193.3915625	137.035414424112	137.035414424112	237.6165625	325.453948832036	67.4710300429185	6.21170784103115	1.90498442367601
2010	29.8020746887967	21.1046189376443	5.9043991416309	51.744	58.6949516648765	143.95205327414	143.95205327414	415.401502145923	251.842857142857	199.301246105919	0.239202657807309	6.48950749464668
2011	1.08187855787476	22.0815205913411	18.0074712643678	67.6075862068966	148.522571428571	137.226362735382	137.226362735382	294.315992102665	444.106116207951	128.505179282868	8.20507614213198	0
2012	44.0738461538461	5.7527975584944	33.8181818181818	73.0949367088608	221.180734856008	95.9938524590164	95.9938524590164	183.593877551021	211.403326403326	53.2659898477157	18.5717277486911	0.169525731584258
2013	21.7421965317919	2.17063492063492	19.4172932330827	44.8070866141732	139.76615746181	119.705882352941	119.705882352941	180.732016925247	329.467980295566	87.4404945904173	2.48148148148148	31.9653543307087
2014	0	0.694323144104803	34.093137254902	103.397014925373	113.611664295875	173.87899860918	173.87899860918	230.845470692718	518.878378378379	16.5	-999	-999
2015	-999	-999	-999	-999	-999	-999	-999	-999	-999	-999	-999	-999
