
1948   25.582   25.969   26.267   26.529   26.421   26.228   25.694   25.774   25.668   25.768   25.793   26.291
1949   25.793   26.111   26.330   26.728   26.482   26.082   26.041   25.850   25.809   25.683   25.744   25.684
1950   26.014   26.237   26.519   26.309   26.308   26.002   25.894   25.803   25.680   25.656   25.630   25.707
1951   26.009   26.156   26.453   26.631   26.562   25.791   25.472   25.415   25.641   26.058   26.227   26.160
1952   26.271   26.710   26.924   27.003   26.693   26.065   25.546   25.422   25.479   25.505   25.560   25.918
1953   26.031   26.003   26.706   26.935   26.672   26.408   25.933   25.736   25.692   25.964   26.277   26.590
1954   26.291   26.367   26.624   26.613   26.357   26.007   25.467   25.240   25.274   25.200   25.269   25.599
1955   25.757   26.156   26.551   26.345   25.711   25.160   25.110   25.300   25.549   25.413   25.279   25.366
1956   25.750   25.882   26.416   26.289   25.803   25.424   24.865   24.891   24.928   25.178   25.319   25.418
1957   26.068   26.133   26.502   26.855   26.758   26.497   25.790   25.286   25.084   25.210   25.488   25.887
1958   26.250   27.004   26.642   26.731   26.672   26.095   25.616   25.499   25.388   25.463   25.550   25.810
1959   26.220   26.660   26.919   26.740   27.050   26.171   25.668   25.356   25.691   25.799   26.073   26.168
1960   25.939   26.177   26.499   26.490   26.167   25.606   25.385   25.127   25.100   25.290   25.468   25.819
1961   25.890   25.962   25.935   26.045   25.803   25.357   25.522   25.574   25.416   25.441   25.699   25.782
1962   25.780   25.650   25.767   25.969   26.211   25.617   25.607   25.341   25.357   25.401   25.395   25.358
1963   25.428   25.542   26.000   26.169   26.298   25.547   25.690   25.932   25.581   25.519   25.834   25.945
1964   26.398   26.781   27.017   27.347   26.744   25.966   25.607   25.339   25.520   25.460   25.231   25.427
1965   26.006   26.675   26.515   27.028   26.679   25.945   25.569   25.462   25.580   26.264   26.291   26.195
1966   26.362   26.965   26.921   27.105   26.550   26.385   26.225   26.046   26.048   26.085   26.325   26.395
1967   26.156   26.505   26.984   27.257   27.065   26.751   26.435   26.300   26.227   26.340   26.565   26.731
1968   26.547   26.580   27.272   27.144   26.422   25.943   25.634   25.380   25.478   26.021   26.158   26.504
1969   26.892   27.139   27.544   27.768   27.146   26.411   26.116   26.337   26.054   26.301   26.532   26.469
1970   26.702   27.040   27.352   27.423   27.098   26.778   26.213   25.879   25.959   26.018   26.185   26.035
1971   26.204   26.414   26.549   27.088   26.532   25.969   25.820   25.703   25.634   25.613   25.841   25.819
1972   26.184   26.621   26.651   27.000   26.728   26.708   26.269   26.019   26.127   26.616   27.081   26.906
1973   27.143   27.322   27.574   27.484   26.923   25.909   25.735   25.441   25.993   26.046   25.852   25.912
1974   25.872   26.104   26.583   26.756   26.500   26.103   25.727   25.516   25.533   25.711   25.968   26.149
1975   26.130   26.433   26.931   26.945   26.839   26.394   26.164   25.886   25.916   25.636   25.822   25.768
1976   25.581   26.177   26.551   26.603   26.530   26.279   26.195   26.055   26.178   25.950   26.345   26.222
1977   26.502   26.651   26.951   27.538   27.122   26.593   26.454   26.244   26.387   26.749   26.893   26.731
1978   26.926   27.292   27.743   27.630   27.183   26.617   25.954   25.700   25.699   26.147   26.142   26.640
1979   26.888   27.414   27.631   27.554   27.044   26.940   26.207   25.972   25.835   26.468   26.728   26.830
1980   27.114   27.222   27.496   27.688   27.647   26.878   26.065   26.058   26.119   26.295   26.555   26.574
1981   26.582   26.594   27.401   27.527   27.343   26.487   26.233   26.114   26.205   26.054   26.233   26.401
1982   26.513   26.857   27.360   27.751   27.290   26.670   26.131   26.135   26.378   26.466   27.021   27.103
1983   27.067   27.636   27.988   27.997   27.392   27.002   26.662   26.599   26.820   26.706   26.557   26.779
1984   26.781   26.743   27.139   27.521   26.970   26.364   25.817   25.783   25.893   26.075   26.488   26.311
1985   26.735   26.935   27.277   27.485   27.027   26.125   25.971   25.973   25.930   26.076   26.285   26.676
1986   26.806   27.097   27.342   27.540   27.039   27.271   26.671   26.118   25.849   26.137   26.470   27.108
1987   26.778   27.328   27.888   28.162   27.789   27.484   26.731   26.673   26.857   26.963   26.959   27.029
1988   27.074   27.394   28.010   28.159   27.540   26.849   26.513   26.404   26.443   26.495   26.348   26.583
1989   26.724   26.454   27.094   27.182   27.015   25.933   25.520   25.585   25.852   26.107   26.646   26.809
1990   26.674   27.340   27.547   27.666   27.527   26.662   26.331   25.869   26.045   26.448   26.534   26.803
1991   26.848   26.926   27.458   27.622   27.749   27.563   26.795   26.725   26.336   26.539   26.539   26.713
1992   26.756   26.977   27.251   27.530   27.046   26.348   26.300   25.962   25.795   25.862   26.098   26.337
1993   26.458   26.631   26.881   26.993   26.781   26.525   26.034   25.653   25.808   26.058   26.255   26.404
1994   26.449   26.807   26.935   27.178   26.937   26.487   26.315   26.013   26.085   26.165   26.709   26.621
1995   26.813   26.915   27.015   27.344   27.051   26.729   26.203   25.806   25.934   25.999   26.223   26.122
1996   26.417   26.777   27.278   27.078   27.032   26.992   26.150   25.835   26.007   25.916   26.104   26.343
1997   26.511   26.519   27.337   27.783   27.252   27.069   26.890   26.485   26.718   26.915   27.030   27.223
1998   27.435   27.866   28.256   28.561   28.283   27.342   26.615   25.974   25.951   25.917   26.150   26.194
1999   26.385   26.706   27.324   26.954   26.574   26.211   26.120   26.114   26.293   26.551   26.684   26.783
2000   26.708   26.938   26.905   27.354   27.234   26.580   26.239   26.076   26.419   26.500   26.800   27.129
2001   26.994   26.883   27.527   27.670   27.047   26.787   26.349   26.159   26.181   26.412   26.813   27.112
2002   27.277   27.093   27.768   27.873   27.469   27.161   26.321   26.047   26.064   26.830   27.316   27.513
2003   27.321   27.692   27.601   28.241   27.421   27.405   27.046   26.544   26.201   26.625   26.934   26.855
2004   27.237   27.406   27.469   28.032   27.211   26.444   25.717   25.584   25.715   26.410   26.968   26.953
2005   27.245   27.460   27.934   27.973   27.480   26.634   26.259   25.980   26.093   26.503   26.518   26.858
2006   26.849   27.370   27.465   27.656   27.374   27.002   26.516   26.579   26.699   27.100   27.048   27.312
2007   27.289   27.850   27.643   28.255   27.797   27.696   27.260   26.970   27.003   26.848   27.118   27.170
2008   27.417   27.068   27.537   27.341   27.180   26.960   26.839   26.856   27.390   27.322   27.182   27.268
2009   27.203   27.326   27.852   28.173   27.815   26.951   26.229   26.117   26.626   27.346   27.554   27.796
2010   27.585   28.168   28.683   28.598   27.947   27.074   26.543   26.229   26.130   26.458   26.661   26.783
2011   26.517   26.949   27.511   27.403   26.857   26.510   26.253   26.212   26.659   27.042   27.358   27.615
2012   27.203   27.433   27.539   28.639   27.951   26.948   27.486   27.445   27.469   27.351   27.786   27.886
2013   27.425   27.929   28.761   28.648   27.834   26.850   26.656   26.648   26.832   26.974   27.662   27.848
2014   27.616   27.903   28.485   28.327   28.340   27.206   26.360   26.430 -999.999 -999.999 -999.999 -999.999