
1948   -4.472   -4.741   -3.914   -2.945   -0.681    3.536    4.850    3.176    1.826   -1.792   -3.011   -3.826
1949   -4.858   -4.816   -4.060   -3.082   -0.698    3.923    5.696    3.995    2.364   -3.156   -4.070   -4.482
1950   -4.590   -5.361   -3.650   -4.271   -1.104    3.687    5.955    4.208    1.275   -2.690   -4.006   -5.102
1951   -4.956   -4.992   -3.500   -1.281   -1.832    4.192    4.339    3.303    0.118   -2.116   -1.556   -3.726
1952   -4.624   -4.701   -3.735   -2.766   -0.004    4.537    4.584    3.407    0.602   -2.974   -3.072   -3.444
1953   -4.943   -4.166   -4.085   -2.779   -0.788    3.894    5.610    4.508    0.682   -1.789   -3.456   -3.597
1954   -4.166   -3.988   -3.587   -3.446   -1.064    4.093    4.279    3.906    2.489   -2.627   -3.244   -4.160
1955   -4.270   -4.880   -3.186   -2.815   -0.827    3.951    4.926    3.795    1.397   -2.021   -2.989   -3.092
1956   -4.087   -4.378   -3.159   -3.848    1.366    4.571    4.590    3.528    0.964   -2.389   -2.884   -3.818
1957   -4.401   -5.087   -3.323   -2.984   -2.189    2.612    3.747    1.973   -0.520   -2.591   -2.093   -4.493
1958   -3.727   -3.887   -3.711   -3.052   -2.262    2.091    4.279    2.390    0.803   -2.116   -3.136   -3.585
1959   -4.348   -4.295   -4.755   -2.832   -0.864    2.658    5.409    3.696    1.979   -1.356   -2.656   -3.663
1960   -4.647   -4.280   -3.750   -3.778   -0.594    3.432    3.371    3.061   -0.367   -2.399   -1.919   -3.478
1961   -4.162   -4.789   -3.772   -3.731   -0.935    3.089    5.156    3.296    2.679   -2.423   -3.404   -3.775
1962   -5.139   -3.995   -4.402   -2.734   -1.313    2.650    3.967    2.459    0.517   -3.537   -2.603   -3.515
1963   -4.239   -3.830   -3.485   -2.809   -2.121    2.941    3.693    2.784   -0.312   -2.349   -2.184   -2.994
1964   -5.570   -4.853   -3.771   -2.409    0.478    3.514    3.918    4.343    0.631   -2.579   -3.271   -4.190
1965   -3.684   -3.932   -3.418   -3.328   -0.463    3.665    4.998    1.358   -0.074   -2.806   -3.067   -4.767
1966   -4.193   -3.581   -3.603   -2.880    0.047    3.637    3.410    2.573   -0.203   -2.224   -3.641   -4.162
1967   -5.664   -4.436   -2.255   -3.513   -1.992    3.469    4.447    4.308    1.333   -2.785   -3.034   -4.044
1968   -4.611   -4.735   -4.257   -2.775   -1.641    3.303    4.308    3.506    0.200   -2.605   -3.262   -4.099
1969   -4.330   -4.977   -3.429   -2.531   -1.456    2.344    4.670    2.473   -0.224   -2.727   -3.205   -3.856
1970   -3.826   -3.955   -4.277   -2.579   -0.710    3.469    4.584    3.890    1.482   -2.782   -4.124   -4.287
1971   -5.171   -4.590   -4.004   -2.209   -0.052    4.520    4.002    2.955   -0.590   -2.139   -3.183   -3.986
1972   -4.598   -5.577   -4.777   -3.955   -1.288    2.940    4.629    1.934   -1.298   -2.794   -2.972   -4.958
1973   -5.288   -3.955   -4.173   -3.027   -0.600    3.573    4.381    3.153    0.380   -2.828   -4.004   -4.676
1974   -4.795   -5.718   -3.783   -2.862   -0.553    2.672    4.109    3.719    0.070   -1.777   -4.249   -4.074
1975   -4.710   -5.200   -4.235   -3.575    0.566    3.469    3.449    2.942    0.206   -1.901   -3.885   -4.260
1976   -4.033   -4.240   -4.254   -3.057   -0.153    3.485    4.661    2.751    1.512   -2.522   -2.098   -4.125
1977   -4.066   -4.546   -3.089   -1.731   -0.321    2.870    4.166    3.319    0.459   -1.779   -1.942   -3.611
1978   -4.433   -3.720   -3.385   -1.377    0.100    4.636    3.732    3.921    0.981   -2.486   -2.963   -4.023
1979   -4.523   -3.960   -3.706   -2.710   -1.565    2.751    3.643    3.327   -0.727   -1.824   -2.582   -3.971
1980   -5.010   -4.480   -3.753   -2.392   -0.333    3.774    4.174    3.422    0.094   -2.662   -3.092   -4.323
1981   -4.135   -4.423   -2.916   -2.602   -0.363    2.509    4.301    3.631   -0.346   -2.391   -3.875   -4.447
1982   -4.383   -3.951   -3.840   -1.506   -0.454    2.927    4.310    4.379   -0.025   -2.539   -2.599   -4.705
1983   -5.009   -3.939   -3.583   -2.233   -0.558    2.796    4.160    3.296    1.516   -2.676   -3.428   -5.200
1984   -5.563   -6.231   -3.848   -2.049   -1.780    4.521    3.557    4.002   -0.588   -2.964   -4.396   -4.929
1985   -4.686   -5.240   -3.771   -2.555    0.264    3.629    4.191    3.132    0.591   -2.293   -3.675   -4.908
1986   -4.954   -4.170   -3.818   -2.530    0.024    4.083    3.548    2.276   -0.647   -2.929   -3.484   -4.631
1987   -5.401   -4.291   -3.319   -2.520   -1.083    3.688    4.059    2.614   -0.184   -2.293   -3.338   -4.315
1988   -4.470   -4.250   -3.596   -1.738   -1.009    3.198    4.589    3.066    0.008   -2.464   -4.048   -4.033
1989   -5.598   -5.477   -4.071   -3.102   -1.153    3.800    3.052    2.624   -0.416   -3.187   -3.792   -3.511
1990   -5.380   -3.510   -3.396   -2.464    1.006    2.832    4.450    3.021    1.347   -2.306   -3.621   -4.111
1991   -5.165   -4.915   -3.496   -2.064   -0.683    1.274    4.029    3.384   -0.259   -3.536   -3.589   -3.851
1992   -4.197   -4.721   -4.617   -3.560   -1.020    1.668    3.806    2.838   -0.403   -2.365   -4.286   -3.119
1993   -5.177   -3.564   -3.527   -3.394   -1.454    2.869    3.349    2.983    0.453   -1.922   -2.748   -3.489
1994   -5.022   -5.066   -4.297   -2.525   -1.516    3.915    5.066    3.401    0.673   -2.506   -3.103   -4.877
1995   -5.087   -4.545   -4.073   -3.464   -0.904    1.804    4.495    2.220   -0.172   -2.832   -4.348   -4.207
1996   -5.137   -4.549   -4.297   -2.736   -1.226    2.845    3.351    1.788   -0.335   -2.379   -4.178   -4.137
1997   -4.356   -4.841   -3.597   -2.307   -1.017    3.471    4.514    3.908    0.970   -2.246   -3.280   -5.206
1998   -4.987   -4.543   -3.228   -2.665   -1.431    2.150    3.374    1.625   -0.749   -1.079   -3.244   -3.114
1999   -4.586   -4.561   -4.542   -1.735    1.408    3.328    3.977    2.641    0.525   -1.974   -3.134   -2.981
2000   -4.957   -4.668   -3.736   -2.444    2.176    1.908    3.077    2.114   -0.081   -1.718   -3.705   -3.830
2001   -5.287   -4.324   -2.890   -1.964    1.546    3.659    4.198    2.151   -0.555   -2.071   -3.485   -3.722
2002   -4.737   -4.745   -3.539   -2.506    1.027    2.366    2.840    2.465   -0.611   -2.472   -2.555   -3.834
2003   -4.616   -4.042   -4.144   -2.584   -0.654    2.687    4.494    2.532    0.486   -3.185   -3.455   -4.319
2004   -4.013   -4.560   -3.450   -1.647   -0.102    3.165    2.712    2.869   -0.493   -1.947   -2.324   -3.438
2005   -5.014   -4.130   -3.521   -2.427   -1.340    2.875    3.094    2.791    0.488   -2.621   -3.224   -4.843
2006   -4.730   -3.610   -3.395   -2.586    0.742    2.317    4.619    3.054    0.590   -2.207   -2.574   -3.326
2007   -4.610   -2.779   -3.317   -1.650    0.519    3.790    3.580    2.706    0.616   -2.028   -2.359   -3.692
2008   -4.151   -4.967   -2.990   -1.941    0.753    5.023    3.529    1.615   -0.500   -2.287   -3.903   -3.058
2009   -3.608   -3.716   -3.010   -1.372    0.794    2.743    5.251    2.951   -0.309   -1.468   -2.677   -3.520
2010   -3.729   -3.417   -2.084   -0.876   -0.258    3.191    3.949    1.949    0.704   -1.403   -1.830   -3.408
2011   -3.753   -3.159   -2.852   -2.457    0.896    4.084    3.547    3.215    2.196   -1.728   -1.873   -3.902
2012   -3.707   -4.014   -2.876   -1.472   -0.214    4.120    4.045    3.392    1.496   -1.759   -2.997   -3.559
2013   -4.101   -3.816   -3.225   -2.007    0.476    4.572    4.916    3.125    0.553   -1.010   -2.582   -3.961
2014   -4.286   -3.521   -2.815   -1.374   -0.526    3.596    4.580    2.336 -999.999 -999.999 -999.999 -999.999