657.563038761615
896.695159572254
811.19641256292
811.19641256292
653.518271700751
653.518271700751
811.19641256292
657.563038761615
811.19641256292
811.19641256292
811.19641256292
811.19641256292
720.750574083721
811.19641256292
657.563038761615
811.19641256292
896.695159572254
811.19641256292
720.750574083721
811.19641256292
720.750574083721
811.19641256292
657.563038761615
811.19641256292
811.19641256292
720.750574083721
811.19641256292
896.695159572254
811.19641256292
811.19641256292
896.695159572254
520.877260307349
653.518271700751
520.877260307349
720.750574083721
657.563038761615
811.19641256292
720.750574083721
653.518271700751
811.19641256292
811.19641256292
811.19641256292
811.19641256292
657.563038761615
720.750574083721
896.695159572254
720.750574083721
896.695159572254
720.750574083721
720.750574083721
657.563038761615
896.695159572254
657.563038761615
657.563038761615
896.695159572254
720.750574083721
811.19641256292
720.750574083721
811.19641256292
811.19641256292
896.695159572254
720.750574083721
653.518271700751
720.750574083721
520.877260307349
520.877260307349
720.750574083721
811.19641256292
720.750574083721
720.750574083721
896.695159572254
720.750574083721
720.750574083721
896.695159572254
653.518271700751
657.563038761615
811.19641256292
811.19641256292
657.563038761615
811.19641256292
657.563038761615
657.563038761615
657.563038761615
657.563038761615
520.877260307349
720.750574083721
811.19641256292
896.695159572254
896.695159572254
811.19641256292
657.563038761615
811.19641256292
811.19641256292
811.19641256292
657.563038761615
811.19641256292
657.563038761615
657.563038761615
811.19641256292
811.19641256292
811.19641256292
720.750574083721
657.563038761615
811.19641256292
520.877260307349
657.563038761615
653.518271700751
657.563038761615
811.19641256292
720.750574083721
520.877260307349
896.695159572254
720.750574083721
811.19641256292
811.19641256292
811.19641256292
811.19641256292
657.563038761615
720.750574083721
811.19641256292
657.563038761615
811.19641256292
653.518271700751
811.19641256292
811.19641256292
720.750574083721
896.695159572254
811.19641256292
520.877260307349
653.518271700751
811.19641256292
720.750574083721
811.19641256292
896.695159572254
657.563038761615
811.19641256292
811.19641256292
520.877260307349
720.750574083721
811.19641256292
811.19641256292
720.750574083721
720.750574083721
811.19641256292
653.518271700751
896.695159572254
720.750574083721
811.19641256292
896.695159572254
657.563038761615
896.695159572254
720.750574083721
811.19641256292
811.19641256292
520.877260307349
720.750574083721
811.19641256292
653.518271700751
720.750574083721
657.563038761615
657.563038761615
896.695159572254
657.563038761615
811.19641256292
811.19641256292
657.563038761615
811.19641256292
896.695159572254
811.19641256292
811.19641256292
720.750574083721
811.19641256292
657.563038761615
811.19641256292
811.19641256292
720.750574083721
720.750574083721
811.19641256292
811.19641256292
811.19641256292
811.19641256292
720.750574083721
811.19641256292
720.750574083721
520.877260307349
811.19641256292
811.19641256292
896.695159572254
811.19641256292
653.518271700751
520.877260307349
811.19641256292
653.518271700751
720.750574083721
657.563038761615
811.19641256292
653.518271700751
811.19641256292
811.19641256292
811.19641256292
653.518271700751
720.750574083721
657.563038761615
896.695159572254
896.695159572254
811.19641256292
720.750574083721
811.19641256292
657.563038761615
811.19641256292
657.563038761615
653.518271700751
811.19641256292
653.518271700751
653.518271700751
811.19641256292
811.19641256292
811.19641256292
720.750574083721
520.877260307349
811.19641256292
520.877260307349
896.695159572254
720.750574083721
811.19641256292
657.563038761615
653.518271700751
520.877260307349
720.750574083721
811.19641256292
657.563038761615
720.750574083721
896.695159572254
653.518271700751
811.19641256292
811.19641256292
657.563038761615
653.518271700751
720.750574083721
811.19641256292
657.563038761615
720.750574083721
720.750574083721
811.19641256292
657.563038761615
811.19641256292
811.19641256292
720.750574083721
896.695159572254
657.563038761615
896.695159572254
811.19641256292
896.695159572254
653.518271700751
896.695159572254
811.19641256292
657.563038761615
720.750574083721
896.695159572254
657.563038761615
657.563038761615
720.750574083721
720.750574083721
811.19641256292
811.19641256292
811.19641256292
811.19641256292
720.750574083721
720.750574083721
811.19641256292
520.877260307349
657.563038761615
896.695159572254
811.19641256292
653.518271700751
811.19641256292
811.19641256292
657.563038761615
896.695159572254
896.695159572254
720.750574083721
657.563038761615
720.750574083721
811.19641256292
896.695159572254
811.19641256292
811.19641256292
657.563038761615
811.19641256292
811.19641256292
811.19641256292
811.19641256292
811.19641256292
811.19641256292
811.19641256292
811.19641256292
520.877260307349
811.19641256292
896.695159572254
811.19641256292
