1008.40966666667 1007.40533333333 1007.135 1006.88866666667 1007.71033333333 1008.42666666667 1009.118 1009.35533333333 1009.476 1009.72133333333 1009.657 1009.12066666667 1008.15533333333 1007.36566666667 1007.334 1007.593 1008.184 1008.70433333333 1009.162 1009.07366666667 1008.94633333333 1009.33933333333 1009.783 1009.56466666667 1008.84733333333 1008.17 1008.135
1008.15533333333 1007.36566666667 1007.334 1007.593 1008.184 1008.70433333333 1009.162 1009.07366666667 1008.94633333333 1009.33933333333 1009.783 1009.56466666667 1008.84733333333 1008.17 1008.135 1008.433 1009.00066666667 1009.05 1009.116 1009.029 1009.30366666667 1009.37866666667 1009.40333333333 1008.949 1008.29933333333 1007.52466666667 1007.416
1008.84733333333 1008.17 1008.135 1008.433 1009.00066666667 1009.05 1009.116 1009.029 1009.30366666667 1009.37866666667 1009.40333333333 1008.949 1008.29933333333 1007.52466666667 1007.416 1007.767 1008.52333333333 1009.018 1009.17066666667 1009.667 1009.99333333333 1010.19133333333 1009.85 1009.08933333333 1008.514 1007.889 1007.85866666667
1008.29933333333 1007.52466666667 1007.416 1007.767 1008.52333333333 1009.018 1009.17066666667 1009.667 1009.99333333333 1010.19133333333 1009.85 1009.08933333333 1008.514 1007.889 1007.85866666667 1007.61 1007.81266666667 1008.29766666667 1008.94566666667 1009.38733333333 1009.56233333333 1009.766 1009.67333333333 1009.17566666667 1008.50166666667 1008.006 1007.50333333333
1008.514 1007.889 1007.85866666667 1007.61 1007.81266666667 1008.29766666667 1008.94566666667 1009.38733333333 1009.56233333333 1009.766 1009.67333333333 1009.17566666667 1008.50166666667 1008.006 1007.50333333333 1007.87066666667 1008.11033333333 1008.90366666667 1009.20333333333 1009.421 1009.79533333333 1009.665 1009.67733333333 1009.016 1008.44466666667 1007.90833333333 1007.77566666667
1008.50166666667 1008.006 1007.50333333333 1007.87066666667 1008.11033333333 1008.90366666667 1009.20333333333 1009.421 1009.79533333333 1009.665 1009.67733333333 1009.016 1008.44466666667 1007.90833333333 1007.77566666667 1007.708 1008.16233333333 1008.52233333333 1009.12533333333 1009.09066666667 1008.97166666667 1009.34966666667 1009.62 1009.41166666667 1009.08633333333 1008.83433333333 1009.436
1008.44466666667 1007.90833333333 1007.77566666667 1007.708 1008.16233333333 1008.52233333333 1009.12533333333 1009.09066666667 1008.97166666667 1009.34966666667 1009.62 1009.41166666667 1009.08633333333 1008.83433333333 1009.436 1009.92433333333 1010.41466666667 1010.34066666667 1009.94066666667 1009.63833333333 1009.92866666667 1009.94833333333 1009.82866666667 1009.326 1008.86033333333 1008.53333333333 1007.96433333333
1009.08633333333 1008.83433333333 1009.436 1009.92433333333 1010.41466666667 1010.34066666667 1009.94066666667 1009.63833333333 1009.92866666667 1009.94833333333 1009.82866666667 1009.326 1008.86033333333 1008.53333333333 1007.96433333333 1008.23066666667 1008.58166666667 1009.17566666667 1009.217 1009.20333333333 1009.294 1009.44666666667 1009.40666666667 1009.12533333333 1007.79433333333 1007.432 1006.62466666667
1008.86033333333 1008.53333333333 1007.96433333333 1008.23066666667 1008.58166666667 1009.17566666667 1009.217 1009.20333333333 1009.294 1009.44666666667 1009.40666666667 1009.12533333333 1007.79433333333 1007.432 1006.62466666667 1006.81266666667 1006.876 1007.54066666667 1008.47533333333 1009.013 1009.54466666667 1009.65566666667 1009.49033333333 1008.83966666667 1008.32033333333 1007.42 1007.601
1007.79433333333 1007.432 1006.62466666667 1006.81266666667 1006.876 1007.54066666667 1008.47533333333 1009.013 1009.54466666667 1009.65566666667 1009.49033333333 1008.83966666667 1008.32033333333 1007.42 1007.601 1007.77266666667 1008.20133333333 1008.41766666667 1008.438 1009.10333333333 1009.083 1009.368 1009.53166666667 1009.08233333333 1008.498 1007.775 1007.762
1008.32033333333 1007.42 1007.601 1007.77266666667 1008.20133333333 1008.41766666667 1008.438 1009.10333333333 1009.083 1009.368 1009.53166666667 1009.08233333333 1008.498 1007.775 1007.762 1008.41333333333 1008.86733333333 1009.59133333333 1009.72266666667 1009.93033333333 1009.97966666667 1010.23766666667 1010.156 1009.693 1008.656 1007.675 1007.141
1008.498 1007.775 1007.762 1008.41333333333 1008.86733333333 1009.59133333333 1009.72266666667 1009.93033333333 1009.97966666667 1010.23766666667 1010.156 1009.693 1008.656 1007.675 1007.141 1007.26433333333 1007.90133333333 1008.67466666667 1009.39533333333 1009.697 1010.14533333333 1009.94033333333 1009.54166666667 1008.948 1008.46033333333 1007.968 1007.67533333333
1008.656 1007.675 1007.141 1007.26433333333 1007.90133333333 1008.67466666667 1009.39533333333 1009.697 1010.14533333333 1009.94033333333 1009.54166666667 1008.948 1008.46033333333 1007.968 1007.67533333333 1007.98 1008.26366666667 1008.56633333333 1008.98566666667 1009.57366666667 1009.97866666667 1009.899 1009.676 1008.96333333333 1008.49533333333 1007.513 1007.72233333333
1008.46033333333 1007.968 1007.67533333333 1007.98 1008.26366666667 1008.56633333333 1008.98566666667 1009.57366666667 1009.97866666667 1009.899 1009.676 1008.96333333333 1008.49533333333 1007.513 1007.72233333333 1007.36533333333 1008.209 1008.369 1008.94266666667 1009.27833333333 1009.489 1009.74633333333 1009.87066666667 1009.102 1008.251 1007.44466666667 1007.54566666667
1008.49533333333 1007.513 1007.72233333333 1007.36533333333 1008.209 1008.369 1008.94266666667 1009.27833333333 1009.489 1009.74633333333 1009.87066666667 1009.102 1008.251 1007.44466666667 1007.54566666667 1007.75633333333 1008.07033333333 1008.666 1009.226 1009.59133333333 1009.68366666667 1009.721 1009.51 1009.12333333333 1008.504 1008.54866666667 1008.70966666667
1008.251 1007.44466666667 1007.54566666667 1007.75633333333 1008.07033333333 1008.666 1009.226 1009.59133333333 1009.68366666667 1009.721 1009.51 1009.12333333333 1008.504 1008.54866666667 1008.70966666667 1009.304 1009.339 1009.43466666667 1009.099 1009.32066666667 1009.54066666667 1009.84933333333 1009.422 1009.11566666667 1008.325 1008.29133333333 1008.142
1008.504 1008.54866666667 1008.70966666667 1009.304 1009.339 1009.43466666667 1009.099 1009.32066666667 1009.54066666667 1009.84933333333 1009.422 1009.11566666667 1008.325 1008.29133333333 1008.142 1008.65433333333 1008.78233333333 1009.18566666667 1009.55333333333 1009.67366666667 1010.041 1010.29966666667 1010.53866666667 1009.81 1008.74633333333 1007.92833333333 1007.685
1008.325 1008.29133333333 1008.142 1008.65433333333 1008.78233333333 1009.18566666667 1009.55333333333 1009.67366666667 1010.041 1010.29966666667 1010.53866666667 1009.81 1008.74633333333 1007.92833333333 1007.685 1008.15433333333 1008.705 1009.254 1009.41566666667 1009.45 1009.63966666667 1010.07933333333 1010.47633333333 1010.06733333333 1009.008 1008.22866666667 1008.272
1008.74633333333 1007.92833333333 1007.685 1008.15433333333 1008.705 1009.254 1009.41566666667 1009.45 1009.63966666667 1010.07933333333 1010.47633333333 1010.06733333333 1009.008 1008.22866666667 1008.272 1008.67566666667 1008.681 1008.83733333333 1009.29333333333 1009.785 1009.86633333333 1009.94933333333 1009.78 1009.48566666667 1008.976 1008.38666666667 1007.99766666667
1009.008 1008.22866666667 1008.272 1008.67566666667 1008.681 1008.83733333333 1009.29333333333 1009.785 1009.86633333333 1009.94933333333 1009.78 1009.48566666667 1008.976 1008.38666666667 1007.99766666667 1007.76033333333 1008.4 1009.287 1010.02033333333 1010.12433333333 1010.23066666667 1009.754 1009.57866666667 1008.65533333333 1007.768 1007.45066666667 1007.06333333333
1008.976 1008.38666666667 1007.99766666667 1007.76033333333 1008.4 1009.287 1010.02033333333 1010.12433333333 1010.23066666667 1009.754 1009.57866666667 1008.65533333333 1007.768 1007.45066666667 1007.06333333333 1007.363 1007.71533333333 1008.41666666667 1009.47633333333 1009.528 1010.017 1010.203 1010.465 1010.669 1009.87433333333 1009.43233333333 1009.40466666667
1007.768 1007.45066666667 1007.06333333333 1007.363 1007.71533333333 1008.41666666667 1009.47633333333 1009.528 1010.017 1010.203 1010.465 1010.669 1009.87433333333 1009.43233333333 1009.40466666667 1009.928 1010.64966666667 1010.43233333333 1010.43166666667 1010.362 1010.403 1010.50466666667 1010.07433333333 1009.392 1008.424 1007.699 1007.639
1009.87433333333 1009.43233333333 1009.40466666667 1009.928 1010.64966666667 1010.43233333333 1010.43166666667 1010.362 1010.403 1010.50466666667 1010.07433333333 1009.392 1008.424 1007.699 1007.639 1007.74 1008.26766666667 1008.59066666667 1009.215 1009.29 1009.64566666667 1009.79166666667 1009.77866666667 1009.14633333333 1008.37933333333 1007.69933333333 1007.76033333333
1008.424 1007.699 1007.639 1007.74 1008.26766666667 1008.59066666667 1009.215 1009.29 1009.64566666667 1009.79166666667 1009.77866666667 1009.14633333333 1008.37933333333 1007.69933333333 1007.76033333333 1008.07633333333 1008.56033333333 1008.835 1008.90733333333 1009.08466666667 1008.765 1009.04333333333 1008.65133333333 1008.21066666667 1007.21166666667 1007.109 1006.70233333333
1008.37933333333 1007.69933333333 1007.76033333333 1008.07633333333 1008.56033333333 1008.835 1008.90733333333 1009.08466666667 1008.765 1009.04333333333 1008.65133333333 1008.21066666667 1007.21166666667 1007.109 1006.70233333333 1007.16666666667 1007.31 1008.38333333333 1008.31833333333 1008.70733333333 1008.55566666667 1008.95333333333 1008.619 1008.31733333333 1007.398 1007.228 1007.275
1007.21166666667 1007.109 1006.70233333333 1007.16666666667 1007.31 1008.38333333333 1008.31833333333 1008.70733333333 1008.55566666667 1008.95333333333 1008.619 1008.31733333333 1007.398 1007.228 1007.275 1007.80933333333 1008.03 1008.248 1008.37466666667 1008.69466666667 1008.66 1009 1008.49033333333 1008.09266666667 1007.60333333333 1007.49233333333 1007.53333333333
1007.398 1007.228 1007.275 1007.80933333333 1008.03 1008.248 1008.37466666667 1008.69466666667 1008.66 1009 1008.49033333333 1008.09266666667 1007.60333333333 1007.49233333333 1007.53333333333 1007.54533333333 1007.77166666667 1008.08933333333 1008.483 1008.73966666667 1009.16833333333 1009.28133333333 1009.28266666667 1008.631 1007.69133333333 1007.24533333333 1007.20533333333
1007.60333333333 1007.49233333333 1007.53333333333 1007.54533333333 1007.77166666667 1008.08933333333 1008.483 1008.73966666667 1009.16833333333 1009.28133333333 1009.28266666667 1008.631 1007.69133333333 1007.24533333333 1007.20533333333 1007.315 1007.47733333333 1007.987 1008.59233333333 1008.96833333333 1009.00833333333 1009.13066666667 1008.98033333333 1008.52533333333 1007.78433333333 1007.06 1006.76266666667
1007.69133333333 1007.24533333333 1007.20533333333 1007.315 1007.47733333333 1007.987 1008.59233333333 1008.96833333333 1009.00833333333 1009.13066666667 1008.98033333333 1008.52533333333 1007.78433333333 1007.06 1006.76266666667 1007.305 1007.73066666667 1008.28166666667 1008.37766666667 1008.745 1009.11666666667 1009.17 1009.243 1008.63266666667 1008.00266666667 1007.03466666667 1006.762
1007.78433333333 1007.06 1006.76266666667 1007.305 1007.73066666667 1008.28166666667 1008.37766666667 1008.745 1009.11666666667 1009.17 1009.243 1008.63266666667 1008.00266666667 1007.03466666667 1006.762 1006.983 1007.64433333333 1008.453 1008.70033333333 1009.12566666667 1008.87033333333 1008.94533333333 1008.68066666667 1008.40333333333 1007.858 1007.20133333333 1007.13666666667
1008.00266666667 1007.03466666667 1006.762 1006.983 1007.64433333333 1008.453 1008.70033333333 1009.12566666667 1008.87033333333 1008.94533333333 1008.68066666667 1008.40333333333 1007.858 1007.20133333333 1007.13666666667 1007.155 1007.82966666667 1008.24733333333 1008.377 1008.384 1008.49233333333 1008.75033333333 1008.79866666667 1007.88933333333 1007.417 1006.543 1007.144
1007.858 1007.20133333333 1007.13666666667 1007.155 1007.82966666667 1008.24733333333 1008.377 1008.384 1008.49233333333 1008.75033333333 1008.79866666667 1007.88933333333 1007.417 1006.543 1007.144 1007.72066666667 1008.34033333333 1008.68966666667 1008.86466666667 1009.27633333333 1009.41233333333 1009.459 1009.53833333333 1009.02033333333 1008.27266666667 1007.59133333333 1007.36033333333
1007.417 1006.543 1007.144 1007.72066666667 1008.34033333333 1008.68966666667 1008.86466666667 1009.27633333333 1009.41233333333 1009.459 1009.53833333333 1009.02033333333 1008.27266666667 1007.59133333333 1007.36033333333 1007.717 1007.97333333333 1008.272 1008.58366666667 1008.529 1008.776 1008.51166666667 1008.59966666667 1007.85066666667 1007.49666666667 1006.86 1007.286
1008.27266666667 1007.59133333333 1007.36033333333 1007.717 1007.97333333333 1008.272 1008.58366666667 1008.529 1008.776 1008.51166666667 1008.59966666667 1007.85066666667 1007.49666666667 1006.86 1007.286 1007.46666666667 1008.36633333333 1008.38966666667 1008.98766666667 1009.152 1009.73166666667 1009.878 1009.66933333333 1009.11833333333 1008.00866666667 1007.124 1006.954
1007.49666666667 1006.86 1007.286 1007.46666666667 1008.36633333333 1008.38966666667 1008.98766666667 1009.152 1009.73166666667 1009.878 1009.66933333333 1009.11833333333 1008.00866666667 1007.124 1006.954 1007.366 1008.167 1008.42633333333 1008.59933333333 1008.552 1008.711 1009.10866666667 1009.39133333333 1009.02233333333 1008.02433333333 1007.25866666667 1007.22066666667
1008.00866666667 1007.124 1006.954 1007.366 1008.167 1008.42633333333 1008.59933333333 1008.552 1008.711 1009.10866666667 1009.39133333333 1009.02233333333 1008.02433333333 1007.25866666667 1007.22066666667 1007.36 1007.94466666667 1008.18666666667 1008.83 1008.56266666667 1008.92233333333 1008.87466666667 1009.118 1008.47266666667 1007.71766666667 1006.89333333333 1006.789
1008.02433333333 1007.25866666667 1007.22066666667 1007.36 1007.94466666667 1008.18666666667 1008.83 1008.56266666667 1008.92233333333 1008.87466666667 1009.118 1008.47266666667 1007.71766666667 1006.89333333333 1006.789 1007.33833333333 1008.10166666667 1008.68333333333 1008.681 1008.62033333333 1008.77533333333 1009.12933333333 1009.47333333333 1009.007 1008.27 1007.407 1006.868
