158.07656865 22.69362745 28.19150327 76.42612659 188.13436189 288.29678023 315.67294122 382.98117652 436.33764702 560.9563636 541.2104812 384.29224595 179.32647055 21.991176468 1.935294118 28.693438918 80.8664493 247.2952075 318.98396672 350.54821124 380.40474714 560.23431372 532.09117646 341.891503275 90.802198455 44.043374935 54.35598931
179.32647055 21.991176468 1.935294118 28.693438918 80.8664493 247.2952075 318.98396672 350.54821124 380.40474714 560.23431372 532.09117646 341.891503275 90.802198455 44.043374935 54.35598931 73.21758514 119.06758514 263.94582045 350.54090914 592.1652407 636.6717113 868.7640839 610.01851051 416.64262813 51.90640523 14.670588232 26.648556152
90.802198455 44.043374935 54.35598931 73.21758514 119.06758514 263.94582045 350.54090914 592.1652407 636.6717113 868.7640839 610.01851051 416.64262813 51.90640523 14.670588232 26.648556152 35.386791446 127.247771834 325.318039194 540.9822549 542.88181917 488.06793687 503.58338867 409.9093146 242.2679028 2.35 0 3.762941176
51.90640523 14.670588232 26.648556152 35.386791446 127.247771834 325.318039194 540.9822549 542.88181917 488.06793687 503.58338867 409.9093146 242.2679028 2.35 0 3.762941176 44.109490196 103.734089126 309.54706955 548.97652053 622.9359577 540.87684 592.8258351 551.62746175 426.175687262 94.450692162 2.065029412 13.62803922
2.35 0 3.762941176 44.109490196 103.734089126 309.54706955 548.97652053 622.9359577 540.87684 592.8258351 551.62746175 426.175687262 94.450692162 2.065029412 13.62803922 47.8188898 108.76253686 235.37827304 340.67124416 488.4918039 489.7902089 438.27841795 347.78564165 237.49595537 149.52392462 31.25249412 24.80756863
94.450692162 2.065029412 13.62803922 47.8188898 108.76253686 235.37827304 340.67124416 488.4918039 489.7902089 438.27841795 347.78564165 237.49595537 149.52392462 31.25249412 24.80756863 71.59337255 139.18270588 233.11843135 298.47433513 344.9830018 354.9442852 616.2885383 629.1147059 512.56680291 151.96606136 35.27101497 27.663067733
149.52392462 31.25249412 24.80756863 71.59337255 139.18270588 233.11843135 298.47433513 344.9830018 354.9442852 616.2885383 629.1147059 512.56680291 151.96606136 35.27101497 27.663067733 15.683363635 32.031484845 163.245878772 446.02385022 532.8822026 681.5869481 550.6061046 564.3207882 292.88800524 143.822763524 17.521583163 11.374381776
151.96606136 35.27101497 27.663067733 15.683363635 32.031484845 163.245878772 446.02385022 532.8822026 681.5869481 550.6061046 564.3207882 292.88800524 143.822763524 17.521583163 11.374381776 41.874588232 120.956078433 250.44654898 381.50981874 451.9867656 505.5179943 520.8675516 510.6809734 328.696914082 148.146753692 14.108032086 23.462549024
143.822763524 17.521583163 11.374381776 41.874588232 120.956078433 250.44654898 381.50981874 451.9867656 505.5179943 520.8675516 510.6809734 328.696914082 148.146753692 14.108032086 23.462549024 33.433254906 87.455568632 218.705607812 355.08282352 429.6006916 429.010025 468.4303815 467.2886988 324.586670244 138.823999997 5.243864527 0.219475935
148.146753692 14.108032086 23.462549024 33.433254906 87.455568632 218.705607812 355.08282352 429.6006916 429.010025 468.4303815 467.2886988 324.586670244 138.823999997 5.243864527 0.219475935 5.973083778 109.790060648 299.313443896 417.0280321 425.1114331 423.1953974 431.5039251 397.30149019 217.83884496 94.010524065 16.312256685 22.191796795
138.823999997 5.243864527 0.219475935 5.973083778 109.790060648 299.313443896 417.0280321 425.1114331 423.1953974 431.5039251 397.30149019 217.83884496 94.010524065 16.312256685 22.191796795 73.03297683 154.4603672 250.15380032 350.39542238 362.40710153 479.42399643 569.11199643 565.66098395 368.49429229 119.76920499 33.487030303 16.330823533
94.010524065 16.312256685 22.191796795 73.03297683 154.4603672 250.15380032 350.39542238 362.40710153 479.42399643 569.11199643 565.66098395 368.49429229 119.76920499 33.487030303 16.330823533 29.280627453 92.30486275 249.51325488 427.27749016 485.158196 438.4946666 374.1714901 442.8309019 319.731058775 193.340196075 1.742862746 1.673176471
119.76920499 33.487030303 16.330823533 29.280627453 92.30486275 249.51325488 427.27749016 485.158196 438.4946666 374.1714901 442.8309019 319.731058775 193.340196075 1.742862746 1.673176471 50.412431371 99.0227451 240.3923529 342.209647 422.5129019 477.5770588 490.3674902 509.2444314 315.834549053 152.487568653 3.515529412 43.030862749
193.340196075 1.742862746 1.673176471 50.412431371 99.0227451 240.3923529 342.209647 422.5129019 477.5770588 490.3674902 509.2444314 315.834549053 152.487568653 3.515529412 43.030862749 106.125803929 140.99866667 309.45639218 385.7712941 495.1061568 481.5385881 599.9401568 612.6644706 441.65517653 183.84376473 26.956196077 0.758431372
152.487568653 3.515529412 43.030862749 106.125803929 140.99866667 309.45639218 385.7712941 495.1061568 481.5385881 599.9401568 612.6644706 441.65517653 183.84376473 26.956196077 0.758431372 42.179254902 82.246429485 233.93415496 287.26180915 372.88024242 546.78459542 717.723804 683.10400007 357.29075582 129.1620107 55.54542246 62.506470588
183.84376473 26.956196077 0.758431372 42.179254902 82.246429485 233.93415496 287.26180915 372.88024242 546.78459542 717.723804 683.10400007 357.29075582 129.1620107 55.54542246 62.506470588 26.011529408 21.637960788 121.82364711 302.85600001 521.5040392 592.3733725 577.8217647 408.02431374 230.094392158 75.223568628 13.01019608 22.216313727
129.1620107 55.54542246 62.506470588 26.011529408 21.637960788 121.82364711 302.85600001 521.5040392 592.3733725 577.8217647 408.02431374 230.094392158 75.223568628 13.01019608 22.216313727 37.281529407 110.255921565 260.04 345.05149025 390.8466774 339.6929733 438.1255223 350.55574691 242.680666692 31.820549016 0.61882353 39.768117648
75.223568628 13.01019608 22.216313727 37.281529407 110.255921565 260.04 345.05149025 390.8466774 339.6929733 438.1255223 350.55574691 242.680666692 31.820549016 0.61882353 39.768117648 113.831137254 161.64894118 296.55898038 394.59486275 401.9605098 441.6919608 522.1808948 513.76925131 303.696114051 60.06176114 13.892149732 22.279718361
31.820549016 0.61882353 39.768117648 113.831137254 161.64894118 296.55898038 394.59486275 401.9605098 441.6919608 522.1808948 513.76925131 303.696114051 60.06176114 13.892149732 22.279718361 44.185725492 109.35203922 219.08639215 358.10435293 509.5104706 619.8098824 612.2907059 480.54078431 260.17078428 97.48945098 13.393098035 16.377422465
60.06176114 13.892149732 22.279718361 44.185725492 109.35203922 219.08639215 358.10435293 509.5104706 619.8098824 612.2907059 480.54078431 260.17078428 97.48945098 13.393098035 16.377422465 81.509814625 194.44916576 294.11059536 368.3790838 334.6488307 372.7781355 542.4804706 552.22564707 484.34454903 175.24133333 85.441035295 6.889568627
97.48945098 13.393098035 16.377422465 81.509814625 194.44916576 294.11059536 368.3790838 334.6488307 372.7781355 542.4804706 552.22564707 484.34454903 175.24133333 85.441035295 6.889568627 80.079952937 160.697490192 246.7561975 301.25382099 386.9720249 452.5718666 460.256651 396.3592079 248.347082422 112.974619634 9.892227452 34.91589804
175.24133333 85.441035295 6.889568627 80.079952937 160.697490192 246.7561975 301.25382099 386.9720249 452.5718666 460.256651 396.3592079 248.347082422 112.974619634 9.892227452 34.91589804 54.752941178 110.9162353 224.85003919 361.15905884 400.64800001 492.67125491 475.55058821 454.69035292 241.02705884 104.44278432 30.790078435 4.91835294
112.974619634 9.892227452 34.91589804 54.752941178 110.9162353 224.85003919 361.15905884 400.64800001 492.67125491 475.55058821 454.69035292 241.02705884 104.44278432 30.790078435 4.91835294 50.71219608 192.290039245 402.71400002 481.612902 502.5459608 409.0632941 482.396196 441.635647 352.06333332 152.206310186 31.733957221 21.732310161
104.44278432 30.790078435 4.91835294 50.71219608 192.290039245 402.71400002 481.612902 502.5459608 409.0632941 482.396196 441.635647 352.06333332 152.206310186 31.733957221 21.732310161 32.839450985 234.64564705 432.57603919 636.6941176 627.5854509 653.7940392 589.1786413 478.40809233 235.792758948 84.572862748 0.769058824 2.273372549
152.206310186 31.733957221 21.732310161 32.839450985 234.64564705 432.57603919 636.6941176 627.5854509 653.7940392 589.1786413 478.40809233 235.792758948 84.572862748 0.769058824 2.273372549 82.215294119 126.226156863 303.52984312 441.90952935 522.6560392 674.8887059 694.5878147 735.7117362 427.02892142 189.135028349 23.970803774 8.283832442
84.572862748 0.769058824 2.273372549 82.215294119 126.226156863 303.52984312 441.90952935 522.6560392 674.8887059 694.5878147 735.7117362 427.02892142 189.135028349 23.970803774 8.283832442 80.667547233 141.643604278 298.12393579 357.09477717 387.99302315 501.01954365 745.22817465 772.2726197 511.05722223 148.03511527 27.850234239 41.242937189
189.135028349 23.970803774 8.283832442 80.667547233 141.643604278 298.12393579 357.09477717 387.99302315 501.01954365 745.22817465 772.2726197 511.05722223 148.03511527 27.850234239 41.242937189 115.176013839 164.3107451 239.43688352 305.64225603 391.9128413 574.4377432 723.0290844 620.20572404 334.059748599 33.129819205 14.158195635 52.632834226
148.03511527 27.850234239 41.242937189 115.176013839 164.3107451 239.43688352 305.64225603 391.9128413 574.4377432 723.0290844 620.20572404 334.059748599 33.129819205 14.158195635 52.632834226 65.45914082 144.69490552 267.80716217 453.13410337 661.0919643 690.4545668 668.2819714 369.813743273 180.62990499 6.075409459 3.782311419 3.495607843
33.129819205 14.158195635 52.632834226 65.45914082 144.69490552 267.80716217 453.13410337 661.0919643 690.4545668 668.2819714 369.813743273 180.62990499 6.075409459 3.782311419 3.495607843 14.243725494 73.276862751 222.88094121 337.83172549 445.3866274 454.1652156 617.5177254 499.50823525 392.91898749 102.896007131 54.198124781 17.594666671
6.075409459 3.782311419 3.495607843 14.243725494 73.276862751 222.88094121 337.83172549 445.3866274 454.1652156 617.5177254 499.50823525 392.91898749 102.896007131 54.198124781 17.594666671 61.57533334 155.51690197 306.85419604 391.94733333 449.1765098 523.34609 644.7751096 708.8017601 471.474040906 220.048864406 5.004409982 14.752309116
102.896007131 54.198124781 17.594666671 61.57533334 155.51690197 306.85419604 391.94733333 449.1765098 523.34609 644.7751096 708.8017601 471.474040906 220.048864406 5.004409982 14.752309116 43.197760096 91.39383853 270.49584309 349.82874501 406.0683921 554.124549 717.4956033 817.6598847 484.822675946 213.673268746 15.390712803 12.905072664
220.048864406 5.004409982 14.752309116 43.197760096 91.39383853 270.49584309 349.82874501 406.0683921 554.124549 717.4956033 817.6598847 484.822675946 213.673268746 15.390712803 12.905072664 61.698445214 219.669621657 371.66862745 489.4976471 536.2951373 668.5218824 892.973098 816.924 607.17890193 220.594664372 85.404994229 10.272053056
213.673268746 15.390712803 12.905072664 61.698445214 219.669621657 371.66862745 489.4976471 536.2951373 668.5218824 892.973098 816.924 607.17890193 220.594664372 85.404994229 10.272053056 64.039363324 142.730209917 321.63668046 386.99572545 544.2273333 586.7380784 770.2311372 614.2512064 392.456069188 87.032971163 36.177333333 48.352823525
220.594664372 85.404994229 10.272053056 64.039363324 142.730209917 321.63668046 386.99572545 544.2273333 586.7380784 770.2311372 614.2512064 392.456069188 87.032971163 36.177333333 48.352823525 52.325623986 70.509986156 112.658724336 241.4819769 381.07139556 729.2984152 823.8105583 824.7609343 417.011813163 193.719462482 7.012891686 26.725768903
