25.742 25.7236666666667 25.842 26.103 26.4436666666667 26.5613333333333 26.4706666666667 26.3346666666667 26.1763333333333 26.1426666666667 26.061 26.1576666666667 26.1723333333333 26.3563333333333 26.4583333333333 26.7013333333333 27.0466666666667 27.2036666666667 27.0843333333333 26.723 26.4303333333333 26.3616666666667 26.46 26.6763333333333 26.791 26.85 26.983
26.1723333333333 26.3563333333333 26.4583333333333 26.7013333333333 27.0466666666667 27.2036666666667 27.0843333333333 26.723 26.4303333333333 26.3616666666667 26.46 26.6763333333333 26.791 26.85 26.983 27.3203333333333 27.555 27.5186666666667 27.1433333333333 26.5846666666667 26.0903333333333 25.7843333333333 25.8486666666667 25.996 26.3096666666667 26.5566666666667 26.9806666666667
26.791 26.85 26.983 27.3203333333333 27.555 27.5186666666667 27.1433333333333 26.5846666666667 26.0903333333333 25.7843333333333 25.8486666666667 25.996 26.3096666666667 26.5566666666667 26.9806666666667 27.311 27.533 27.4096666666667 27.1793333333333 26.7303333333333 26.373 26.0046666666667 26.0916666666667 26.3436666666667 26.6753333333333 26.8906666666667 27.0553333333333
26.3096666666667 26.5566666666667 26.9806666666667 27.311 27.533 27.4096666666667 27.1793333333333 26.7303333333333 26.373 26.0046666666667 26.0916666666667 26.3436666666667 26.6753333333333 26.8906666666667 27.0553333333333 27.2773333333333 27.4686666666667 27.6103333333333 27.4043333333333 26.8633333333333 26.3336666666667 26.0806666666667 26.1573333333333 26.323 26.4746666666667 26.5703333333333 26.5833333333333
26.6753333333333 26.8906666666667 27.0553333333333 27.2773333333333 27.4686666666667 27.6103333333333 27.4043333333333 26.8633333333333 26.3336666666667 26.0806666666667 26.1573333333333 26.323 26.4746666666667 26.5703333333333 26.5833333333333 26.859 27.174 27.4236666666667 27.119 26.6876666666667 26.278 26.184 26.1243333333333 26.164 26.2293333333333 26.3823333333333 26.5903333333333
26.4746666666667 26.5703333333333 26.5833333333333 26.859 27.174 27.4236666666667 27.119 26.6876666666667 26.278 26.184 26.1243333333333 26.164 26.2293333333333 26.3823333333333 26.5903333333333 26.91 27.3226666666667 27.467 27.237 26.697 26.312 26.2146666666667 26.3263333333333 26.6216666666667 26.8633333333333 27.0636666666667 27.2686666666667
26.2293333333333 26.3823333333333 26.5903333333333 26.91 27.3226666666667 27.467 27.237 26.697 26.312 26.2146666666667 26.3263333333333 26.6216666666667 26.8633333333333 27.0636666666667 27.2686666666667 27.5636666666667 27.8736666666667 27.7923333333333 27.4636666666667 27.0186666666667 26.7543333333333 26.6936666666667 26.7083333333333 26.6943333333333 26.6806666666667 26.7056666666667 26.7676666666667
26.8633333333333 27.0636666666667 27.2686666666667 27.5636666666667 27.8736666666667 27.7923333333333 27.4636666666667 27.0186666666667 26.7543333333333 26.6936666666667 26.7083333333333 26.6943333333333 26.6806666666667 26.7056666666667 26.7676666666667 26.8876666666667 27.1343333333333 27.21 26.9516666666667 26.3836666666667 25.988 25.831 25.917 26.152 26.2913333333333 26.5113333333333 26.6603333333333
26.6806666666667 26.7056666666667 26.7676666666667 26.8876666666667 27.1343333333333 27.21 26.9516666666667 26.3836666666667 25.988 25.831 25.917 26.152 26.2913333333333 26.5113333333333 26.6603333333333 26.9823333333333 27.2323333333333 27.263 26.879 26.3743333333333 26.023 25.958 25.993 26.097 26.3456666666667 26.589 26.8596666666667
26.2913333333333 26.5113333333333 26.6603333333333 26.9823333333333 27.2323333333333 27.263 26.879 26.3743333333333 26.023 25.958 25.993 26.097 26.3456666666667 26.589 26.8596666666667 27.0816666666667 27.3263333333333 27.307 27.2833333333333 26.9936666666667 26.6866666666667 26.2126666666667 26.0346666666667 26.152 26.5716666666667 26.7853333333333 27.0713333333333
26.3456666666667 26.589 26.8596666666667 27.0816666666667 27.3263333333333 27.307 27.2833333333333 26.9936666666667 26.6866666666667 26.2126666666667 26.0346666666667 26.152 26.5716666666667 26.7853333333333 27.0713333333333 27.3313333333333 27.7926666666667 27.9463333333333 27.8116666666667 27.3346666666667 26.9626666666667 26.7536666666667 26.831 26.9263333333333 26.9836666666667 27.0206666666667 27.1656666666667
26.5716666666667 26.7853333333333 27.0713333333333 27.3313333333333 27.7926666666667 27.9463333333333 27.8116666666667 27.3346666666667 26.9626666666667 26.7536666666667 26.831 26.9263333333333 26.9836666666667 27.0206666666667 27.1656666666667 27.4926666666667 27.8543333333333 27.903 27.516 26.9673333333333 26.5886666666667 26.4533333333333 26.4473333333333 26.4286666666667 26.4753333333333 26.5516666666667 26.587
26.9836666666667 27.0206666666667 27.1656666666667 27.4926666666667 27.8543333333333 27.903 27.516 26.9673333333333 26.5886666666667 26.4533333333333 26.4473333333333 26.4286666666667 26.4753333333333 26.5516666666667 26.587 26.7573333333333 26.91 27.097 26.71 26.156 25.6793333333333 25.6523333333333 25.848 26.2016666666667 26.5206666666667 26.7096666666667 26.941
26.4753333333333 26.5516666666667 26.587 26.7573333333333 26.91 27.097 26.71 26.156 25.6793333333333 25.6523333333333 25.848 26.2016666666667 26.5206666666667 26.7096666666667 26.941 27.187 27.5176666666667 27.58 27.285 26.84 26.2873333333333 26.0816666666667 26.1206666666667 26.3423333333333 26.595 26.7283333333333 26.859
26.5206666666667 26.7096666666667 26.941 27.187 27.5176666666667 27.58 27.285 26.84 26.2873333333333 26.0816666666667 26.1206666666667 26.3423333333333 26.595 26.7283333333333 26.859 27.0773333333333 27.3353333333333 27.6096666666667 27.6446666666667 27.369 27.0276666666667 26.6186666666667 26.5333333333333 26.4713333333333 26.597 26.6693333333333 26.8153333333333
26.595 26.7283333333333 26.859 27.0773333333333 27.3353333333333 27.6096666666667 27.6446666666667 27.369 27.0276666666667 26.6186666666667 26.5333333333333 26.4713333333333 26.597 26.6693333333333 26.8153333333333 26.9946666666667 27.2526666666667 27.2756666666667 26.9746666666667 26.5646666666667 26.2033333333333 26.019 25.873 25.9183333333333 26.099 26.2976666666667 26.4753333333333
26.597 26.6693333333333 26.8153333333333 26.9946666666667 27.2526666666667 27.2756666666667 26.9746666666667 26.5646666666667 26.2033333333333 26.019 25.873 25.9183333333333 26.099 26.2976666666667 26.4753333333333 26.6566666666667 26.835 26.885 26.7663333333333 26.4466666666667 26.0706666666667 25.8316666666667 25.8396666666667 26.0403333333333 26.239 26.3693333333333 26.5533333333333
26.099 26.2976666666667 26.4753333333333 26.6566666666667 26.835 26.885 26.7663333333333 26.4466666666667 26.0706666666667 25.8316666666667 25.8396666666667 26.0403333333333 26.239 26.3693333333333 26.5533333333333 26.7303333333333 26.9733333333333 27.0166666666667 26.8673333333333 26.5796666666667 26.2716666666667 26.1376666666667 26.0876666666667 26.3196666666667 26.4983333333333 26.7143333333333 26.783
26.239 26.3693333333333 26.5533333333333 26.7303333333333 26.9733333333333 27.0166666666667 26.8673333333333 26.5796666666667 26.2716666666667 26.1376666666667 26.0876666666667 26.3196666666667 26.4983333333333 26.7143333333333 26.783 26.9143333333333 27.0913333333333 27.1366666666667 27.0413333333333 26.661 26.246 25.981 25.913 26.052 26.1146666666667 26.254 26.4386666666667
26.4983333333333 26.7143333333333 26.783 26.9143333333333 27.0913333333333 27.1366666666667 27.0413333333333 26.661 26.246 25.981 25.913 26.052 26.1146666666667 26.254 26.4386666666667 26.824 27.0443333333333 27.1293333333333 27.034 26.7246666666667 26.3256666666667 25.9973333333333 25.9193333333333 26.009 26.121 26.3193333333333 26.4576666666667
26.1146666666667 26.254 26.4386666666667 26.824 27.0443333333333 27.1293333333333 27.034 26.7246666666667 26.3256666666667 25.9973333333333 25.9193333333333 26.009 26.121 26.3193333333333 26.4576666666667 26.789 27.213 27.4573333333333 27.368 27.0703333333333 26.8146666666667 26.6976666666667 26.706 26.8876666666667 27.056 27.2293333333333 27.508
26.121 26.3193333333333 26.4576666666667 26.789 27.213 27.4573333333333 27.368 27.0703333333333 26.8146666666667 26.6976666666667 26.706 26.8876666666667 27.056 27.2293333333333 27.508 27.8523333333333 28.2276666666667 28.3666666666667 28.062 27.4133333333333 26.6436666666667 26.18 25.9473333333333 26.006 26.087 26.243 26.4283333333333
27.056 27.2293333333333 27.508 27.8523333333333 28.2276666666667 28.3666666666667 28.062 27.4133333333333 26.6436666666667 26.18 25.9473333333333 26.006 26.087 26.243 26.4283333333333 26.805 26.9946666666667 26.9506666666667 26.5796666666667 26.3016666666667 26.1483333333333 26.1756666666667 26.3193333333333 26.5093333333333 26.6726666666667 26.725 26.8096666666667
26.087 26.243 26.4283333333333 26.805 26.9946666666667 26.9506666666667 26.5796666666667 26.3016666666667 26.1483333333333 26.1756666666667 26.3193333333333 26.5093333333333 26.6726666666667 26.725 26.8096666666667 26.8503333333333 27.0656666666667 27.1643333333333 27.056 26.6843333333333 26.2983333333333 26.2446666666667 26.3316666666667 26.573 26.8096666666667 26.9743333333333 27.002
26.6726666666667 26.725 26.8096666666667 26.8503333333333 27.0656666666667 27.1643333333333 27.056 26.6843333333333 26.2983333333333 26.2446666666667 26.3316666666667 26.573 26.8096666666667 26.9743333333333 27.002 27.1346666666667 27.36 27.4146666666667 27.168 26.7276666666667 26.4316666666667 26.2296666666667 26.2506666666667 26.4686666666667 26.779 27.0673333333333 27.1606666666667
26.8096666666667 26.9743333333333 27.002 27.1346666666667 27.36 27.4146666666667 27.168 26.7276666666667 26.4316666666667 26.2296666666667 26.2506666666667 26.4686666666667 26.779 27.0673333333333 27.1606666666667 27.3793333333333 27.578 27.7033333333333 27.501 26.9836666666667 26.5096666666667 26.144 26.3136666666667 26.7366666666667 27.2196666666667 27.3833333333333 27.5086666666667
26.779 27.0673333333333 27.1606666666667 27.3793333333333 27.578 27.7033333333333 27.501 26.9836666666667 26.5096666666667 26.144 26.3136666666667 26.7366666666667 27.2196666666667 27.3833333333333 27.5086666666667 27.538 27.8446666666667 27.7543333333333 27.689 27.2906666666667 26.9983333333333 26.597 26.4566666666667 26.5866666666667 26.8046666666667 27.0086666666667 27.166
27.2196666666667 27.3833333333333 27.5086666666667 27.538 27.8446666666667 27.7543333333333 27.689 27.2906666666667 26.9983333333333 26.597 26.4566666666667 26.5866666666667 26.8046666666667 27.0086666666667 27.166 27.3706666666667 27.6356666666667 27.5706666666667 27.229 26.4573333333333 25.915 25.672 25.903 26.3643333333333 26.777 27.0553333333333 27.2193333333333
26.8046666666667 27.0086666666667 27.166 27.3706666666667 27.6356666666667 27.5706666666667 27.229 26.4573333333333 25.915 25.672 25.903 26.3643333333333 26.777 27.0553333333333 27.2193333333333 27.5463333333333 27.789 27.7956666666667 27.3623333333333 26.791 26.291 26.1106666666667 26.192 26.3713333333333 26.6263333333333 26.7416666666667 27.0256666666667
26.777 27.0553333333333 27.2193333333333 27.5463333333333 27.789 27.7956666666667 27.3623333333333 26.791 26.291 26.1106666666667 26.192 26.3713333333333 26.6263333333333 26.7416666666667 27.0256666666667 27.228 27.497 27.4983333333333 27.344 26.964 26.699 26.598 26.7926666666667 26.949 27.1533333333333 27.2163333333333 27.4836666666667
26.6263333333333 26.7416666666667 27.0256666666667 27.228 27.497 27.4983333333333 27.344 26.964 26.699 26.598 26.7926666666667 26.949 27.1533333333333 27.2163333333333 27.4836666666667 27.594 27.916 27.8983333333333 27.916 27.5843333333333 27.3086666666667 27.0776666666667 26.9403333333333 26.9896666666667 27.0453333333333 27.235 27.2183333333333
27.1533333333333 27.2163333333333 27.4836666666667 27.594 27.916 27.8983333333333 27.916 27.5843333333333 27.3086666666667 27.0776666666667 26.9403333333333 26.9896666666667 27.0453333333333 27.235 27.2183333333333 27.3406666666667 27.3153333333333 27.3526666666667 27.1603333333333 26.993 26.885 27.0283333333333 27.1893333333333 27.298 27.2573333333333 27.2176666666667 27.2656666666667
27.0453333333333 27.235 27.2183333333333 27.3406666666667 27.3153333333333 27.3526666666667 27.1603333333333 26.993 26.885 27.0283333333333 27.1893333333333 27.298 27.2573333333333 27.2176666666667 27.2656666666667 27.4603333333333 27.7836666666667 27.9466666666667 27.6463333333333 26.9983333333333 26.4323333333333 26.324 26.6963333333333 27.1753333333333 27.5653333333333 27.645 27.8496666666667
27.2573333333333 27.2176666666667 27.2656666666667 27.4603333333333 27.7836666666667 27.9466666666667 27.6463333333333 26.9983333333333 26.4323333333333 26.324 26.6963333333333 27.1753333333333 27.5653333333333 27.645 27.8496666666667 28.1453333333333 28.483 28.4093333333333 27.873 27.188 26.6153333333333 26.3006666666667 26.2723333333333 26.4163333333333 26.634 26.6536666666667 26.7496666666667
27.5653333333333 27.645 27.8496666666667 28.1453333333333 28.483 28.4093333333333 27.873 27.188 26.6153333333333 26.3006666666667 26.2723333333333 26.4163333333333 26.634 26.6536666666667 26.7496666666667 26.9923333333333 27.2876666666667 27.257 26.9233333333333 26.54 26.325 26.3746666666667 26.6376666666667 27.0196666666667 27.3383333333333 27.392 27.417
26.634 26.6536666666667 26.7496666666667 26.9923333333333 27.2876666666667 27.257 26.9233333333333 26.54 26.325 26.3746666666667 26.6376666666667 27.0196666666667 27.3383333333333 27.392 27.417 27.3916666666667 27.8703333333333 28.043 27.846 27.4616666666667 27.293 27.4666666666667 27.4216666666667 27.5353333333333 27.6743333333333 27.699 27.7466666666667
27.3383333333333 27.392 27.417 27.3916666666667 27.8703333333333 28.043 27.846 27.4616666666667 27.293 27.4666666666667 27.4216666666667 27.5353333333333 27.6743333333333 27.699 27.7466666666667 28.0383333333333 28.446 28.4143333333333 27.7773333333333 27.1133333333333 26.718 26.712 26.818 27.156 27.4946666666667 27.7086666666667 27.789
