-3.348666667	-4.059333333	-4.177666667	-4.175666667	-3.850333333	-2.488	0.091666667	2.664333333	3.632333333	2.974666667	0.580333333	-1.036	-2.915	-3.429666667	-4.245666667	-3.900333333	-3.122	-1.713666667	0.272666667	2.238333333	3.451666667	2.648	0.666333333	-1.087333333	-2.444	-3.328666667	-3.921333333
-2.915	-3.429666667	-4.245666667	-3.900333333	-3.122	-1.713666667	0.272666667	2.238333333	3.451666667	2.648	0.666333333	-1.087333333	-2.444	-3.328666667	-3.921333333	-3.846	-2.827333333	-1.554	1.119666667	2.822666667	4.096333333	2.878	0.805333333	-1.489333333	-3.157333333	-3.836333333	-4.168666667
-2.444	-3.328666667	-3.921333333	-3.846	-2.827333333	-1.554	1.119666667	2.822666667	4.096333333	2.878	0.805333333	-1.489333333	-3.157333333	-3.836333333	-4.168666667	-4.063	-3.458666667	-2.660333333	-0.508	1.609666667	3.240333333	2.081	0.258666667	-1.711	-2.792333333	-3.854333333	-4.487
-3.157333333	-3.836333333	-4.168666667	-4.063	-3.458666667	-2.660333333	-0.508	1.609666667	3.240333333	2.081	0.258666667	-1.711	-2.792333333	-3.854333333	-4.487	-4.414333333	-3.541666667	-2.159333333	0.349666667	2.538333333	3.79	2.563333333	0.284666667	-1.886666667	-3.359	-3.85	-4.293666667
-2.792333333	-3.854333333	-4.487	-4.414333333	-3.541666667	-2.159333333	0.349666667	2.538333333	3.79	2.563333333	0.284666667	-1.886666667	-3.359	-3.85	-4.293666667	-3.824666667	-3.313666667	-1.960333333	-0.152	2.149	3.480333333	2.528666667	0.298	-2.204	-3.571	-4.235	-4.260333333
-3.359	-3.85	-4.293666667	-3.824666667	-3.313666667	-1.960333333	-0.152	2.149	3.480333333	2.528666667	0.298	-2.204	-3.571	-4.235	-4.260333333	-4.058	-3.099	-1.933333333	0.322333333	2.261	3.872	2.888	0.605	-1.721	-3.281	-4.104333333	-4.551
-3.571	-4.235	-4.260333333	-4.058	-3.099	-1.933333333	0.322333333	2.261	3.872	2.888	0.605	-1.721	-3.281	-4.104333333	-4.551	-4.177	-3.251666667	-2.124666667	0.001666667	2.132666667	3.417333333	2.990666667	0.712	-1.529333333	-3.768	-4.730333333	-5.664666667
-3.281	-4.104333333	-4.551	-4.177	-3.251666667	-2.124666667	0.001666667	2.132666667	3.417333333	2.990666667	0.712	-1.529333333	-3.768	-4.730333333	-5.664666667	-5.214	-4.042666667	-2.559	0.230666667	2.099333333	4.026666667	2.323666667	0.15	-2.649333333	-4.096333333	-4.670333333	-4.951666667
-3.768	-4.730333333	-5.664666667	-5.214	-4.042666667	-2.559	0.230666667	2.099333333	4.026666667	2.323666667	0.15	-2.649333333	-4.096333333	-4.670333333	-4.951666667	-4.565666667	-3.855333333	-2.020666667	0.446	2.694666667	3.650666667	2.638	0.476666667	-1.792333333	-3.625333333	-4.512333333	-4.677333333
-4.096333333	-4.670333333	-4.951666667	-4.565666667	-3.855333333	-2.020666667	0.446	2.694666667	3.650666667	2.638	0.476666667	-1.792333333	-3.625333333	-4.512333333	-4.677333333	-4.314	-3.506	-2.108	0.525666667	2.551666667	3.302333333	1.725666667	-0.433333333	-2.353333333	-3.681333333	-4.505333333	-4.774333333
-3.625333333	-4.512333333	-4.677333333	-4.314	-3.506	-2.108	0.525666667	2.551666667	3.302333333	1.725666667	-0.433333333	-2.353333333	-3.681333333	-4.505333333	-4.774333333	-4.337	-3.376666667	-2.307333333	0.028333333	2.221333333	3.453666667	2.163	0.045666667	-1.938333333	-3.315333333	-4.041	-4.345
-3.681333333	-4.505333333	-4.774333333	-4.337	-3.376666667	-2.307333333	0.028333333	2.221333333	3.453666667	2.163	0.045666667	-1.938333333	-3.315333333	-4.041	-4.345	-4.105333333	-3.194666667	-2.114333333	0.150333333	2.259333333	3.617666667	2.554333333	0.203333333	-2.168	-3.515	-4.559666667	-5.036
-3.315333333	-4.041	-4.345	-4.105333333	-3.194666667	-2.114333333	0.150333333	2.259333333	3.617666667	2.554333333	0.203333333	-2.168	-3.515	-4.559666667	-5.036	-5.048666667	-4.216666667	-2.775333333	-0.151666667	1.899666667	3.158666667	1.753333333	-0.326333333	-2.465	-3.496666667	-4.227666667	-4.133666667
-3.515	-4.559666667	-5.036	-5.048666667	-4.216666667	-2.775333333	-0.151666667	1.899666667	3.158666667	1.753333333	-0.326333333	-2.465	-3.496666667	-4.227666667	-4.133666667	-4.095333333	-3.123333333	-1.618	0.458	2.762666667	3.434333333	2.939333333	0.687333333	-1.526666667	-3.346	-4.299	-4.730333333
-3.496666667	-4.227666667	-4.133666667	-4.095333333	-3.123333333	-1.618	0.458	2.762666667	3.434333333	2.939333333	0.687333333	-1.526666667	-3.346	-4.299	-4.730333333	-4.525333333	-3.491666667	-2.081	-0.491	1.54	2.895666667	2.384666667	-0.137	-2.461333333	-3.658666667	-3.879	-4.256333333
-3.346	-4.299	-4.730333333	-4.525333333	-3.491666667	-2.081	-0.491	1.54	2.895666667	2.384666667	-0.137	-2.461333333	-3.658666667	-3.879	-4.256333333	-4.511666667	-4.299333333	-3.065666667	-0.970666667	1.484666667	2.770666667	2.080333333	0.023333333	-2.351333333	-3.256666667	-4.194	-3.953333333
-3.658666667	-3.879	-4.256333333	-4.511666667	-4.299333333	-3.065666667	-0.970666667	1.484666667	2.770666667	2.080333333	0.023333333	-2.351333333	-3.256666667	-4.194	-3.953333333	-4.089333333	-3.495	-2.791666667	-0.659666667	1.588	3.067	2.261666667	0.504666667	-1.405666667	-2.719666667	-3.753	-4.525666667
-3.256666667	-4.194	-3.953333333	-4.089333333	-3.495	-2.791666667	-0.659666667	1.588	3.067	2.261666667	0.504666667	-1.405666667	-2.719666667	-3.753	-4.525666667	-4.795	-3.962666667	-2.779333333	-0.042	2.488333333	4.127333333	3.046666667	0.522666667	-1.645333333	-3.495333333	-4.355666667	-4.836333333
-2.719666667	-3.753	-4.525666667	-4.795	-3.962666667	-2.779333333	-0.042	2.488333333	4.127333333	3.046666667	0.522666667	-1.645333333	-3.495333333	-4.355666667	-4.836333333	-4.568333333	-4.027333333	-2.813666667	-0.854666667	1.798333333	2.839666667	2.181	-0.261333333	-2.450666667	-3.795666667	-4.564	-4.631
-3.495333333	-4.355666667	-4.836333333	-4.568333333	-4.027333333	-2.813666667	-0.854666667	1.798333333	2.839666667	2.181	-0.261333333	-2.450666667	-3.795666667	-4.564	-4.631	-4.661	-3.860666667	-2.753	-0.372333333	1.656666667	2.661333333	1.601333333	-0.308666667	-2.297333333	-3.564666667	-4.223666667	-4.444666667
-3.795666667	-4.564	-4.631	-4.661	-3.860666667	-2.753	-0.372333333	1.656666667	2.661333333	1.601333333	-0.308666667	-2.297333333	-3.564666667	-4.223666667	-4.444666667	-4.264666667	-3.581666667	-2.307	0.049	2.322666667	3.964333333	3.130666667	0.877333333	-1.518666667	-3.577333333	-4.491	-4.912
-3.564666667	-4.223666667	-4.444666667	-4.264666667	-3.581666667	-2.307	0.049	2.322666667	3.964333333	3.130666667	0.877333333	-1.518666667	-3.577333333	-4.491	-4.912	-4.252666667	-3.478666667	-2.441333333	-0.648666667	1.364333333	2.383	1.416666667	-0.067666667	-1.690666667	-2.479	-3.648	-4.087
-3.577333333	-4.491	-4.912	-4.252666667	-3.478666667	-2.441333333	-0.648666667	1.364333333	2.383	1.416666667	-0.067666667	-1.690666667	-2.479	-3.648	-4.087	-4.563	-3.612666667	-1.623	1.000333333	2.904333333	3.315333333	2.381	0.397333333	-1.527666667	-2.696333333	-3.690666667	-4.202
-2.479	-3.648	-4.087	-4.563	-3.612666667	-1.623	1.000333333	2.904333333	3.315333333	2.381	0.397333333	-1.527666667	-2.696333333	-3.690666667	-4.202	-4.453666667	-3.616	-1.334666667	0.546666667	2.387	2.366333333	1.703333333	0.105	-1.834666667	-3.084333333	-4.274	-4.480333333
-2.696333333	-3.690666667	-4.202	-4.453666667	-3.616	-1.334666667	0.546666667	2.387	2.366333333	1.703333333	0.105	-1.834666667	-3.084333333	-4.274	-4.480333333	-4.167	-3.059333333	-1.102666667	1.080333333	3.134333333	3.336	1.931333333	-0.158333333	-2.037	-3.092666667	-3.981333333	-4.401333333
-3.084333333	-4.274	-4.480333333	-4.167	-3.059333333	-1.102666667	1.080333333	3.134333333	3.336	1.931333333	-0.158333333	-2.037	-3.092666667	-3.981333333	-4.401333333	-4.340333333	-3.596666667	-1.672666667	0.295666667	2.077666667	2.557	1.564666667	-0.206	-1.879333333	-2.953666667	-3.668333333	-4.164
-3.092666667	-3.981333333	-4.401333333	-4.340333333	-3.596666667	-1.672666667	0.295666667	2.077666667	2.557	1.564666667	-0.206	-1.879333333	-2.953666667	-3.668333333	-4.164	-4.267333333	-3.59	-2.460666667	-0.183666667	2.175666667	3.237666667	2.504	-0.055666667	-2.051333333	-3.653	-3.929	-4.297333333
-2.953666667	-3.668333333	-4.164	-4.267333333	-3.59	-2.460666667	-0.183666667	2.175666667	3.237666667	2.504	-0.055666667	-2.051333333	-3.653	-3.929	-4.297333333	-4.007666667	-3.219	-1.733	0.472	1.925	2.915333333	1.696	0.143	-1.588	-2.569666667	-3.592	-4.194
-3.653	-3.929	-4.297333333	-4.007666667	-3.219	-1.733	0.472	1.925	2.915333333	1.696	0.143	-1.588	-2.569666667	-3.592	-4.194	-4.221666667	-3.359333333	-2.429333333	-0.297333333	1.543	2.92	2.124333333	0.219333333	-1.785666667	-3.562666667	-4.265666667	-4.394333333
-2.569666667	-3.592	-4.194	-4.221666667	-3.359333333	-2.429333333	-0.297333333	1.543	2.92	2.124333333	0.219333333	-1.785666667	-3.562666667	-4.265666667	-4.394333333	-3.911666667	-3.197	-1.746333333	0.157666667	2.559333333	3.33	2.754333333	0.479	-1.397	-2.702333333	-3.503333333	-3.571666667
-3.562666667	-4.265666667	-4.394333333	-3.911666667	-3.197	-1.746333333	0.157666667	2.559333333	3.33	2.754333333	0.479	-1.397	-2.702333333	-3.503333333	-3.571666667	-3.568666667	-2.582	-1.482666667	0.886333333	2.629666667	3.358666667	2.300666667	0.431333333	-1.257	-2.693	-3.400666667	-4.27
-2.702333333	-3.503333333	-3.571666667	-3.568666667	-2.582	-1.482666667	0.886333333	2.629666667	3.358666667	2.300666667	0.431333333	-1.257	-2.693	-3.400666667	-4.27	-4.036	-3.299333333	-1.392666667	1.278333333	3.101666667	3.389	1.548	-0.390666667	-2.23	-3.082666667	-3.523	-3.460666667
-2.693	-3.400666667	-4.27	-4.036	-3.299333333	-1.392666667	1.278333333	3.101666667	3.389	1.548	-0.390666667	-2.23	-3.082666667	-3.523	-3.460666667	-3.444666667	-2.699333333	-1.196	0.721666667	2.929333333	3.648333333	2.631	0.391333333	-1.484666667	-2.555	-3.308666667	-3.555333333
-3.082666667	-3.523	-3.460666667	-3.444666667	-2.699333333	-1.196	0.721666667	2.929333333	3.648333333	2.631	0.391333333	-1.484666667	-2.555	-3.308666667	-3.555333333	-3.076666667	-2.125666667	-1.072666667	0.685666667	2.294	3.029666667	2.200666667	0.416666667	-0.843	-2.213666667	-2.997	-3.44
-2.555	-3.308666667	-3.555333333	-3.076666667	-2.125666667	-1.072666667	0.685666667	2.294	3.029666667	2.200666667	0.416666667	-0.843	-2.213666667	-2.997	-3.44	-3.254666667	-2.822666667	-1.471	0.841	2.842333333	3.615333333	2.986	1.227666667	-0.468333333	-2.501	-3.160666667	-3.874333333
