-3.34866666666667 -4.05933333333333 -4.17766666666667 -4.17566666666667 -3.85033333333333 -2.488 0.0916666666666666 2.66433333333333 3.63233333333333 2.97466666666667 0.580333333333333 -1.036 -2.915 -3.42966666666667 -4.24566666666667 -3.90033333333333 -3.122 -1.71366666666667 0.272666666666667 2.23833333333333 3.45166666666667 2.648 0.666333333333333 -1.08733333333333 -2.444 -3.32866666666667 -3.92133333333333
-2.915 -3.42966666666667 -4.24566666666667 -3.90033333333333 -3.122 -1.71366666666667 0.272666666666667 2.23833333333333 3.45166666666667 2.648 0.666333333333333 -1.08733333333333 -2.444 -3.32866666666667 -3.92133333333333 -3.846 -2.82733333333333 -1.554 1.11966666666667 2.82266666666667 4.09633333333333 2.878 0.805333333333333 -1.48933333333333 -3.15733333333333 -3.83633333333333 -4.16866666666667
-2.444 -3.32866666666667 -3.92133333333333 -3.846 -2.82733333333333 -1.554 1.11966666666667 2.82266666666667 4.09633333333333 2.878 0.805333333333333 -1.48933333333333 -3.15733333333333 -3.83633333333333 -4.16866666666667 -4.063 -3.45866666666667 -2.66033333333333 -0.508 1.60966666666667 3.24033333333333 2.081 0.258666666666667 -1.711 -2.79233333333333 -3.85433333333333 -4.487
-3.15733333333333 -3.83633333333333 -4.16866666666667 -4.063 -3.45866666666667 -2.66033333333333 -0.508 1.60966666666667 3.24033333333333 2.081 0.258666666666667 -1.711 -2.79233333333333 -3.85433333333333 -4.487 -4.41433333333333 -3.54166666666667 -2.15933333333333 0.349666666666667 2.53833333333333 3.79 2.56333333333333 0.284666666666667 -1.88666666666667 -3.359 -3.85 -4.29366666666667
-2.79233333333333 -3.85433333333333 -4.487 -4.41433333333333 -3.54166666666667 -2.15933333333333 0.349666666666667 2.53833333333333 3.79 2.56333333333333 0.284666666666667 -1.88666666666667 -3.359 -3.85 -4.29366666666667 -3.82466666666667 -3.31366666666667 -1.96033333333333 -0.152 2.149 3.48033333333333 2.52866666666667 0.298 -2.204 -3.571 -4.235 -4.26033333333333
-3.359 -3.85 -4.29366666666667 -3.82466666666667 -3.31366666666667 -1.96033333333333 -0.152 2.149 3.48033333333333 2.52866666666667 0.298 -2.204 -3.571 -4.235 -4.26033333333333 -4.058 -3.099 -1.93333333333333 0.322333333333333 2.261 3.872 2.888 0.605 -1.721 -3.281 -4.10433333333333 -4.551
-3.571 -4.235 -4.26033333333333 -4.058 -3.099 -1.93333333333333 0.322333333333333 2.261 3.872 2.888 0.605 -1.721 -3.281 -4.10433333333333 -4.551 -4.177 -3.25166666666667 -2.12466666666667 0.00166666666666648 2.13266666666667 3.41733333333333 2.99066666666667 0.712 -1.52933333333333 -3.768 -4.73033333333333 -5.66466666666667
-3.281 -4.10433333333333 -4.551 -4.177 -3.25166666666667 -2.12466666666667 0.00166666666666648 2.13266666666667 3.41733333333333 2.99066666666667 0.712 -1.52933333333333 -3.768 -4.73033333333333 -5.66466666666667 -5.214 -4.04266666666667 -2.559 0.230666666666667 2.09933333333333 4.02666666666667 2.32366666666667 0.15 -2.64933333333333 -4.09633333333333 -4.67033333333333 -4.95166666666667
-3.768 -4.73033333333333 -5.66466666666667 -5.214 -4.04266666666667 -2.559 0.230666666666667 2.09933333333333 4.02666666666667 2.32366666666667 0.15 -2.64933333333333 -4.09633333333333 -4.67033333333333 -4.95166666666667 -4.56566666666667 -3.85533333333333 -2.02066666666667 0.446 2.69466666666667 3.65066666666667 2.638 0.476666666666667 -1.79233333333333 -3.62533333333333 -4.51233333333333 -4.67733333333333
-4.09633333333333 -4.67033333333333 -4.95166666666667 -4.56566666666667 -3.85533333333333 -2.02066666666667 0.446 2.69466666666667 3.65066666666667 2.638 0.476666666666667 -1.79233333333333 -3.62533333333333 -4.51233333333333 -4.67733333333333 -4.314 -3.506 -2.108 0.525666666666667 2.55166666666667 3.30233333333333 1.72566666666667 -0.433333333333333 -2.35333333333333 -3.68133333333333 -4.50533333333333 -4.77433333333333
-3.62533333333333 -4.51233333333333 -4.67733333333333 -4.314 -3.506 -2.108 0.525666666666667 2.55166666666667 3.30233333333333 1.72566666666667 -0.433333333333333 -2.35333333333333 -3.68133333333333 -4.50533333333333 -4.77433333333333 -4.337 -3.37666666666667 -2.30733333333333 0.0283333333333335 2.22133333333333 3.45366666666667 2.163 0.0456666666666665 -1.93833333333333 -3.31533333333333 -4.041 -4.345
-3.68133333333333 -4.50533333333333 -4.77433333333333 -4.337 -3.37666666666667 -2.30733333333333 0.0283333333333335 2.22133333333333 3.45366666666667 2.163 0.0456666666666665 -1.93833333333333 -3.31533333333333 -4.041 -4.345 -4.10533333333333 -3.19466666666667 -2.11433333333333 0.150333333333333 2.25933333333333 3.61766666666667 2.55433333333333 0.203333333333333 -2.168 -3.515 -4.55966666666667 -5.036
-3.31533333333333 -4.041 -4.345 -4.10533333333333 -3.19466666666667 -2.11433333333333 0.150333333333333 2.25933333333333 3.61766666666667 2.55433333333333 0.203333333333333 -2.168 -3.515 -4.55966666666667 -5.036 -5.04866666666667 -4.21666666666667 -2.77533333333333 -0.151666666666667 1.89966666666667 3.15866666666667 1.75333333333333 -0.326333333333333 -2.465 -3.49666666666667 -4.22766666666667 -4.13366666666667
-3.515 -4.55966666666667 -5.036 -5.04866666666667 -4.21666666666667 -2.77533333333333 -0.151666666666667 1.89966666666667 3.15866666666667 1.75333333333333 -0.326333333333333 -2.465 -3.49666666666667 -4.22766666666667 -4.13366666666667 -4.09533333333333 -3.12333333333333 -1.618 0.458 2.76266666666667 3.43433333333333 2.93933333333333 0.687333333333333 -1.52666666666667 -3.346 -4.299 -4.73033333333333
-3.49666666666667 -4.22766666666667 -4.13366666666667 -4.09533333333333 -3.12333333333333 -1.618 0.458 2.76266666666667 3.43433333333333 2.93933333333333 0.687333333333333 -1.52666666666667 -3.346 -4.299 -4.73033333333333 -4.52533333333333 -3.49166666666667 -2.081 -0.491 1.54 2.89566666666667 2.38466666666667 -0.137 -2.46133333333333 -3.65866666666667 -3.879 -4.25633333333333
-3.346 -4.299 -4.73033333333333 -4.52533333333333 -3.49166666666667 -2.081 -0.491 1.54 2.89566666666667 2.38466666666667 -0.137 -2.46133333333333 -3.65866666666667 -3.879 -4.25633333333333 -4.51166666666667 -4.29933333333333 -3.06566666666667 -0.970666666666667 1.48466666666667 2.77066666666667 2.08033333333333 0.0233333333333333 -2.35133333333333 -3.25666666666667 -4.194 -3.95333333333333
-3.65866666666667 -3.879 -4.25633333333333 -4.51166666666667 -4.29933333333333 -3.06566666666667 -0.970666666666667 1.48466666666667 2.77066666666667 2.08033333333333 0.0233333333333333 -2.35133333333333 -3.25666666666667 -4.194 -3.95333333333333 -4.08933333333333 -3.495 -2.79166666666667 -0.659666666666667 1.588 3.067 2.26166666666667 0.504666666666667 -1.40566666666667 -2.71966666666667 -3.753 -4.52566666666667
-3.25666666666667 -4.194 -3.95333333333333 -4.08933333333333 -3.495 -2.79166666666667 -0.659666666666667 1.588 3.067 2.26166666666667 0.504666666666667 -1.40566666666667 -2.71966666666667 -3.753 -4.52566666666667 -4.795 -3.96266666666667 -2.77933333333333 -0.0420000000000001 2.48833333333333 4.12733333333333 3.04666666666667 0.522666666666667 -1.64533333333333 -3.49533333333333 -4.35566666666667 -4.83633333333333
-2.71966666666667 -3.753 -4.52566666666667 -4.795 -3.96266666666667 -2.77933333333333 -0.0420000000000001 2.48833333333333 4.12733333333333 3.04666666666667 0.522666666666667 -1.64533333333333 -3.49533333333333 -4.35566666666667 -4.83633333333333 -4.56833333333333 -4.02733333333333 -2.81366666666667 -0.854666666666667 1.79833333333333 2.83966666666667 2.181 -0.261333333333333 -2.45066666666667 -3.79566666666667 -4.564 -4.631
-3.49533333333333 -4.35566666666667 -4.83633333333333 -4.56833333333333 -4.02733333333333 -2.81366666666667 -0.854666666666667 1.79833333333333 2.83966666666667 2.181 -0.261333333333333 -2.45066666666667 -3.79566666666667 -4.564 -4.631 -4.661 -3.86066666666667 -2.753 -0.372333333333333 1.65666666666667 2.66133333333333 1.60133333333333 -0.308666666666667 -2.29733333333333 -3.56466666666667 -4.22366666666667 -4.44466666666667
-3.79566666666667 -4.564 -4.631 -4.661 -3.86066666666667 -2.753 -0.372333333333333 1.65666666666667 2.66133333333333 1.60133333333333 -0.308666666666667 -2.29733333333333 -3.56466666666667 -4.22366666666667 -4.44466666666667 -4.26466666666667 -3.58166666666667 -2.307 0.0490000000000001 2.32266666666667 3.96433333333333 3.13066666666667 0.877333333333333 -1.51866666666667 -3.57733333333333 -4.491 -4.912
-3.56466666666667 -4.22366666666667 -4.44466666666667 -4.26466666666667 -3.58166666666667 -2.307 0.0490000000000001 2.32266666666667 3.96433333333333 3.13066666666667 0.877333333333333 -1.51866666666667 -3.57733333333333 -4.491 -4.912 -4.25266666666667 -3.47866666666667 -2.44133333333333 -0.648666666666667 1.36433333333333 2.383 1.41666666666667 -0.0676666666666667 -1.69066666666667 -2.479 -3.648 -4.087
-3.57733333333333 -4.491 -4.912 -4.25266666666667 -3.47866666666667 -2.44133333333333 -0.648666666666667 1.36433333333333 2.383 1.41666666666667 -0.0676666666666667 -1.69066666666667 -2.479 -3.648 -4.087 -4.563 -3.61266666666667 -1.623 1.00033333333333 2.90433333333333 3.31533333333333 2.381 0.397333333333333 -1.52766666666667 -2.69633333333333 -3.69066666666667 -4.202
-2.479 -3.648 -4.087 -4.563 -3.61266666666667 -1.623 1.00033333333333 2.90433333333333 3.31533333333333 2.381 0.397333333333333 -1.52766666666667 -2.69633333333333 -3.69066666666667 -4.202 -4.45366666666667 -3.616 -1.33466666666667 0.546666666666667 2.387 2.36633333333333 1.70333333333333 0.105 -1.83466666666667 -3.08433333333333 -4.274 -4.48033333333333
-2.69633333333333 -3.69066666666667 -4.202 -4.45366666666667 -3.616 -1.33466666666667 0.546666666666667 2.387 2.36633333333333 1.70333333333333 0.105 -1.83466666666667 -3.08433333333333 -4.274 -4.48033333333333 -4.167 -3.05933333333333 -1.10266666666667 1.08033333333333 3.13433333333333 3.336 1.93133333333333 -0.158333333333334 -2.037 -3.09266666666667 -3.98133333333333 -4.40133333333333
-3.08433333333333 -4.274 -4.48033333333333 -4.167 -3.05933333333333 -1.10266666666667 1.08033333333333 3.13433333333333 3.336 1.93133333333333 -0.158333333333334 -2.037 -3.09266666666667 -3.98133333333333 -4.40133333333333 -4.34033333333333 -3.59666666666667 -1.67266666666667 0.295666666666667 2.07766666666667 2.557 1.56466666666667 -0.206 -1.87933333333333 -2.95366666666667 -3.66833333333333 -4.164
-3.09266666666667 -3.98133333333333 -4.40133333333333 -4.34033333333333 -3.59666666666667 -1.67266666666667 0.295666666666667 2.07766666666667 2.557 1.56466666666667 -0.206 -1.87933333333333 -2.95366666666667 -3.66833333333333 -4.164 -4.26733333333333 -3.59 -2.46066666666667 -0.183666666666667 2.17566666666667 3.23766666666667 2.504 -0.0556666666666668 -2.05133333333333 -3.653 -3.929 -4.29733333333333
-2.95366666666667 -3.66833333333333 -4.164 -4.26733333333333 -3.59 -2.46066666666667 -0.183666666666667 2.17566666666667 3.23766666666667 2.504 -0.0556666666666668 -2.05133333333333 -3.653 -3.929 -4.29733333333333 -4.00766666666667 -3.219 -1.733 0.472 1.925 2.91533333333333 1.696 0.143 -1.588 -2.56966666666667 -3.592 -4.194
-3.653 -3.929 -4.29733333333333 -4.00766666666667 -3.219 -1.733 0.472 1.925 2.91533333333333 1.696 0.143 -1.588 -2.56966666666667 -3.592 -4.194 -4.22166666666667 -3.35933333333333 -2.42933333333333 -0.297333333333333 1.543 2.92 2.12433333333333 0.219333333333333 -1.78566666666667 -3.56266666666667 -4.26566666666667 -4.39433333333333
-2.56966666666667 -3.592 -4.194 -4.22166666666667 -3.35933333333333 -2.42933333333333 -0.297333333333333 1.543 2.92 2.12433333333333 0.219333333333333 -1.78566666666667 -3.56266666666667 -4.26566666666667 -4.39433333333333 -3.91166666666667 -3.197 -1.74633333333333 0.157666666666667 2.55933333333333 3.33 2.75433333333333 0.479 -1.397 -2.70233333333333 -3.50333333333333 -3.57166666666667
-3.56266666666667 -4.26566666666667 -4.39433333333333 -3.91166666666667 -3.197 -1.74633333333333 0.157666666666667 2.55933333333333 3.33 2.75433333333333 0.479 -1.397 -2.70233333333333 -3.50333333333333 -3.57166666666667 -3.56866666666667 -2.582 -1.48266666666667 0.886333333333333 2.62966666666667 3.35866666666667 2.30066666666667 0.431333333333333 -1.257 -2.693 -3.40066666666667 -4.27
-2.70233333333333 -3.50333333333333 -3.57166666666667 -3.56866666666667 -2.582 -1.48266666666667 0.886333333333333 2.62966666666667 3.35866666666667 2.30066666666667 0.431333333333333 -1.257 -2.693 -3.40066666666667 -4.27 -4.036 -3.29933333333333 -1.39266666666667 1.27833333333333 3.10166666666667 3.389 1.548 -0.390666666666667 -2.23 -3.08266666666667 -3.523 -3.46066666666667
-2.693 -3.40066666666667 -4.27 -4.036 -3.29933333333333 -1.39266666666667 1.27833333333333 3.10166666666667 3.389 1.548 -0.390666666666667 -2.23 -3.08266666666667 -3.523 -3.46066666666667 -3.44466666666667 -2.69933333333333 -1.196 0.721666666666667 2.92933333333333 3.64833333333333 2.631 0.391333333333333 -1.48466666666667 -2.555 -3.30866666666667 -3.55533333333333
-3.08266666666667 -3.523 -3.46066666666667 -3.44466666666667 -2.69933333333333 -1.196 0.721666666666667 2.92933333333333 3.64833333333333 2.631 0.391333333333333 -1.48466666666667 -2.555 -3.30866666666667 -3.55533333333333 -3.07666666666667 -2.12566666666667 -1.07266666666667 0.685666666666667 2.294 3.02966666666667 2.20066666666667 0.416666666666667 -0.843 -2.21366666666667 -2.997 -3.44
-2.555 -3.30866666666667 -3.55533333333333 -3.07666666666667 -2.12566666666667 -1.07266666666667 0.685666666666667 2.294 3.02966666666667 2.20066666666667 0.416666666666667 -0.843 -2.21366666666667 -2.997 -3.44 -3.25466666666667 -2.82266666666667 -1.471 0.841 2.84233333333333 3.61533333333333 2.986 1.22766666666667 -0.468333333333333 -2.501 -3.16066666666667 -3.87433333333333
-2.21366666666667 -2.997 -3.44 -3.25466666666667 -2.82266666666667 -1.471 0.841 2.84233333333333 3.61533333333333 2.986 1.22766666666667 -0.468333333333333 -2.501 -3.16066666666667 -3.87433333333333 -3.53233333333333 -2.78733333333333 -1.52066666666667 0.811333333333333 2.65033333333333 3.85233333333333 2.97766666666667 1.043 -1.08666666666667 -2.77166666666667 -3.55233333333333 -3.82533333333333
-2.501 -3.16066666666667 -3.87433333333333 -3.53233333333333 -2.78733333333333 -1.52066666666667 0.811333333333333 2.65033333333333 3.85233333333333 2.97766666666667 1.043 -1.08666666666667 -2.77166666666667 -3.55233333333333 -3.82533333333333 -3.714 -3.016 -1.58533333333333 1.01366666666667 3.32133333333333 4.20433333333333 2.86466666666667 0.889333333333333 -1.013 -2.51766666666667 -3.60966666666667 -3.92266666666667
