1948	1	17.816	1011.594	-4.519	-5.583	NA
1948	2	18.572	1013.401	-7.113	-1.599	NA
1948	3	19.288	1012.89	-5.639	-2.312	NA
1948	4	21.705	1012.042	-2.955	0.795	NA
1948	5	23.9	1011.561	-2.621	2.44	NA
1948	6	25.97	1011.356	-1.931	5.076	NA
1948	7	27.047	1011.175	-1.249	4.378	NA
1948	8	27.069	1009.016	2.228	2.812	NA
1948	9	26.553	1009.782	-0.182	2.939	NA
1948	10	25.197	1009.123	2.733	-3.122	NA
1948	11	22.895	1009.474	0.788	-5.404	NA
1948	12	20.738	1012.205	-3.929	-2.488	NA
1949	1	18.746	1013.047	-5.655	-5.485	NA
1949	2	18.902	1012.802	-7.521	-2.382	NA
1949	3	19.288	1012.576	-7.377	-1.172	NA
1949	4	21.772	1013.231	-5.851	-0.351	NA
1949	5	24.456	1012.706	-6.538	2.481	NA
1949	6	26.321	1012.227	-3.436	5.334	NA
1949	7	27.131	1011.219	-1.469	2.794	NA
1949	8	27.624	1011.111	-1.053	2.45	NA
1949	9	26.583	1010.49	0.294	0.04	NA
1949	10	25.587	1011.187	-1.853	-0.361	NA
1949	11	23.015	1010.428	-3.356	-4.989	NA
1949	12	21.148	1011.274	-7.767	-2.775	NA
1950	1	19.441	1012.041	-7.41	-2.943	NA
1950	2	19.085	1012	-6.811	-3.162	NA
1950	3	20.207	1012.429	-7.086	-1.877	NA
1950	4	22.226	1011.114	-6.362	0.154	NA
1950	5	24.46	1010.737	-3.953	1.58	NA
1950	6	25.807	1011.357	-3.189	3.909	NA
1950	7	27.088	1010.286	1.207	3.357	NA
1950	8	27.304	1010.325	0.584	2.205	NA
1950	9	26.63	1010.5	0.67	-0.25	NA
1950	10	24.872	1010.633	-1.207	-1.637	NA
1950	11	23.041	1009.453	-4.329	-3.165	NA
1950	12	19.478	1009.641	-5.474	-6.107	NA
1951	1	19.03	1012.568	-6.613	-3.866	NA
1951	2	18.913	1010.831	-4.939	-3.317	NA
1951	3	19.925	1011.767	-5.417	-2.739	NA
1951	4	22.537	1012.833	-4.971	0.256	NA
1951	5	24.221	1012.608	-3.076	1.728	NA
1951	6	26.167	1011.734	-1.978	3.63	NA
1951	7	27.296	1011.477	-2.168	1.847	NA
1951	8	27.579	1010.301	2.037	2.258	NA
1951	9	26.996	1010.637	-0.54	1.117	NA
1951	10	25.97	1010.248	0.817	-1.167	NA
1951	11	22.99	1011.134	-4.566	-4.17	NA
1951	12	21.08	1012.045	-4.906	-4.864	NA
1952	1	19.427	1013.467	-7.59	-3.562	NA
1952	2	19.44	1012.842	-7.761	-3.055	NA
1952	3	20.562	1012.582	-6.833	-1.52	NA
1952	4	22.69	1013.17	-5.538	0.258	NA
1952	5	25.122	1011.655	-3.712	1.92	NA
1952	6	27.122	1011.805	-2.743	4.23	NA
1952	7	27.795	1011.119	-0.215	4.015	NA
1952	8	27.86	1010.444	1.123	1.634	NA
1952	9	27.529	1010.198	0.58	0.541	NA
1952	10	25.839	1009.456	0.47	-3.639	NA
1952	11	24.999	1010.147	-2.327	-2.791	NA
1952	12	21.188	1011.712	-4.256	-5.11	NA
1953	1	18.63	1012.588	-6.136	-5.139	NA
1953	2	19.409	1014.181	-7.12	-4.004	NA
1953	3	20.989	1012.573	-6.483	-1.925	NA
1953	4	21.855	1011.829	-4.22	-1.7	NA
1953	5	24.203	1012.217	-2.798	1.749	NA
1953	6	26.726	1011.803	-3.038	3.638	NA
1953	7	27.344	1010.879	-0.591	2.513	NA
1953	8	27.734	1008.668	3.242	2.008	NA
1953	9	27.293	1010.824	0.263	0.803	NA
1953	10	25.695	1010.012	-1.082	-1.675	NA
1953	11	23.863	1010.818	-2.881	-2.703	NA
1953	12	21.82	1010.273	-4.077	-5.288	NA
1954	1	20.012	1011.266	-6.753	-2.637	NA
1954	2	18.973	1012.27	-5.275	-3.394	NA
1954	3	20.234	1012.079	-5.613	-3.468	NA
1954	4	23.121	1011.609	-5.537	0.69	NA
1954	5	25.169	1011.18	-5.092	1.781	NA
1954	6	26.616	1011.014	-3.054	3.865	NA
1954	7	27.461	1009.958	-1.644	2.718	NA
1954	8	27.692	1009.219	0.928	2.296	NA
1954	9	26.888	1009.021	1.758	0.217	NA
1954	10	25.234	1010.211	-1.002	-1.941	NA
1954	11	23.83	1010.496	-1.628	-3.489	NA
1954	12	20.16	1010.523	-6.472	-6.139	NA
1955	1	17.971	1013.946	-7.191	-5.627	NA
1955	2	19.43	1010.915	-6.796	-3.009	NA
1955	3	21.205	1011.606	-5.504	-1.982	NA
1955	4	22.798	1011.741	-5.236	-1.242	NA
1955	5	24.643	1011.581	-4.902	2.71	NA
1955	6	26.172	1011.676	-4.317	3.488	NA
1955	7	27.204	1010.83	-1.138	3.192	NA
1955	8	27.514	1010.553	-1.443	2.805	NA
1955	9	27.109	1009.787	-0.311	-0.371	NA
1955	10	25.521	1010.307	-0.908	-2.931	NA
1955	11	22.861	1009.703	-4.051	-4.192	NA
1955	12	20.13	1009.86	-3.202	-5.739	NA
1956	1	18.168	1010.763	-6.834	-3.956	NA
1956	2	18.049	1011.161	-5.872	-3.581	NA
1956	3	19.726	1012.381	-6.59	-1.626	NA
1956	4	22.531	1011.664	-5.646	0.61	NA
1956	5	24.922	1011.727	-4.865	1.924	NA
1956	6	26.372	1011.192	-3.583	2.764	NA
1956	7	27.747	1010.283	-0.128	2.081	NA
1956	8	27.361	1010.157	-1.097	3.067	NA
1956	9	26.616	1010.241	-0.368	3.231	NA
1956	10	25.503	1010.392	-1.748	-2.645	NA
1956	11	23.208	1010.262	-2.901	-4.871	NA
1956	12	19.397	1011.618	-7.248	-4.698	NA
1957	1	19.269	1011.865	-6.37	-4.397	NA
1957	2	18.214	1012.003	-6.521	-3.107	NA
1957	3	18.649	1012.826	-6.496	-1.641	NA
1957	4	21.495	1012.518	-5.865	-0.066	NA
1957	5	23.699	1011.17	-3.628	1.924	NA
1957	6	25.591	1011.772	-2.811	4.615	NA
1957	7	27.113	1010.838	-2.648	2.776	NA
1957	8	27.19	1008.877	1.624	1.502	NA
1957	9	26.537	1010.459	0.316	1.849	NA
1957	10	24.365	1009.64	0.016	-3.371	NA
1957	11	23.158	1010.702	-1.545	-3.659	NA
1957	12	20.802	1012.583	-6.695	-3.093	NA
1958	1	18.816	1014.583	-6.505	-4.139	NA
1958	2	19.058	1013.085	-5.591	-2.346	NA
1958	3	19.573	1013.746	-6.84	-1.016	NA
1958	4	22.423	1013.141	-6.688	0.277	NA
1958	5	24.224	1011.858	-4.597	2.016	NA
1958	6	25.614	1011.116	-2.309	2.762	NA
1958	7	26.812	1010.318	0.326	2.345	NA
1958	8	27.095	1010.179	-1.149	0.951	NA
1958	9	26.869	1009.801	0.726	0.496	NA
1958	10	25.317	1009.101	-1.19	-2.216	NA
1958	11	23.05	1010.339	-2.797	-6.132	NA
1958	12	20.783	1010.857	-3.916	-4.557	NA
1959	1	17.924	1013.122	-6.989	-4.868	NA
1959	2	20.363	1014.391	-6.891	-0.528	NA
1959	3	19.847	1013.016	-6.696	-2.439	NA
1959	4	22.104	1012.078	-5.107	-0.12	NA
1959	5	24.232	1011.62	-5.064	1.447	NA
1959	6	26.113	1011.51	-2.781	3.816	NA
1959	7	27.369	1010.343	-0.562	2.641	NA
1959	8	27.654	1008.887	1.962	3.055	NA
1959	9	27.297	1008.153	2.38	-0.217	NA
1959	10	25.713	1010.622	-0.784	-1.099	NA
1959	11	23.896	1009.367	-2.054	-4.064	NA
1959	12	20.988	1010.574	-4.917	-4.539	NA
1960	1	18.994	1012.383	-6.498	-4.008	NA
1960	2	19.169	1012.585	-6.115	-4.152	NA
1960	3	20.671	1011.737	-5.485	-0.222	NA
1960	4	22.155	1011.564	-5.558	-0.101	NA
1960	5	24.211	1010.692	-3.377	1.08	NA
1960	6	25.854	1011.296	-2.27	3.184	NA
1960	7	27.459	1010.413	-1.098	2.906	NA
1960	8	27.396	1009.287	2.08	3.769	NA
1960	9	26.738	1009.551	-0.018	1.338	NA
1960	10	25.345	1008.962	1.649	-4.176	NA
1960	11	23.149	1010.276	-3.329	-3.206	NA
1960	12	20.222	1010.654	-2.588	-6.423	NA
1961	1	17.81	1010.746	-5.111	-6.368	NA
1961	2	17.94	1011.199	-6.74	-3.258	NA
1961	3	20.005	1012.08	-4.296	-1.832	NA
1961	4	22.261	1011.208	-5.569	-0.53	NA
1961	5	24.848	1011.18	-3.506	2.494	NA
1961	6	26.47	1009.716	0.222	2.211	NA
1961	7	27.324	1009.5	1.271	3.844	NA
1961	8	27.492	1008.74	2.539	2.726	NA
1961	9	27.126	1007.745	3.746	-0.518	NA
1961	10	25.425	1006.765	2.766	-3.855	NA
1961	11	22.641	1010.745	-4.078	-2.917	NA
1961	12	19.939	1010.708	-5.71	-4.142	NA
1962	1	17.114	1010.567	-6.27	-6.134	NA
1962	2	17.522	1012.566	-6.968	-3.708	NA
1962	3	19.422	1012.417	-6.356	-1.788	NA
1962	4	20.834	1009.865	-2.664	-1.529	NA
1962	5	24.284	1011.292	-4.412	3.096	NA
1962	6	25.897	1010.624	-1.452	3.807	NA
1962	7	27.323	1008.626	1.046	4.117	NA
1962	8	27.304	1010.031	1.066	3.119	NA
1962	9	26.677	1008.998	0.705	0.608	NA
1962	10	25.033	1008.463	0.812	-3.114	NA
1962	11	23.101	1009.517	-2.362	-4.268	NA
1962	12	19.851	1009.989	-4.347	-4.407	NA
1963	1	15.502	1010.11	-5.454	-6.75	NA
1963	2	15.576	1012.499	-5.608	-5.177	NA
1963	3	18.025	1011.19	-5.339	-2.144	NA
1963	4	21.119	1010.126	-3.03	-1.9	NA
1963	5	24.151	1009.964	-2.528	1.506	NA
1963	6	26.057	1009.991	1.021	3.594	NA
1963	7	26.932	1009.204	2.23	1.763	NA
1963	8	27.214	1008.6	2.265	1.698	NA
1963	9	26.914	1009.143	2.307	1.759	NA
1963	10	24.56	1007.301	3.98	-5.341	NA
1963	11	22.75	1011.361	-3.829	-2.563	NA
1963	12	20.969	1011.041	-3.245	-3.454	NA
1964	1	19.96	1012.622	-6.477	-2.793	NA
1964	2	18.784	1012.815	-7.596	-4.4	NA
1964	3	19.527	1012.347	-5.956	-1.948	NA
1964	4	23.118	1011.112	-4.838	0.089	NA
1964	5	24.269	1009.265	-1.535	0.69	NA
1964	6	25.948	1010.256	-1.935	3.533	NA
1964	7	27.528	1009.634	-0.749	2.386	NA
1964	8	27.556	1008.746	1.542	2.254	NA
1964	9	27.475	1009.181	-0.49	0.901	NA
1964	10	25.777	1009.478	-0.936	-1.799	NA
1964	11	23.006	1009.065	-2.88	-3.946	NA
1964	12	20.994	1010.533	-3.947	-4.926	NA
1965	1	18.599	1010.804	-4.366	-5.77	NA
1965	2	18.758	1011.029	-6.943	-3.049	NA
1965	3	18.826	1011.838	-5.599	-2.65	NA
1965	4	21.47	1012.095	-4.919	0.277	NA
1965	5	24.233	1011.586	-4.204	2.459	NA
1965	6	26.025	1012.112	-1.917	4.876	NA
1965	7	27.629	1009.544	1.455	2.036	NA
1965	8	27.813	1009.943	0.246	1.935	NA
1965	9	26.843	1008.79	3.064	-1.795	NA
1965	10	24.278	1009.257	-0.115	-3.242	NA
1965	11	23.918	1012.52	-4.639	-2.172	NA
1965	12	20.785	1011.944	-6.896	-3.934	NA
1966	1	19.361	1014.457	-7.54	-1.913	NA
1966	2	20.211	1013.149	-6.686	-1.295	NA
1966	3	21.353	1012.377	-5.458	0.386	NA
1966	4	22.957	1011.983	-5.411	1.519	NA
1966	5	24.323	1011.853	-3.2	2.657	NA
1966	6	26.034	1011.937	-1.771	3.109	NA
1966	7	27.475	1009.759	-0.889	2.796	NA
1966	8	28.181	1009.131	1.579	1.799	NA
1966	9	27.159	1008.69	3.013	0.061	NA
1966	10	25.268	1009.405	-0.41	-3.768	NA
1966	11	23.785	1010.504	-3.643	-2.38	NA
1966	12	20.95	1010.867	-5.41	-3.28	NA
1967	1	18.256	1011.156	-6.541	-6.175	NA
1967	2	18.299	1012.074	-6.399	-4.926	NA
1967	3	19.806	1010.975	-5.094	-2.258	NA
1967	4	22.713	1012.159	-4.197	0.094	NA
1967	5	24.926	1010.218	-2.025	1.483	NA
1967	6	26.603	1009.742	-0.281	3.988	NA
1967	7	27.955	1007.739	3.507	1.174	NA
1967	8	28.037	1008.531	3.22	1.466	NA
1967	9	27.249	1007.158	4.877	-2.738	NA
1967	10	25.642	1009.52	1.13	-2.871	NA
1967	11	24.017	1010.462	-3.364	-3.485	NA
1967	12	19.803	1011.822	-4.478	-6.439	NA
1968	1	18.285	1010.872	-5.823	-4.451	NA
1968	2	17.113	1012.553	-5.847	-4.517	NA
1968	3	19.857	1012.438	-5.715	-1.431	NA
1968	4	21.574	1011.103	-4.09	-1.567	NA
1968	5	23.79	1010.663	-2.927	1.699	NA
1968	6	25.872	1011.175	-1.857	2.326	NA
1968	7	27.503	1009.317	1.085	3.263	NA
1968	8	27.53	1009.101	2.442	2.846	NA
1968	9	26.663	1008.159	3.321	-0.931	NA
1968	10	25.21	1009.406	0.755	-5.575	NA
1968	11	22.779	1009.84	-0.117	-5.968	NA
1968	12	21.11	1011.042	-5.796	-3.136	NA
1969	1	20.118	1012.188	-6.816	-1.452	NA
1969	2	19.928	1012.396	-5.583	-2.337	NA
1969	3	20.382	1013.203	-5.917	-0.905	NA
1969	4	22.104	1012.722	-4.833	-0.449	NA
1969	5	24.921	1011.659	-4.032	2.812	NA
1969	6	26.042	1011.577	-2.375	3.834	NA
1969	7	27.669	1010.201	0.775	2.643	NA
1969	8	27.87	1010.742	-0.283	2.274	NA
1969	9	27.701	1008.591	2.795	1.026	NA
1969	10	25.507	1009.469	0.33	-2.746	NA
1969	11	23.316	1010.512	-1.1	-6.535	NA
1969	12	20.408	1011.114	-3.777	-6.2	NA
1970	1	18.352	1012.386	-5.123	-4.112	NA
1970	2	19.054	1012.532	-5.106	-3.487	NA
1970	3	19.542	1012.2	-6.287	-1.601	NA
1970	4	21.939	1012.718	-5.627	-0.804	NA
1970	5	24.173	1011.174	-4.574	2.126	NA
1970	6	26.151	1011.253	-2.853	2.637	NA
1970	7	27.609	1010.067	0.257	3.253	NA
1970	8	27.661	1009.323	1.671	1.188	NA
1970	9	27.129	1009.509	-0.65	1.991	NA
1970	10	25.903	1009.437	-2.075	-1.554	NA
1970	11	23.148	1010.509	-4.248	-3.886	NA
1970	12	20.714	1010.498	-6.365	-3.296	NA
1971	1	17.621	1009.417	-4.432	-6.086	NA
1971	2	18.046	1010.704	-6.061	-4.425	NA
1971	3	19.051	1010.099	-3.491	-5.235	NA
1971	4	21.928	1008.871	-1.456	-2.879	NA
1971	5	23.712	1010.103	-1.753	-0.065	NA
1971	6	26.566	1011.095	-2.081	3.382	NA
1971	7	27.58	1009.439	0.805	1.5	NA
1971	8	27.291	1009.874	-0.305	0.948	NA
1971	9	26.834	1009.073	0.411	1.491	NA
1971	10	25.463	1010.909	-2.661	-1.302	NA
1971	11	23.375	1010.365	-2.473	-5.06	NA
1971	12	21.084	1011.177	-6.797	-4.524	NA
1972	1	19.778	1010.825	-4.739	-4.823	NA
1972	2	19.532	1010.691	-5.513	-3.131	NA
1972	3	18.906	1011.689	-5.174	-3.369	NA
1972	4	21.464	1012.078	-4.718	-0.658	NA
1972	5	24.245	1010.461	-2.04	1.758	NA
1972	6	26.028	1009.777	-0.695	3.103	NA
1972	7	27.044	1007.323	4.49	2.72	NA
1972	8	26.988	1009.976	1.504	3.041	NA
1972	9	26.733	1008.576	2.228	-1.81	NA
1972	10	25.124	1008.886	0.374	-3.815	NA
1972	11	23.419	1012.025	-5.399	-2.925	NA
1972	12	20.983	1012.925	-5.55	-3	NA
1973	1	19.772	1013.149	-5.676	-2.731	NA
1973	2	20.296	1014.514	-6.922	-0.822	NA
1973	3	20.021	1013.162	-6.909	-1.774	NA
1973	4	23.483	1012.88	-6.888	1.88	NA
1973	5	24.511	1011.806	-4.75	2.061	NA
1973	6	26.243	1011.191	-3.465	4.46	NA
1973	7	27.417	1010.54	-1.676	3.61	NA
1973	8	27.555	1010.501	-1.142	2.198	NA
1973	9	27.395	1011.823	-2.871	1.086	NA
1973	10	25.919	1009.973	-2.253	-2.4	NA
1973	11	22.934	1010.413	-5.048	-4.683	NA
1973	12	19.451	1010.672	-4.967	-6.743	NA
1974	1	17.989	1009.531	-4.523	-5.165	NA
1974	2	18.638	1010.776	-6.486	-4.509	NA
1974	3	19.281	1010.703	-4.997	-2.866	NA
1974	4	22.38	1010.222	-3.843	-0.193	NA
1974	5	24.384	1010.147	-2.617	0.868	NA
1974	6	26.216	1009.531	-0.247	2.775	NA
1974	7	27.42	1009.617	0.691	2.053	NA
1974	8	27.825	1007.332	2.844	2.275	NA
1974	9	26.942	1009.412	-0.416	1.004	NA
1974	10	26.493	1009.599	-0.536	0.285	NA
1974	11	23.807	1009.292	-1.962	-3.911	NA
1974	12	21.575	1011.385	-6.224	-3.656	NA
1975	1	18.941	1012.075	-6.336	-4.662	NA
1975	2	18.776	1012.358	-6.07	-2.935	NA
1975	3	19.801	1011.978	-5.682	-1.399	NA
1975	4	22.116	1011.945	-6.837	0.812	NA
1975	5	24.345	1011.16	-4.092	1.794	NA
1975	6	26.398	1011.615	-3.607	4.638	NA
1975	7	27.466	1010.222	-0.565	2.392	NA
1975	8	27.296	1010.24	-0.027	4.036	NA
1975	9	27.115	1010.168	-1.609	0.677	NA
1975	10	26.271	1010.244	-1.772	-0.185	NA
1975	11	23.244	1008.239	-1.304	-5.631	NA
1975	12	20.038	1010.838	-5.857	-5.627	NA
1976	1	18.076	1010.749	-5.759	-5.964	NA
1976	2	19.22	1011.072	-5.174	-2.335	NA
1976	3	20.134	1011.042	-5.898	-2.614	NA
1976	4	22.46	1011.143	-3.384	-1.361	NA
1976	5	24.371	1009.688	-0.317	2.789	NA
1976	6	26.054	1010.658	-1.245	3.367	NA
1976	7	26.591	1009.575	2.168	1.197	NA
1976	8	27.265	1010.033	1.1	1.13	NA
1976	9	26.716	1007.581	4.15	-0.974	NA
1976	10	25.46	1011.243	-3.68	-1.529	NA
1976	11	23.091	1010.559	-3.107	-5.699	NA
1976	12	20.727	1010.961	-4.884	-5.193	NA
1977	1	18.854	1011.593	-6.01	-3.537	NA
1977	2	17.637	1012.662	-6.902	-5.38	NA
1977	3	20.315	1013.314	-6.506	-2.648	NA
1977	4	22.758	1012.222	-5.756	-0.086	NA
1977	5	24.816	1011.376	-3.191	1.179	NA
1977	6	26.927	1011.018	-2.562	4.089	NA
1977	7	27.861	1009.37	0.245	2.924	NA
1977	8	28.11	1008.977	2.335	2.056	NA
1977	9	27.446	1009.02	2.394	0.774	NA
1977	10	25.785	1008.5	1.145	-4.742	NA
1977	11	23.714	1010.746	-1.914	-5.166	NA
1977	12	21.04	1012.302	-5.027	-4.238	NA
1978	1	18.956	1012.86	-6.193	-4.26	NA
1978	2	18.153	1013.966	-6.193	-3.774	NA
1978	3	19.752	1013.159	-6.547	-0.495	NA
1978	4	22.075	1012.407	-5.178	0.551	NA
1978	5	24.548	1010.586	-4.214	1.504	NA
1978	6	26.433	1010.806	-1.684	2.775	NA
1978	7	27.565	1008.262	1.572	0.524	NA
1978	8	27.333	1009.642	0.727	4.219	NA
1978	9	27.305	1009.37	0.175	1.003	NA
1978	10	26.071	1008.843	0.23	-2.902	NA
1978	11	23.34	1008.862	-0.643	-6.045	NA
1978	12	20.799	1012.304	-6.573	-4.814	NA
1979	1	19.528	1012.315	-5.343	-3.535	NA
1979	2	19.699	1012.274	-5.348	-2.22	NA
1979	3	20.309	1012.475	-5.193	-0.943	NA
1979	4	22.81	1012.535	-5.535	-0.024	NA
1979	5	24.03	1011.691	-3.486	1.411	NA
1979	6	26.283	1011.597	-2.977	2.559	NA
1979	7	27.994	1011.338	0.82	3.308	NA
1979	8	27.87	1009.43	2.378	2.92	NA
1979	9	27.575	1009.616	0.326	-1.238	NA
1979	10	25.834	1009.147	1.99	-5.167	NA
1979	11	23.924	1010.256	-3.587	-5.339	NA
1979	12	20.989	1011.083	-3.847	-5.914	NA
1980	1	18.802	1012.206	-6.665	-3.522	0
1980	2	18.19	1013.036	-6.911	-2.843	14.3108443708609
1980	3	20.445	1012.971	-6.205	-1.42	37.0702012383901
1980	4	22.352	1012.117	-5.696	0.063	51.35352
1980	5	24.7	1011.033	-2.34	2.186	195.200316455696
1980	6	27.04	1011.777	-3.415	2.077	257.598000000001
1980	7	28.392	1010.479	0.054	3.112	160.340518638574
1980	8	28.512	1009.82	1.774	1.426	174.042076069731
1980	9	27.704	1008.004	3.399	-1.847	332.866584766585
1980	10	25.627	1009.925	-0.715	-2.171	145.967260940033
1980	11	23.843	1010.607	-3.621	-3.166	17.8802643171806
1980	12	19.628	1010.418	-4.438	-6.413	0.000248756218905473
1981	1	17.595	1011.419	-5.517	-6.234	0
1981	2	18.384	1012.371	-6.259	-3.108	25.5620068610635
1981	3	20.445	1013.845	-6.301	-0.584	28.611919504644
1981	4	22.444	1011.906	-4.992	0.416	91.0026186579378
1981	5	24.549	1011.118	-4.225	1.083	148.095510835914
1981	6	26.305	1011.182	-1.276	3.654	163.413654946852
1981	7	27.858	1009.732	-0.725	2.572	227.824425059477
1981	8	27.8	1007.352	4.29	0.426	197.465265082267
1981	9	27.228	1009.903	-0.711	-0.329	132.370819672131
1981	10	25.458	1009.508	-0.795	-3.604	87.5735923869945
1981	11	23.052	1009.979	-3.382	-4.387	49.5953608247423
1981	12	20.122	1010.297	-3.947	-7.36	0.0831535269709544
1982	1	18.319	1011.52	-5.048	-6.457	0.0370656370656371
1982	2	18.648	1012.24	-6.061	-2.856	13.7247448979592
1982	3	20.431	1011.903	-5.97	-1.162	43.6504538577912
1982	4	21.522	1012.112	-4.956	-0.95	83.6031274433151
1982	5	24.606	1011.686	-3.477	1.59	120.809682299546
1982	6	26.036	1010.446	0.007	3.053	145.424237685692
1982	7	27.273	1008.137	3.482	2.53	142.91278366112
1982	8	27.256	1009.166	3.027	1.762	214.555597579425
1982	9	26.834	1009.309	3.333	-0.878	394.899687255669
1982	10	25.319	1009.06	1.785	-4.129	108.336081694402
1982	11	24.029	1011.997	-4.696	-2.372	38.6966426858513
1982	12	21.49	1013.632	-5.83	-3.708	1.3357034795764
1983	1	19.469	1015.308	-6.844	-3.369	3.80247678018576
1983	2	19.357	1015.858	-6.114	-1.243	4.35283018867924
1983	3	20.552	1015.567	-6.073	0.478	4.76818885448916
1983	4	23.33	1013.845	-6.272	1.963	27.94008
1983	5	24.85	1013.215	-5.422	3.17	134.494387351779
1983	6	26.357	1011.984	-3.74	3.833	225.8904
1983	7	27.865	1010.961	-1.421	2.804	154.096439628483
1983	8	28.047	1010.851	0.75	1.042	299.556733746131
1983	9	28.153	1010.417	-0.777	0.99	224.18592
1983	10	26.653	1010.21	-1.723	-2.127	229.300773993808
1983	11	23.081	1010.637	-0.998	-6.628	26.74104
1983	12	19.544	1011.378	-4.669	-6.657	0.585759493670886
1984	1	18.041	1011.592	-5.795	-3.705	1.19319213313162
1984	2	17.896	1010.996	-6.666	-4.095	16.7351941747573
1984	3	19.387	1012.697	-6.495	-1.092	40.2835098335855
1984	4	21.689	1011.607	-5.069	-0.125	102.860828772479
1984	5	23.862	1010.827	-3.815	1.54	157.081770045386
1984	6	26.392	1010.615	-1.524	3.536	154.722126661455
1984	7	28.038	1008.625	-0.259	1.729	152.949394856279
1984	8	27.744	1009.189	1.895	2.997	270.065824782952
1984	9	27.546	1009.62	0.18	-0.612	214.109929632526
1984	10	25.469	1007.779	2.459	-4.246	142.633204633205
1984	11	23.879	1010.204	-2.769	-3.692	26.5897763578275
1984	12	20.856	1009.367	-5.02	-6.152	0.000926640926640927
1985	1	18.625	1010.563	-3.365	-5.922	17.4578668683812
1985	2	19.543	1010.756	-7.347	-1.028	32.978313253012
1985	3	21.431	1012.023	-6.709	-2.665	21.9882753403933
1985	4	22.175	1009.432	-2.985	-1.911	114.7456606724
1985	5	24.127	1009.316	-2.92	0.062	190.691301059002
1985	6	26.062	1009.951	0.547	2.781	155.158874120407
1985	7	27.493	1009.746	0.592	1.554	170.360968229955
1985	8	27.509	1008.889	2.923	1.541	205.669515885023
1985	9	27.411	1010.054	0.158	-0.21	262.154261141517
1985	10	26.319	1010.825	-1.887	-1.638	143.395915279879
1985	11	23.173	1010.461	-4.262	-4.43	28.0941594317285
1985	12	20.694	1010.675	-3.467	-6.299	0.00927357032457496
1986	1	18.116	1011.085	-7.146	-6.468	0
1986	2	17.501	1011.162	-3.845	-5.443	0.591701592623638
1986	3	19.396	1012.197	-6.588	-1.907	18.50741301059
1986	4	21.985	1011.541	-5.871	-0.664	88.2114933541831
1986	5	24.58	1009.901	-0.491	0.74	199.463691376702
1986	6	26.335	1009.725	-0.747	2.147	121.42799061767
1986	7	28.23	1009.688	1.436	1.126	167.151059001513
1986	8	27.89	1005.221	5.07	0.354	234.12776096823
1986	9	27.613	1008.847	2.147	-0.384	170.789201877935
1986	10	25.103	1011.371	-1.898	-2.551	146.573373676248
1986	11	23.928	1011.496	-4.386	-2.367	8.52103205629397
1986	12	21.198	1010.459	-2.267	-6.802	2.42723146747353
1987	1	18.943	1013.044	-6.608	-5.297	0
1987	2	18.922	1013.788	-6.099	-3.889	10.8450125733445
1987	3	20.877	1014.417	-6.671	0.43	23.4651285930408
1987	4	22.9	1012.975	-4.842	0.055	53.7295543393276
1987	5	24.859	1012.419	-4.033	1.489	101.763540090772
1987	6	26.772	1011.303	-0.911	2.488	195.153166536357
1987	7	27.934	1010.917	0.504	2.816	143.711573373676
1987	8	28.316	1010.509	0.745	1.079	182.65915279879
1987	9	27.548	1008.66	3.202	-2.135	346.490148553558
1987	10	26.257	1010.692	-0.744	-2.329	98.2538577912256
1987	11	24.748	1010.96	-3.284	-3.094	60.986082877248
1987	12	21.52	1012.311	-5.766	-5.633	1.40491679273828
1988	1	21.116	1012.253	-6.633	-3.064	0.493116490166415
1988	2	19.58	1012.682	-7.12	-2.727	21.0575242718447
1988	3	21.72	1012.244	-6.761	-0.466	20.2502269288956
1988	4	22.035	1012.357	-5.51	-0.957	89.1961688819391
1988	5	24.632	1011.298	-3.764	1.893	187.480484114978
1988	6	26.825	1011.433	-2.558	3.953	225.018764659891
1988	7	28.374	1009.96	0.113	1.382	144.658547655068
1988	8	27.917	1011.355	-2.072	2.454	125.206510219531
1988	9	27.81	1009.023	-0.421	0.102	173.188193901486
1988	10	26.234	1009.086	-0.582	-2.588	179.257942511347
1988	11	22.41	1010.581	-4.207	-6.48	1.03932759968726
1988	12	20.333	1010.84	-4.091	-8.501	0.000226928895612708
1989	1	20.19	1010.859	-6.886	-5.4	3.05151285930409
1989	2	19.555	1011.496	-5.364	-4.976	0.983738474434199
1989	3	19.594	1010.885	-4.827	-3.741	52.7845688350984
1989	4	22.632	1009.486	-4.32	-0.4	48.512744331509
1989	5	24.924	1011.381	-5.084	1.496	200.095688350984
1989	6	26.679	1011.078	-1.249	1.853	133.982251759187
1989	7	27.908	1010.008	-0.336	1.885	191.892889561271
1989	8	27.649	1008.529	1.988	1.714	231.564599092285
1989	9	27.384	1009.55	0.327	1.902	157.303909304144
1989	10	25.754	1008.791	0.493	-4.568	118.716036308623
1989	11	23.131	1009.534	-2.412	-6.087	7.54691164972635
1989	12	20.385	1010.857	-2.997	-6.151	0
1990	1	18.991	1011.43	-6.329	-3.746	9.6161119515885
1990	2	20.509	1014.507	-6.846	-1.729	33.041743503772
1990	3	20.271	1012.87	-5.463	-2.297	81.1434190620272
1990	4	21.885	1011.596	-4.978	0.031	49.3104769351056
1990	5	24.073	1010.813	-3.655	1.298	183.963993948563
1990	6	26.669	1010.371	-1.314	3.673	174.045269741986
1990	7	28.365	1008.482	2.684	1.388	212.854084720121
1990	8	28.041	1008.357	3.139	2.905	204.107791225416
1990	9	27.209	1009.725	1.703	-0.204	251.612275215012
1990	10	25.981	1010.05	-0.82	-3.823	169.284190620273
1990	11	24.228	1009.314	-1.097	-4.97	32.6136825645035
1990	12	20.927	1011.188	-4.642	-5.776	0
1991	1	19.203	1012.776	-6.729	-3.67	0.885022692889561
1991	2	18.273	1013.388	-6.977	-3.492	3.48309012875536
1991	3	21.462	1012.534	-5.571	-0.978	21.3723903177004
1991	4	23.342	1011.888	-5.374	-0.264	31.6172770700637
1991	5	24.162	1011.27	-3.449	0.255	146.447428139183
1991	6	27.337	1010.697	-1.351	3.371	158.085222830337
1991	7	28.852	1010.529	0.483	2.857	137.454462934947
1991	8	28.561	1006.925	4.488	0	275.220953101362
1991	9	27.81	1009.179	2.561	0.987	306.475215011728
1991	10	25.763	1008.848	1.237	-4.274	131.153101361574
1991	11	23.582	1010.128	-1.168	-6.107	0.000938232994526974
1991	12	21.282	1012.387	-5.952	-5.085	4.25060514372163
1992	1	19.799	1013.915	-5.514	-3.666	17.3031013615734
1992	2	18.849	1014.254	-6.421	-2.217	13.2924757281553
1992	3	21.981	1015.428	-7.139	1.263	2.75559757942511
1992	4	22.758	1012.65	-4.766	1.099	21.0168881939015
1992	5	24.103	1011.43	-3.689	1.243	122.298789712557
1992	6	26.179	1010.877	-2.938	3.673	222.091946833464
1992	7	27.609	1011.253	-0.59	1.771	187.995612708019
1992	8	27.768	1008.696	3.325	1.713	256.418759455371
1992	9	27.115	1007.744	1.975	0.14	191.159343236904
1992	10	25.645	1008.469	1.659	-5.527	100.007564296521
1992	11	22.928	1009.58	-0.297	-7.22	0.212040656763096
1992	12	20.773	1013.387	-6.308	-3.793	12.7633888048412
1993	1	19.68	1013.058	-5.384	-4.487	1.51838124054463
1993	2	18.655	1013.547	-5.511	-3.519	4.74970662196144
1993	3	19.494	1012.851	-5.077	-2.036	42.8596066565809
1993	4	21.626	1012.608	-4.999	-0.015	92.1785770132917
1993	5	24.327	1011.874	-4.174	1.52	158.0276096823
1993	6	26.458	1011.468	-2.552	3.795	177.55027365129
1993	7	28.137	1010.185	0.201	2.667	182.367104247105
1993	8	27.832	1009.603	2.797	0.411	145.157374517375
1993	9	27.527	1010.106	1.368	-0.017	216.328381548084
1993	10	25.825	1009.924	0.19	-3.793	71.8627080181544
1993	11	24.106	1010.627	-3.33	-3.654	0.685613760750587
1993	12	21.324	1011.102	-5.156	-6.409	5.49706563706564
1994	1	19.483	1011.412	-5.521	-3.843	0.0408472012102874
1994	2	18.806	1011.59	-5.633	-2.254	36.3995808885163
1994	3	19.265	1012.817	-5.965	-3.276	71.5064296520424
1994	4	22.635	1011.405	-4.118	0.124	49.0517591868648
1994	5	24.618	1010.876	-1.641	1.218	202.490468986385
1994	6	26.916	1010.58	-2.181	3.206	213.945738858484
1994	7	28.232	1008.037	3.492	1.417	86.2663388804843
1994	8	27.625	1008.94	2.896	1.713	245.282450832073
1994	9	27.21	1007.841	4.353	-3.627	211.081548084441
1994	10	25.975	1009.342	1.632	-4.099	63.4268532526476
1994	11	23.64	1011.29	-4.23	-4.577	0.92556684910086
1994	12	21.601	1012.294	-5.104	-3.985	1.91096822995461
1995	1	18.933	1013.267	-6.263	-4.402	1.38086232980333
1995	2	18.429	1013.246	-5.755	-3.764	12.4232187761945
1995	3	19.56	1012.959	-6.173	-1.346	32.8096066565809
1995	4	22.459	1012.449	-5.839	0.533	54.5458170445661
1995	5	24.378	1011.567	-3.205	1.141	168.765204236006
1995	6	26.538	1011.768	-3.541	5.076	149.0570758405
1995	7	27.923	1010.733	-1.678	3.307	257.619667170953
1995	8	28.399	1010.365	-0.74	1.652	186.588880484115
1995	9	27.809	1010.084	0.375	-0.048	229.307896794371
1995	10	26.412	1009.145	-0.395	-3.389	100.915506807867
1995	11	23.114	1010.675	-3.882	-4.558	16.7927286942924
1995	12	19.93	1011.819	-5.006	-7.099	0.230105900151286
1996	1	19.148	1011.439	-5.85	-4.392	1.87488653555219
1996	2	18.358	1011.656	-6.04	-5.37	10.2932038834951
1996	3	20.193	1012.23	-6.234	-0.801	31.0454614220878
1996	4	20.672	1011.162	-3.777	-2.402	115.768334636435
1996	5	23.313	1011.531	-2.087	0.378	147.619288956127
1996	6	26.242	1011.638	-3.457	2.899	162.048318999218
1996	7	27.863	1009.248	0.202	2.236	115.929803328291
1996	8	27.367	1010.033	-0.112	1.599	176.78124054463
1996	9	27.533	1007.986	1.289	-0.35	356.599609069586
1996	10	25.611	1010.134	-1.94	-1.72	135.935239567234
1996	11	24.04	1008.958	-1.758	-4.399	90.2973621103118
1996	12	20.265	1008.16	-3.428	-6.214	0.0004739336492891
1997	1	18.678	1011.268	-4.211	-4.395	0.826970633693972
1997	2	18.63	1011.417	-6.409	-3.637	14.0665549036044
1997	3	20.495	1012.461	-4.223	-1.716	46.9656580937973
1997	4	22.425	1011.439	-2.268	-1.068	87.37200938233
1997	5	24.71	1010.652	-1.924	2.383	155.017170953102
1997	6	26.158	1010.798	0.646	1.752	143.268647380766
1997	7	27.874	1009.12	1.554	0.534	232.227912254161
1997	8	27.806	1007.931	4.688	0.902	199.364750378215
1997	9	27.284	1009.616	1.985	-1.962	152.514229867084
1997	10	25.717	1011.831	-0.943	-2.975	98.8524962178518
1997	11	23.778	1012.763	-2.792	-3.193	3.12619233776388
1997	12	21.728	1012.688	-4.787	-4.396	0.000226928895612708
1998	1	20.432	1014.667	-6.812	-1.26	0.901815431164902
1998	2	20.828	1015.786	-5.763	-0.257	23.5626990779547
1998	3	20.79	1014.933	-5.779	0.519	20.717019667171
1998	4	23.86	1014.707	-6.134	2.18	57.4334636434715
1998	5	26.122	1012.969	-5.284	3.045	145.219288956127
1998	6	27.404	1012.142	-4.329	4.512	146.626817826427
1998	7	28.511	1010.889	-1.864	3.925	140.495990922844
1998	8	28.881	1011.004	-1.119	1.769	214.333661119516
1998	9	28.107	1009.982	0.043	1.17	194.867625899281
1998	10	27.044	1011.061	-2.649	1.158	85.7357791225416
1998	11	25.048	1010.899	-3.951	-2.003	60.4232613908873
1998	12	22.615	1011.097	-5.306	-4.774	1.66452344931921
1999	1	20.082	1010.793	-6.457	-4.198	2.40499243570348
1999	2	19.288	1011.39	-4.457	-5.907	2.16085498742666
1999	3	22.233	1010.349	-5.006	-0.301	70.2982602118003
1999	4	22.917	1010.979	-3.226	-1.976	159.291321344801
1999	5	24.514	1011.412	-2.949	1.236	211.840166414524
1999	6	27.055	1011.649	-2.395	3.866	165.62744331509
1999	7	27.748	1009.852	0.961	3.171	180.618381240545
1999	8	27.709	1011.021	-0.163	2.911	111.524432677761
1999	9	28.122	1010.881	-0.253	1.911	227.134949179046
1999	10	26.942	1011.009	-3.021	-1.574	126.152723146748
1999	11	24.089	1009.036	-1.784	-5.277	40.6449569976544
1999	12	20.96	1011.419	-6.298	-5.552	0.317473524962178
2000	1	19.967	1010.834	-6.208	-4.767	5.71738794435858
2000	2	18.669	1011.304	-5.714	-3.119	33.7349514563107
2000	3	20.173	1011.811	-5.193	-1.585	12.3063540090772
2000	4	22.403	1011.398	-4.766	0.233	159.628381548085
2000	5	24.025	1010.279	-1.052	-0.283	251.139031770046
2000	6	27.001	1010.958	-2.749	3.528	238.10242376857
2000	7	27.515	1009.812	0.224	3.643	207.094856278367
2000	8	27.658	1009.143	1.601	1.578	286.732148260212
2000	9	27.162	1009.421	0.873	-0.41	175.351993745113
2000	10	26.959	1009.951	-2.311	-0.388	96.9721633888049
2000	11	25.588	1010.158	-4.949	-2.743	1.52086330935252
2000	12	22.548	1010.477	-5.481	-4.686	0.000231839258114374
2001	1	20.022	1011.614	-5.545	-3.921	10.8984871406959
2001	2	20.375	1010.742	-6.762	-3.742	4.49522212908634
2001	3	20.576	1011.828	-5.789	-2.01	74.0659606656581
2001	4	22.693	1011.727	-4.971	-0.498	38.9111024237686
2001	5	24.973	1011.182	-2.627	2.287	134.193494704993
2001	6	27.557	1009.512	-1.055	2.836	243.829632525411
2001	7	28.802	1009.094	1.82	1.443	160.944099848714
2001	8	28.256	1006.611	4.481	-0.392	294.412102874433
2001	9	27.604	1009.376	1.164	3.052	255.631196247068
2001	10	26.347	1009.4	-0.599	-3.323	162.459613899614
2001	11	23.743	1009.843	-1.79	-6.797	38.0046325878594
2001	12	21.011	1011.94	-5.522	-5.33	0.829676400947119
2002	1	19.356	1012.804	-6.204	-4.077	1.52577399380805
2002	2	19.057	1012.709	-4.934	-3.754	12.1147512864494
2002	3	20.757	1012.261	-4.898	-1.872	29.6637770897833
2002	4	22.361	1011.272	-4.587	0.005	76.21008
2002	5	24.887	1010.379	-1.535	0.676	113.4076625387
2002	6	26.871	1010.674	-1.614	3.11	170.32824
2002	7	27.682	1008.517	4.428	2.13	179.683513931889
2002	8	27.791	1007.454	3.65	0.522	296.535139318886
2002	9	27.24	1008.495	3.622	-1.722	365.80464
2002	10	25.619	1008.914	-0.516	-2.013	75.2978190630048
2002	11	22.915	1010.565	-2.976	-5.087	20.6244983277592
2002	12	21.191	1012.093	-5.033	-2.898	17.0658319870759
2003	1	18.464	1012.769	-5.474	-5.349	0.192724458204334
2003	2	18.959	1012.825	-5.738	-2.772	24.8127416520211
2003	3	19.711	1012.743	-5.148	-2.373	59.0482198142415
2003	4	22.859	1011.463	-3.961	-0.421	63.50544
2003	5	25.071	1009.61	-0.644	0.325	146.72786377709
2003	6	26.457	1011.197	-1.583	3.33	154.384124386252
2003	7	28.375	1010.309	-0.506	1.457	136.57592879257
2003	8	28.536	1010.03	1.732	1.548	218.226547987616
2003	9	28.106	1009.291	2.956	-0.596	277.5996
2003	10	25.814	1008.808	1.47	-5.396	54.7376582278481
2003	11	24.98	1010.028	-1.525	-4.131	0.159328968903437
2003	12	20.53	1011.016	-4.763	-6.656	0.000237341772151899
2004	1	18.791	1012.78	-6.424	-3.686	16.1118795768918
2004	2	19.05	1011.766	-4.918	-3.952	33.3440577249575
2004	3	20.413	1011.352	-4.391	-2.788	20.489512195122
2004	4	22.293	1010.365	-1.957	-1.793	60.966773418735
2004	5	25.007	1011.52	-4.043	2.099	133.948024786987
2004	6	26.363	1007.916	3.196	1.035	223.932605042017
2004	7	27.73	1010.066	-0.43	2.208	261.343379366369
2004	8	28.012	1006.971	5.796	0.775	193.764213787762
2004	9	26.961	1010.112	0.411	0.58	148.734836065574
2004	10	26.249	1008.623	2.339	-5.515	6.95195121951219
2004	11	24.357	1009.578	-2.227	-5.083	5.09546218487395
2004	12	22.295	1010.284	-3.911	-4.694	1.6163469557965
2005	1	19.274	1010.702	-5.286	-4.316	0.0577981651376147
2005	2	19.818	1013.69	-5.924	-1.548	1.73198594024605
2005	3	19.675	1013.008	-5.255	-3.553	23.7320681642138
2005	4	22.242	1011.808	-3.565	-0.975	71.9065652522017
2005	5	24.454	1010.79	-2.663	2.368	145.503018575852
2005	6	26.309	1011.048	-2.318	3.978	136.579918032787
2005	7	28.057	1009.836	0.84	1.69	183.692182662539
2005	8	28.03	1009.472	2.134	1.715	186.589107413011
2005	9	27.283	1009.292	1.896	-1.364	246.84384
2005	10	26.205	1010.742	-0.998	-2.981	67.6802380952382
2005	11	23.874	1010.829	-3.365	-3.237	66.3622641509434
2005	12	19.193	1011.561	-6.316	-5.591	2.1420604182804
2006	1	19.143	1011.58	-7.29	-2.402	0
2006	2	19.196	1012.734	-7.726	-3.383	7.76253298153034
2006	3	19.781	1011.472	-6.069	-1.576	50.8344995931652
2006	4	22.086	1011.6	-5.684	0.817	95.4159967186219
2006	5	24.722	1011.638	-3.854	1.987	134.306904761905
2006	6	26.828	1011.211	-3.157	3.779	106.839151321057
2006	7	28.261	1010.458	1.951	2.632	198.526103795507
2006	8	28.029	1007.899	3.985	0.737	247.820476190476
2006	9	27.645	1008.941	1.614	0.696	203.025430680886
2006	10	26.026	1008.92	3.248	-4.985	200.078763222132
2006	11	24.342	1011.583	-4.487	-1.715	13.4756896551724
2006	12	21.961	1011.901	-5.379	-5.466	0.208173477898249
2007	1	20.207	1013.216	-7.088	-5.133	2.24377542717657
2007	2	19.823	1012.161	-5.581	-2.921	12.5375112714157
2007	3	20.353	1011.761	-5.177	-0.885	33.5453213995118
2007	4	21.955	1011.74	-4.782	-0.666	66.9804643714972
2007	5	24.234	1011.43	-2.453	0.889	242.057214345288
2007	6	26.125	1009.905	-3.65	2.978	111.42781512605
2007	7	28.105	1009.559	-0.259	2.477	125.64670558799
2007	8	27.92	1009.558	1.385	2.672	269.919432860718
2007	9	27.811	1009.047	1.466	1.56	253.579915966387
2007	10	26.677	1009.681	-0.383	-2.827	207.920547945206
2007	11	24.346	1008.881	-0.786	-5.116	7.82362831858407
2007	12	21.748	1010.806	-5.942	-4.842	0.0105540897097625
2008	1	20.578	1011.539	-6.46	-4.555	NA
2008	2	18.538	1011.727	-6.387	-5.598	NA
2008	3	20.022	1011.853	-5.501	-2.544	NA
2008	4	22.261	1011.01	-5.098	-0.504	NA
2008	5	24.514	1011.081	-1.134	0.607	NA
2008	6	26.461	1011.274	-3.126	3.11	NA
2008	7	27.727	1010.069	-0.24	2.216	NA
2008	8	28.201	1010.406	0.004	1.989	NA
2008	9	28.236	1010.542	-0.493	2.708	NA
2008	10	26.847	1011.394	-3.051	-2.03	NA
2008	11	24.445	1011.644	-5.653	-3.599	NA
2008	12	21.304	1010.688	-4.69	-7.126	NA
2009	1	19.312	1011.99	-5.506	-6.778	NA
2009	2	20.41	1012.035	-6.723	-2.051	NA
2009	3	20.82	1011.994	-5.386	-1.589	NA
2009	4	22.026	1011.486	-4.484	-1.245	NA
2009	5	23.751	1010.319	-2.215	-1.287	NA
2009	6	26.02	1010.927	-0.859	3.934	NA
2009	7	28.151	1008.701	1.783	2.059	NA
2009	8	28.358	1008.177	3.092	0.99	NA
2009	9	27.506	1007.754	3.839	-1.609	NA
2009	10	26.038	1009.809	0.739	-0.996	NA
2009	11	24.053	1009.579	-3.444	-4.891	NA
2009	12	20.778	1010.51	-3.447	-6.14	NA
2010	1	19.039	1013.051	-6.827	-4.47	NA
2010	2	20.151	1014.097	-5.6	-1.186	NA
2010	3	21.125	1013.536	-5.252	-2.456	NA
2010	4	22.534	1013.715	-6.057	-0.01	NA
2010	5	24.316	1011.144	-4.526	2.112	NA
2010	6	26.025	1011.704	-3.39	3.197	NA
2010	7	27.911	1011.79	-3.655	3.837	NA
2010	8	28.151	1011.111	-1.259	2.46	NA
2010	9	27.953	1011.127	-2.603	1.484	NA
2010	10	26.988	1010.082	-2.253	-0.988	NA
2010	11	23.867	1010.941	-4.803	-3.638	NA
2010	12	21.366	1008.708	-4.112	-5.264	NA
2011	1	17.609	1010.411	-5.855	-6.415	NA
2011	2	19.336	1010.801	-4.586	-3.642	NA
2011	3	18.8	1010.857	-5.35	-5.284	NA
2011	4	20.878	1010.607	-3.277	-2.194	NA
2011	5	24.429	1011.191	-3.424	2.569	NA
2011	6	27.11	1010.953	-3.026	4.18	NA
2011	7	27.62	1008.982	1.244	1.66	NA
2011	8	27.435	1008.766	1.853	1.247	NA
2011	9	27.077	1009.683	2.019	-1.239	NA
2011	10	26.194	1010.902	-2.171	-1.874	NA
2011	11	24.51	1010.726	-4.985	-1.845	NA
2011	12	20.887	1010.886	-6.344	-5.761	NA
