182.474579061868
399.29
265.185442750398
209.155428148255
399.29
70.2334428845802
209.155428148255
209.155428148255
265.185442750398
70.2334428845802
182.474579061868
70.2334428845802
399.29
209.155428148255
399.29
399.29
70.2334428845802
211.070520626514
399.29
399.29
399.29
182.474579061868
70.2334428845802
182.474579061868
399.29
209.155428148255
211.070520626514
399.29
399.29
399.29
399.29
182.474579061868
209.155428148255
182.474579061868
209.155428148255
399.29
209.155428148255
70.2334428845802
399.29
209.155428148255
399.29
399.29
209.155428148255
399.29
399.29
182.474579061868
211.070520626514
182.474579061868
209.155428148255
399.29
399.29
399.29
399.29
209.155428148255
399.29
209.155428148255
399.29
265.185442750398
399.29
70.2334428845802
209.155428148255
399.29
209.155428148255
182.474579061868
399.29
399.29
182.474579061868
209.155428148255
399.29
399.29
70.2334428845802
211.070520626514
211.070520626514
209.155428148255
399.29
399.29
209.155428148255
209.155428148255
399.29
399.29
209.155428148255
399.29
399.29
211.070520626514
399.29
209.155428148255
399.29
209.155428148255
399.29
399.29
70.2334428845802
399.29
70.2334428845802
399.29
265.185442750398
182.474579061868
399.29
399.29
209.155428148255
70.2334428845802
209.155428148255
399.29
182.474579061868
211.070520626514
399.29
209.155428148255
182.474579061868
399.29
399.29
211.070520626514
211.070520626514
70.2334428845802
399.29
399.29
399.29
209.155428148255
211.070520626514
209.155428148255
182.474579061868
399.29
70.2334428845802
182.474579061868
399.29
399.29
399.29
399.29
182.474579061868
399.29
211.070520626514
399.29
399.29
209.155428148255
211.070520626514
399.29
399.29
399.29
399.29
399.29
209.155428148255
399.29
399.29
211.070520626514
70.2334428845802
399.29
70.2334428845802
209.155428148255
399.29
399.29
70.2334428845802
399.29
399.29
265.185442750398
182.474579061868
211.070520626514
265.185442750398
399.29
399.29
399.29
399.29
399.29
70.2334428845802
209.155428148255
211.070520626514
211.070520626514
265.185442750398
399.29
182.474579061868
70.2334428845802
399.29
211.070520626514
399.29
209.155428148255
399.29
399.29
209.155428148255
265.185442750398
209.155428148255
70.2334428845802
265.185442750398
209.155428148255
211.070520626514
211.070520626514
209.155428148255
399.29
399.29
399.29
209.155428148255
70.2334428845802
209.155428148255
182.474579061868
399.29
399.29
211.070520626514
399.29
209.155428148255
399.29
399.29
70.2334428845802
399.29
399.29
399.29
209.155428148255
399.29
399.29
70.2334428845802
70.2334428845802
399.29
70.2334428845802
182.474579061868
70.2334428845802
209.155428148255
399.29
209.155428148255
70.2334428845802
209.155428148255
399.29
209.155428148255
399.29
209.155428148255
70.2334428845802
399.29
182.474579061868
399.29
399.29
399.29
399.29
399.29
399.29
265.185442750398
399.29
265.185442750398
265.185442750398
70.2334428845802
399.29
399.29
182.474579061868
399.29
209.155428148255
399.29
399.29
182.474579061868
70.2334428845802
209.155428148255
265.185442750398
209.155428148255
70.2334428845802
399.29
399.29
399.29
211.070520626514
182.474579061868
399.29
399.29
399.29
182.474579061868
182.474579061868
209.155428148255
70.2334428845802
399.29
399.29
399.29
211.070520626514
399.29
399.29
399.29
211.070520626514
70.2334428845802
70.2334428845802
70.2334428845802
399.29
182.474579061868
399.29
399.29
399.29
399.29
399.29
399.29
399.29
70.2334428845802
265.185442750398
399.29
399.29
399.29
182.474579061868
399.29
70.2334428845802
211.070520626514
209.155428148255
209.155428148255
182.474579061868
70.2334428845802
399.29
399.29
399.29
399.29
265.185442750398
182.474579061868
399.29
399.29
399.29
