
1948   20.340   21.952   22.388   24.371   25.643   26.916   26.960   26.953   26.365   25.002   23.530   22.922
1949   21.046   21.981   22.724   24.461   26.167   27.198   27.341   27.319   26.769   25.752   24.244   23.417
1950   22.322   22.001   23.307   24.817   26.299   26.999   27.109   27.268   26.771   25.689   24.178   21.848
1951   22.001   21.959   22.824   25.038   26.057   27.004   27.347   27.215   27.065   26.285   24.777   23.233
1952   22.259   22.699   23.818   25.170   27.061   27.833   27.860   27.314   27.058   26.230   25.179   23.085
1953   21.565   22.250   23.568   24.408   26.314   27.569   27.652   27.409   27.018   26.295   25.279   23.373
1954   22.857   21.965   22.698   25.344   26.878   27.733   27.714   27.435   26.696   25.445   24.202   21.925
1955   20.529   21.667   23.051   24.282   26.081   26.830   27.089   27.185   26.993   25.269   23.765   21.787
1956   20.910   21.354   22.645   24.642   26.209   27.042   27.401   27.089   26.213   25.302   23.719   22.323
1957   21.622   20.876   22.199   23.988   25.854   26.732   26.967   26.849   26.260   24.896   23.858   22.791
1958   21.504   21.654   22.536   24.541   26.060   26.628   27.047   27.067   26.672   25.739   23.625   22.512
1959   20.621   22.562   22.563   24.183   26.054   27.476   27.497   27.348   26.870   25.625   24.443   23.174
1960   21.930   21.770   23.680   24.588   26.155   26.793   27.466   27.289   26.606   25.555   24.436   22.064
1961   20.386   21.203   22.638   24.179   26.082   27.164   26.833   26.771   26.302   25.019   23.890   22.365
1962   19.762   20.326   22.009   23.105   25.695   26.555   26.906   26.481   26.195   25.040   23.758   21.678
1963   18.484   19.061   20.785   23.077   25.592   26.418   26.487   26.752   26.682   24.588   23.942   22.489
1964   22.292   21.420   22.315   24.861   26.129   26.898   27.310   27.222   27.048   26.140   23.977   22.316
1965   21.042   21.744   22.002   24.238   26.024   26.976   27.260   27.296   26.530   25.192   25.044   23.118
1966   22.339   22.629   23.871   25.317   26.149   27.301   27.812   28.063   26.878   25.867   25.201   23.568
1967   21.064   21.084   22.393   24.852   26.978   27.588   28.024   27.802   26.999   25.784   24.786   21.366
1968   21.012   20.114   22.406   23.762   26.272   27.444   28.059   27.630   26.928   25.425   23.734   22.945
1969   22.532   21.974   22.973   24.594   26.940   27.399   28.000   27.569   27.590   25.881   24.145   22.377
1970   21.292   21.701   22.937   24.226   26.624   27.568   27.802   27.432   27.174   26.478   24.742   23.454
1971   20.191   20.975   21.656   23.828   25.586   27.241   27.350   27.093   27.003   25.821   24.162   22.805
1972   21.729   21.799   21.428   23.707   25.988   27.175   27.396   26.950   26.682   25.928   24.788   23.112
1973   22.134   22.957   23.203   25.484   26.853   27.764   27.909   27.595   27.374   26.393   24.434   21.825
1974   21.057   21.199   22.208   24.502   26.215   27.217   27.673   27.688   27.097   26.692   24.917   23.645
1975   21.662   21.772   22.786   24.708   26.518   27.530   27.667   27.299   27.233   26.707   24.182   21.989
1976   20.692   21.718   22.605   24.363   26.087   26.980   27.110   27.215   26.815   26.179   23.965   22.767
1977   21.893   20.755   22.668   24.891   26.788   28.106   28.125   28.043   27.330   26.116   24.297   23.015
1978   21.441   21.040   23.015   24.787   26.492   27.607   28.126   27.675   27.239   26.263   24.178   22.750
1979   21.833   22.286   23.129   24.975   26.236   27.465   28.064   27.476   27.329   25.489   24.275   22.501
1980   21.471   21.424   23.206   24.639   26.424   27.877   28.179   28.172   27.366   26.295   24.870   21.954
1981   20.622   21.496   23.264   25.099   26.444   27.514   27.901   27.979   27.363   26.028   24.397   21.915
1982   20.836   21.660   23.452   23.929   26.439   27.534   27.908   27.483   27.010   25.777   25.158   23.144
1983   22.007   22.204   23.179   25.447   26.674   28.000   28.604   28.227   28.151   27.070   24.318   21.782
1984   21.333   21.167   22.873   24.619   26.378   27.671   28.113   27.774   27.444   26.219   25.009   22.692
1985   21.446   22.730   23.521   24.450   26.428   27.313   27.620   27.618   27.223   26.505   24.680   22.591
1986   20.749   20.644   22.339   24.794   26.582   27.675   27.988   27.946   27.238   26.094   25.172   22.644
1987   21.444   21.470   23.429   25.067   27.097   27.982   28.230   28.121   27.249   26.866   25.912   23.199
1988   23.387   22.941   24.179   24.776   27.307   28.246   28.525   28.191   28.103   26.531   23.865   21.948
1989   22.289   21.778   22.252   24.932   26.729   27.782   28.301   27.950   27.503   26.065   24.188   22.041
1990   21.728   22.585   22.651   24.594   26.591   27.817   28.062   28.081   26.938   25.911   25.098   22.796
1991   21.984   21.593   23.735   24.970   26.313   28.085   28.300   27.915   27.504   25.608   23.973   22.602
1992   21.441   21.465   23.579   24.847   26.177   27.568   27.894   28.115   27.268   25.813   23.323   22.631
1993   21.267   21.102   22.446   24.376   26.594   28.084   28.484   27.947   27.274   26.020   25.276   23.116
1994   22.157   22.100   22.156   25.251   26.775   28.027   28.152   27.598   26.866   25.668   24.462   23.689
1995   21.704   21.058   22.400   24.818   26.174   27.889   28.352   28.060   27.728   27.015   24.946   22.616
1996   21.978   21.181   23.132   23.633   25.599   27.906   28.669   27.579   27.651   26.639   25.603   22.522
1997   21.497   21.741   22.999   24.729   26.655   27.218   27.851   27.844   27.155   26.665   25.254   23.788
1998   23.021   23.320   24.023   25.674   27.239   28.222   28.779   28.874   28.197   27.476   26.427   24.689
1999   23.194   22.146   24.492   25.107   26.242   27.648   28.011   27.691   27.596   27.124   25.383   23.407
2000   22.524   22.103   23.526   25.243   26.138   28.046   27.881   27.910   27.086   27.203   26.158   24.543
2001   22.939   23.021   23.513   25.310   27.151   28.290   28.146   28.301   27.817   26.513   24.732   22.991
2002   21.787   21.658   23.345   25.218   26.777   27.970   27.866   27.762   27.423   26.775   24.820   23.606
2003   21.222   21.865   22.534   25.016   26.515   27.325   28.426   28.104   27.474   26.013   25.486   22.371
2004   21.479   21.816   22.870   24.586   26.724   27.185   27.641   27.836   27.011   25.427   24.691   23.244
2005   21.478   22.298   22.124   24.467   26.862   27.719   28.124   27.816   27.393   26.466   25.349   22.221
2006   22.260   21.949   22.781   25.063   26.707   27.962   27.944   27.741   27.490   26.301   25.691   23.838
2007   22.494   22.540   23.509   24.595   26.444   28.108   28.522   28.037   27.482   26.511   24.941   23.688
2008   22.806   21.481   22.894   25.161   26.279   27.572   27.882   27.665   27.746   27.032   25.662   23.113
2009   21.275   22.972   23.645   24.485   25.686   27.216   28.010   28.068   27.758   26.480   24.722   22.324
2010   21.750   22.880   23.593   24.785   26.660   27.564   28.442   28.189   27.744   26.917   24.816   23.253
2011   20.906   21.873   21.702   23.593   26.421   27.777   27.581   27.720   27.256   26.439   25.824   23.148
2012   22.270   22.394   23.672   25.045   26.939   27.739   27.867   27.533   27.060   25.473   24.670   23.079
2013   21.980   22.773   23.678   24.807   26.771   28.247   27.946   28.086   27.354   26.007   24.573   22.690
2014   21.235   21.578   22.436   24.466   26.888   28.348   28.324   27.729 -999.999 -999.999 -999.999 -999.999