1948   -1.069   -0.192    2.295    2.509    4.152    3.830    4.078    4.418    3.587    2.513    0.489   -0.913
1949   -2.704   -0.324   -1.286    2.554    3.420    1.106   -0.148    0.571   -0.224    3.045    1.351   -0.870
1950   -1.221   -0.726    0.143    2.089    3.347    2.198    0.587    1.097    2.863    4.217    3.179    0.112
1951   -2.739   -0.256   -2.934    1.398    1.997    1.607    1.136    2.543    1.665   -0.139    0.340   -1.669
1952   -1.695   -1.318   -1.175   -0.212    2.287    0.612    1.239    1.157    1.534    4.606    3.187   -1.786
1953   -1.504   -3.040    0.574    1.228    1.214    0.155   -1.070   -0.674    1.268    1.101    1.749   -1.628
1954   -0.110    0.614    0.678    3.198    2.863    3.009    1.512    4.026    2.552    3.653    1.716    2.391
1955   -2.083    0.442    1.377    3.763    5.211    3.330    3.018    3.097    0.978    3.596    4.528   -1.004
1956   -1.778   -1.237    1.969    4.365    2.864    1.752    2.036    3.157    3.057    3.759    2.598    0.719
1957    0.014    0.031    1.273    2.131    4.996    3.784    3.530    3.806    4.417    2.194    0.813    1.531
1958   -1.876   -0.742    0.783    2.188    5.965    3.272    1.821    3.558    3.810    5.700    2.991   -0.096
1959   -1.447   -1.077    0.518    2.886    3.330    3.371    2.298    2.829    2.323    3.973    2.563   -0.758
1960    0.389   -0.152    0.648    2.560    4.199    2.907    3.036    3.534    4.537    3.432    3.526    0.180
1961   -1.162    2.494    0.679    2.621    3.665    2.062   -0.494    0.419   -1.773    0.158   -0.248   -0.208
1962   -0.634   -1.954   -0.387   -0.094    4.663    1.755    2.039    1.834    2.455    4.666   -0.944   -0.851
1963   -1.217   -2.390   -0.115   -0.840    3.066    1.628    0.909    0.743    2.064    2.541   -0.664   -0.260
1964   -1.709   -2.446   -1.891    1.103    5.070    2.790    2.345    1.060    3.700    5.197    3.853   -0.962
1965   -3.121   -1.248    0.201    0.810    6.293    3.777    2.487    4.043    2.718    1.670    0.180    2.170
1966   -1.286   -2.359    1.028    1.938    3.082    2.163    1.975    4.060    2.542    2.943    2.714    1.330
1967    0.114   -1.261   -2.047    0.561    3.921    1.462    2.024    1.443    1.411    0.994   -1.332   -0.601
1968   -1.589   -2.511   -0.192    0.763    4.469    2.801    2.133    3.174    3.819    2.372    1.122    1.203
1969   -1.481   -1.239    0.054    2.228    4.383    4.029    3.281    2.702    4.107    2.187    1.900    1.178
1970   -1.371   -2.908    0.196    2.285    3.271    4.467    2.428    3.712    3.539    4.630    4.790    1.674
1971    0.533   -0.953    1.246    2.314    4.364    2.428    4.064    4.313    5.235    5.753    1.732    3.646
1972   -1.982   -1.103   -0.180    1.740    3.716    3.515    2.371    3.535    3.146   -0.538   -0.122    0.260
1973   -2.265   -2.844    0.128    3.788    3.584    2.420    2.828    3.893    4.858    4.550    4.771    2.026
1974   -0.554   -0.244   -0.714    4.036    3.796    3.654    3.476    2.162    4.218    5.848    4.492   -0.628
1975   -0.399    0.301    1.282    3.629    3.026    3.747    2.685    4.322    4.471    7.013    3.374    1.133
1976   -1.963   -1.156    0.132    2.894    3.882    3.040    2.588    2.998    3.074    3.258    4.332   -0.311
1977   -1.853   -1.499   -0.598    0.726    4.084    1.822    3.474    1.979    3.199    0.302    1.672   -1.602
1978   -1.360   -1.778    0.063    1.260    5.645    1.561    3.703    1.879    3.549    2.615    1.595   -0.704
1979   -1.465   -0.911   -0.398    2.677    3.961    2.107    3.746    3.164    5.601    1.761    3.647   -1.057
1980   -1.123   -1.794   -0.319    3.610    4.614    3.856    3.861    2.763    4.163    4.743    2.227    1.975
1981   -1.205   -0.862   -1.202    2.803    4.360    4.246    4.307    2.368    4.339    4.346    4.661   -0.180
1982   -2.431   -1.393    1.568    3.689    3.282    4.738    2.978    2.002    3.077    0.255   -0.592   -3.089
1983   -3.008   -1.661   -0.049    2.303    4.331    2.637    2.915    2.630    1.348    4.778    3.572    0.626
1984   -0.912    0.472    2.193    3.685    5.603    3.520    5.060    5.293    5.888    4.763    2.661    1.424
1985   -2.046    0.439    0.157    3.899    6.338    5.377    4.614    4.199    3.936    4.883    3.316   -0.635
1986    0.148   -2.053    0.356    2.705    4.875    2.989    4.635    4.538    4.330    5.089    1.375   -2.153
1987   -1.812   -2.654   -1.978    1.020    2.290    5.701    3.576    2.456    2.972    2.448    3.786    1.018
1988   -1.978   -1.016    1.864    0.850    7.575    3.022    1.991    2.754    2.785    4.247    3.917   -1.751
1989   -1.688   -2.178   -0.335    2.910    6.628    3.080    4.722    3.985    2.886    5.077    1.649   -3.427
1990   -2.031   -2.713   -0.283    3.166    4.172    4.265    3.293    4.675    3.403    3.236    2.206   -2.260
1991   -2.324   -2.488   -0.022    2.835    2.287    4.357    1.417    2.769    4.473    2.916   -0.639   -2.050
1992   -3.713   -2.478   -1.438    2.717    5.209    5.603    3.756    4.173    5.294    5.123    2.699   -1.833
1993   -2.503   -1.459    0.656    2.284    4.371    3.942    3.805    3.132    3.279    3.689    3.491    1.192
1994   -2.260   -0.756    0.887    1.549    3.118    2.740    0.681    0.509    0.878   -1.122   -1.277   -1.764
1995   -2.755   -2.500    0.252    1.421    4.897    4.602    2.959    2.909    3.827    4.299    5.326   -1.200
1996   -2.748   -2.225   -0.150    3.575    4.680    3.434    4.345    5.674    5.506    6.247    3.732    1.409
1997   -3.003   -1.125   -1.934    2.406    6.003    1.938    1.981    1.364    0.702   -2.033   -3.132   -2.899
1998   -3.575   -3.007   -1.786    0.101    5.949    4.226    4.266    3.052    4.328    4.643    5.434    1.926
1999   -0.177   -1.688    1.371    6.387    2.886    2.587    3.349    1.359    1.451    4.091    2.795    0.178
2000   -2.151    0.432    2.837    6.169    3.575    4.182    4.146    2.996    2.441    4.666    3.456    1.267
2001   -1.024    0.930    1.956    2.486    4.470    3.952    4.180    3.445    3.920    5.530    4.387   -1.442
2002   -1.708   -2.503   -0.736    1.941    4.513    4.587    5.245    3.244    2.262    0.738    1.585    0.242
2003   -1.856   -1.668   -0.169    2.070    4.407    1.294    0.694    3.737    2.809    4.016    1.584   -0.305
2004   -1.956   -0.845    1.651    2.627    7.272    4.019    5.099    3.799    2.511    1.243    0.941   -1.007
2005   -0.170   -2.379    0.132    2.006    4.308    4.835    3.095    3.562    4.661    5.727    4.050    3.705
2006   -0.589   -1.802    1.665    4.675    2.840    3.513    2.936    0.964    1.800   -0.852   -1.542   -1.873
2007   -2.137   -2.395    0.019    2.927    1.942    0.281    1.594    0.244    0.799    2.134    1.491    0.227
2008   -0.374   -0.210    2.236    3.745    1.932    1.071    1.328    2.426    3.357    3.441    3.932    0.862
2009   -1.649   -0.275    0.693    3.203    4.099    3.925    1.618    3.344    4.034    0.813    2.925    0.362
2010   -0.969   -1.435    0.218    2.215    4.016    3.215    3.802    5.191    4.340    6.488    5.709    3.671
2011    1.446    0.357    1.894    3.549    3.628    4.245    3.056    2.344    2.273    1.928    0.356    1.925
2012   -1.127   -1.388    2.421    3.246    3.620    3.220    3.753    1.178    2.494    1.804    2.896    0.704
2013    1.231    0.069    0.197    3.012    6.424    4.301    3.071    4.446    3.695    3.551    1.640    0.715
2014   -1.095   -2.329   -2.366    4.237    4.996 -999.999 -999.999 -999.999 -999.999 -999.999 -999.999 -999.999