1948   -2.440   -3.158   -2.566   -1.681   -0.833    0.850    0.221    1.322    0.087    0.844    0.671   -0.925
1949   -3.765   -3.045   -2.452   -2.110   -1.734   -1.542   -0.998   -0.515   -0.526   -0.488   -1.266   -3.192
1950   -3.821   -3.587   -2.648   -1.028   -1.032   -0.992    0.082    0.645    0.449    0.353    0.296   -0.194
1951   -1.626   -1.898   -1.607   -1.806   -0.946   -0.397   -0.588   -0.255   -0.106    0.008   -1.079   -3.024
1952   -5.053   -3.539   -2.667   -2.096   -1.543   -1.152   -0.415    0.183    0.203    0.131   -0.337   -1.577
1953   -2.984   -3.739   -2.199   -1.844   -1.279   -1.396   -0.491   -0.310   -0.494   -0.558   -0.905   -1.765
1954   -2.663   -2.722   -2.027   -1.710   -1.085   -0.430    0.026    0.442    0.611    0.590   -0.188   -0.736
1955   -3.373   -2.663   -1.476   -2.229   -1.264   -1.056    0.005   -0.203   -0.129   -0.239   -0.080   -0.774
1956   -2.603   -3.471   -2.279   -1.389   -0.479   -0.026    0.310    0.624    1.088    0.853    0.690   -1.728
1957   -2.731   -2.813   -1.916   -1.424    0.228    0.189    0.573    1.309    1.246    1.166   -0.605   -2.555
1958   -2.972   -2.834   -3.313   -2.084   -1.956   -0.861    0.558    0.676    0.969    1.084   -0.331   -0.515
1959   -3.361   -2.818   -1.853   -1.902   -1.393   -0.419    0.559    0.850    1.749    0.802    0.094   -0.693
1960   -2.350   -2.490   -0.546   -0.154   -0.165    0.290    0.804    0.919    1.126    0.982    1.136   -0.773
1961   -1.031   -1.563   -1.841   -0.890   -0.541    0.324    0.868    1.222    1.521    1.092    0.851   -1.052
1962   -1.472   -2.204   -1.824   -0.229   -0.794    0.173    0.725    0.642    1.035    0.748    1.063    0.027
1963   -1.271   -1.088   -1.015   -0.048    0.152    0.942    1.215    1.657    1.315    2.532   -0.364   -1.325
1964   -2.823   -3.193   -2.251   -0.513   -0.037    0.144    0.484    0.874    0.925    0.484   -0.472   -2.193
1965   -3.300   -3.009   -2.224   -1.533   -1.690   -0.395    1.024    0.851    0.525    0.808   -0.531   -2.091
1966   -4.068   -3.064   -2.662   -1.449   -0.912   -0.189    0.656    0.694    0.681    1.306   -0.063   -1.385
1967   -1.915   -2.655   -1.033   -1.571    0.133   -0.110    0.664    0.885    1.269    0.522   -0.101   -2.496
1968   -3.566   -3.896   -2.433   -0.049   -0.221    0.207    0.170    1.023    0.952    1.025    0.176   -1.137
1969   -3.930   -3.733   -3.392   -2.022   -1.663   -1.088   -0.375    0.084    0.614    0.215   -0.819   -2.168
1970   -3.353   -3.529   -3.283   -2.844   -1.577   -1.409   -0.333   -0.252    0.141   -0.180   -0.247   -2.313
1971   -2.055   -2.222   -1.060    0.522   -1.237   -0.991   -0.116   -0.070    0.325   -0.106   -0.500   -3.254
1972   -2.552   -2.589   -1.740   -0.854    0.588    0.352    1.666    0.510    0.684    1.701   -1.351   -3.245
1973   -3.913   -3.818   -3.216   -2.669   -1.324   -1.159   -0.143   -0.153    0.091    0.193   -0.956   -1.531
1974   -0.590   -1.594   -0.014   -0.664   -0.308   -0.458    0.269    1.090    1.003    0.381   -0.748   -2.360
1975   -3.599   -2.888   -2.968   -2.655   -1.484   -1.416   -0.032    0.183    0.128    0.539   -0.202   -1.530
1976   -2.961   -1.399   -0.957   -0.231    0.042    0.151    1.103    1.086    1.574   -0.216   -0.607   -1.978
1977   -3.712   -2.980   -2.261   -1.111   -0.799   -0.301    0.448    0.439    1.320    1.108   -0.184   -1.983
1978   -2.045   -2.929   -2.453   -1.447   -0.772   -0.311    0.484    0.897    1.353    1.225   -0.127   -2.642
1979   -3.031   -3.308   -2.986   -1.463   -1.954   -1.211    0.014    1.896    0.414    0.647    0.470   -1.279
1980   -2.864   -2.986   -3.092   -0.764   -0.720   -0.311    0.589    0.826    1.713    1.050   -0.197   -2.306
1981   -2.160   -3.175   -1.709   -1.381   -0.555   -0.292    0.144    1.579    0.834    1.029    0.105   -1.110
1982   -3.094   -2.342   -1.260   -0.833   -0.251   -0.043    2.080    1.690    2.051    1.601   -0.093   -2.818
1983   -4.953   -5.534   -4.384   -2.115   -2.374   -0.842    0.015    0.547    0.612    0.771   -0.367   -1.742
1984   -2.065   -1.709   -2.195   -1.390   -1.093   -0.826    0.427    0.405    0.670    1.130    0.566   -1.314
1985   -1.502   -2.298   -2.433    0.031   -0.023   -0.261    0.695    1.112    1.012    0.204   -0.865   -2.151
1986   -2.236   -2.338   -1.572   -1.074    0.931    0.220    1.077    2.164    1.176    0.094   -1.258   -1.673
1987   -3.160   -3.726   -2.795   -1.978   -1.287   -0.832   -0.365    0.236    1.375   -0.026   -0.299   -2.829
1988   -3.409   -3.581   -2.479   -1.479   -1.630   -0.209   -0.183   -0.124    0.742    0.570   -0.439   -0.993
1989   -1.884   -1.622   -0.478   -0.559   -0.967    0.012    0.297    0.834    0.743    0.815    1.178   -1.124
1990   -2.832   -2.667   -1.710   -1.194   -0.162    0.183    1.012    0.734    0.512    0.499    1.104   -1.074
1991   -3.055   -3.070   -1.280   -0.995   -0.513    0.036    0.333    0.928    0.811    0.512   -0.870   -2.718
1992   -3.316   -4.526   -4.097   -2.786   -1.988   -1.563    0.083    0.486    1.120    0.669   -0.031   -3.285
1993   -3.699   -2.819   -2.020   -2.554   -1.487   -1.281   -0.348    0.906    0.667    0.822    0.019   -2.240
1994   -2.676   -2.776   -2.901   -1.286   -0.663   -0.082    0.634    1.222    1.855    1.439    0.328   -1.649
1995   -3.151   -3.074   -3.115   -1.887   -0.945   -1.213   -0.205   -0.111    0.198    0.363   -0.594   -1.749
1996   -1.985   -1.965   -1.884   -1.179   -0.794   -0.639    0.102    0.286    0.401    0.087   -0.014   -0.721
1997   -1.694   -2.651   -0.441   -0.241    0.514   -0.029    0.888    1.214    1.852    0.022   -1.052   -2.494
1998   -4.936   -4.408   -4.043   -2.549   -2.276   -1.651   -0.605   -0.480    0.057   -0.106   -0.705   -2.159
1999   -1.846   -1.793   -1.537   -1.839   -1.193   -0.735   -0.881   -0.606   -0.000   -0.326   -0.170   -1.860
2000   -1.021   -1.319   -1.811   -1.727   -1.795   -1.621   -0.855   -0.401    0.051   -0.830   -0.903   -2.542
2001   -2.608   -3.499   -2.650   -2.638   -1.600   -1.460   -0.395   -0.001   -0.486   -0.110   -0.828   -2.114
2002   -3.438   -2.235   -2.479   -1.142   -1.770   -1.427   -0.024   -0.746    0.021   -0.103   -1.722   -2.497
2003   -3.855   -4.001   -3.272   -1.760   -2.104   -1.459   -0.651   -0.164   -0.507   -0.492    0.046   -2.171
2004   -3.114   -2.797   -2.669   -1.278   -1.060   -0.310   -0.035    0.258   -0.687    0.382   -1.163   -2.239
2005   -3.338   -5.620   -3.931   -3.333   -2.278   -1.915   -1.336   -0.624   -0.641   -0.807   -1.207   -2.524
2006   -2.685   -3.425   -3.081   -2.444   -1.594   -1.413   -0.696    0.087   -0.131   -0.731   -1.960   -2.484
2007   -4.833   -3.261   -2.177   -2.098   -2.009   -1.738   -0.857   -0.905   -0.425   -0.049   -1.570   -2.249
2008   -2.811   -1.824   -1.682   -1.724   -1.348   -1.606   -1.108   -0.663   -0.729   -0.956   -1.953   -2.393
2009   -3.222   -3.136   -2.420   -2.822   -1.544   -1.147   -0.585    0.139   -0.245   -1.046   -0.947   -2.716
2010   -3.963   -4.871   -3.848   -2.799   -2.044   -1.494   -1.266   -0.631   -0.532    0.412   -0.640   -0.338
2011   -1.641   -0.735   -0.685   -1.258   -1.441   -1.442   -0.457   -0.565   -0.445   -0.238   -0.138   -2.093
2012   -2.403   -1.877   -1.884   -1.253   -1.088   -0.911   -0.644   -0.485   -0.293   -0.811   -1.851   -3.273
2013   -4.300   -3.947   -3.144   -2.606   -1.879   -1.337   -1.031   -0.103    0.637    0.769   -1.100   -2.539
2014   -2.726   -2.460   -2.409   -1.686   -1.557 -999.999 -999.999 -999.999 -999.999 -999.999 -999.999 -999.999