334.558435707845
286.782908292853
417.896723157262
417.896723157262
356.460016663316
286.782908292853
417.896723157262
398.838910055697
356.460016663316
417.896723157262
286.782908292853
398.838910055697
417.896723157262
334.558435707845
417.896723157262
286.782908292853
417.896723157262
449.263701979677
417.896723157262
417.896723157262
417.896723157262
398.838910055697
417.896723157262
334.558435707845
356.460016663316
449.263701979677
417.896723157262
334.558435707845
398.838910055697
334.558435707845
334.558435707845
417.896723157262
417.896723157262
417.896723157262
334.558435707845
398.838910055697
417.896723157262
449.263701979677
417.896723157262
398.838910055697
417.896723157262
449.263701979677
417.896723157262
449.263701979677
449.263701979677
286.782908292853
449.263701979677
356.460016663316
417.896723157262
417.896723157262
286.782908292853
449.263701979677
417.896723157262
398.838910055697
398.838910055697
334.558435707845
398.838910055697
417.896723157262
334.558435707845
449.263701979677
417.896723157262
417.896723157262
398.838910055697
417.896723157262
334.558435707845
398.838910055697
417.896723157262
417.896723157262
398.838910055697
334.558435707845
356.460016663316
334.558435707845
398.838910055697
398.838910055697
417.896723157262
417.896723157262
417.896723157262
417.896723157262
417.896723157262
449.263701979677
449.263701979677
398.838910055697
417.896723157262
449.263701979677
417.896723157262
398.838910055697
356.460016663316
417.896723157262
398.838910055697
417.896723157262
449.263701979677
398.838910055697
449.263701979677
417.896723157262
417.896723157262
449.263701979677
417.896723157262
417.896723157262
449.263701979677
286.782908292853
417.896723157262
398.838910055697
334.558435707845
417.896723157262
286.782908292853
417.896723157262
417.896723157262
334.558435707845
398.838910055697
398.838910055697
449.263701979677
398.838910055697
334.558435707845
334.558435707845
417.896723157262
417.896723157262
398.838910055697
286.782908292853
417.896723157262
398.838910055697
286.782908292853
398.838910055697
417.896723157262
417.896723157262
417.896723157262
417.896723157262
286.782908292853
398.838910055697
356.460016663316
417.896723157262
398.838910055697
286.782908292853
286.782908292853
417.896723157262
398.838910055697
356.460016663316
417.896723157262
334.558435707845
356.460016663316
334.558435707845
417.896723157262
334.558435707845
417.896723157262
398.838910055697
398.838910055697
417.896723157262
449.263701979677
398.838910055697
356.460016663316
417.896723157262
334.558435707845
417.896723157262
398.838910055697
398.838910055697
449.263701979677
417.896723157262
449.263701979677
334.558435707845
417.896723157262
286.782908292853
417.896723157262
286.782908292853
398.838910055697
398.838910055697
398.838910055697
417.896723157262
398.838910055697
286.782908292853
398.838910055697
334.558435707845
417.896723157262
334.558435707845
417.896723157262
398.838910055697
356.460016663316
286.782908292853
417.896723157262
449.263701979677
398.838910055697
417.896723157262
417.896723157262
417.896723157262
398.838910055697
334.558435707845
398.838910055697
334.558435707845
417.896723157262
417.896723157262
398.838910055697
417.896723157262
356.460016663316
334.558435707845
334.558435707845
356.460016663316
398.838910055697
334.558435707845
417.896723157262
286.782908292853
356.460016663316
417.896723157262
356.460016663316
398.838910055697
449.263701979677
417.896723157262
417.896723157262
398.838910055697
398.838910055697
417.896723157262
334.558435707845
417.896723157262
449.263701979677
286.782908292853
398.838910055697
286.782908292853
286.782908292853
286.782908292853
398.838910055697
417.896723157262
398.838910055697
356.460016663316
449.263701979677
398.838910055697
398.838910055697
417.896723157262
417.896723157262
417.896723157262
398.838910055697
398.838910055697
334.558435707845
417.896723157262
334.558435707845
398.838910055697
356.460016663316
417.896723157262
417.896723157262
417.896723157262
334.558435707845
417.896723157262
417.896723157262
398.838910055697
417.896723157262
417.896723157262
398.838910055697
356.460016663316
398.838910055697
417.896723157262
286.782908292853
398.838910055697
334.558435707845
334.558435707845
334.558435707845
286.782908292853
334.558435707845
356.460016663316
286.782908292853
417.896723157262
398.838910055697
398.838910055697
398.838910055697
449.263701979677
286.782908292853
334.558435707845
449.263701979677
398.838910055697
398.838910055697
334.558435707845
417.896723157262
398.838910055697
356.460016663316
334.558435707845
417.896723157262
334.558435707845
398.838910055697
286.782908292853
398.838910055697
417.896723157262
417.896723157262
398.838910055697
449.263701979677
417.896723157262
334.558435707845
334.558435707845
398.838910055697
398.838910055697
334.558435707845
417.896723157262
449.263701979677
334.558435707845
398.838910055697
417.896723157262
356.460016663316
417.896723157262
449.263701979677
417.896723157262
286.782908292853
417.896723157262
449.263701979677
417.896723157262
334.558435707845
398.838910055697
