106.993316902969 11.5717934874127 6.74523329085245 28.4888317757009 93.5367868338558 320.61315047022 441.017272727273 519.182789968652 448.767789968652 432.570211920814 385.881249077807 267.143550074682 140.15358708046 44.0252458482327 2.26288472629705 15.0652543945435 79.1413264076368 195.77142746333 368.051700653888 488.688034532775 564.860929796382 714.280718261769 623.997857824334 441.196253918496 106.816786833856 22.5942555973199 10.8124399034352
140.15358708046 44.0252458482327 2.26288472629705 15.0652543945435 79.1413264076368 195.77142746333 368.051700653888 488.688034532775 564.860929796382 714.280718261769 623.997857824334 441.196253918496 106.816786833856 22.5942555973199 10.8124399034352 12.4619853579806 34.4381059362093 224.022225705329 400.617194357366 546.431300940438 587.639028213166 626.50407523511 624.299210093424 481.10759103026 280.231738272571 104.019796817555 45.6713114199619
106.816786833856 22.5942555973199 10.8124399034352 12.4619853579806 34.4381059362093 224.022225705329 400.617194357366 546.431300940438 587.639028213166 626.50407523511 624.299210093424 481.10759103026 280.231738272571 104.019796817555 45.6713114199619 36.6266149068323 116.494995716427 241.993163418291 450.648965517242 586.797691154424 625.997691154425 590.179850074964 481.322308845578 298.055637649925 117.8559375 22.8972362012987 22.995018508062
280.231738272571 104.019796817555 45.6713114199619 36.6266149068323 116.494995716427 241.993163418291 450.648965517242 586.797691154424 625.997691154425 590.179850074964 481.322308845578 298.055637649925 117.8559375 22.8972362012987 22.995018508062 30.9725076855512 130.619807115093 283.268810313025 422.945132794729 458.750346323081 523.541389552152 594.014483722555 623.930491883182 493.31914717408 275.33471922059 97.7657689659873 5.6312701466376
117.8559375 22.8972362012987 22.995018508062 30.9725076855512 130.619807115093 283.268810313025 422.945132794729 458.750346323081 523.541389552152 594.014483722555 623.930491883182 493.31914717408 275.33471922059 97.7657689659873 5.6312701466376 9.02966183574879 109.697457937697 298.561709145427 463.354122938531 531.018740629686 526.598305847077 528.171169415293 432.449650762854 254.242286632419 96.6420220588236 24.1741703964195 19.5188775220233
275.33471922059 97.7657689659873 5.6312701466376 9.02966183574879 109.697457937697 298.561709145427 463.354122938531 531.018740629686 526.598305847077 528.171169415293 432.449650762854 254.242286632419 96.6420220588236 24.1741703964195 19.5188775220233 54.646038647343 112.46374479427 186.478575712144 315.378065967017 433.748980509746 582.43115442279 694.053193403299 588.268050974513 417.377432767991 129.422860054348 58.87546875 21.5875
96.6420220588236 24.1741703964195 19.5188775220233 54.646038647343 112.46374479427 186.478575712144 315.378065967017 433.748980509746 582.43115442279 694.053193403299 588.268050974513 417.377432767991 129.422860054348 58.87546875 21.5875 31.4445833333333 161.411393678161 359.860143678161 507.713707826843 535.45754496403 568.673378297363 496.129541160176 487.005560344828 242.933383553551 157.879616686984 14.3446166869836 5.64711755233495
129.422860054348 58.87546875 21.5875 31.4445833333333 161.411393678161 359.860143678161 507.713707826843 535.45754496403 568.673378297363 496.129541160176 487.005560344828 242.933383553551 157.879616686984 14.3446166869836 5.64711755233495 37.6265740740741 70.9507694763729 296.760445402299 394.178290229885 485.312772988505 426.918606321839 479.383261494253 452.749640804598 293.577155172414 112.35973092999 12.1392838483356 13.6471861471861
157.879616686984 14.3446166869836 5.64711755233495 37.6265740740741 70.9507694763729 296.760445402299 394.178290229885 485.312772988505 426.918606321839 479.383261494253 452.749640804598 293.577155172414 112.35973092999 12.1392838483356 13.6471861471861 79.7508603896104 142.700186781609 380.621020114943 424.074425287357 468.783477011495 371.439523110785 456.48361233299 429.294065385684 288.913449032283 93.6817316646913 20.2062067729165 9.77661036036036
112.35973092999 12.1392838483356 13.6471861471861 79.7508603896104 142.700186781609 380.621020114943 424.074425287357 468.783477011495 371.439523110785 456.48361233299 429.294065385684 288.913449032283 93.6817316646913 20.2062067729165 9.77661036036036 24.5829166666666 77.3221225710015 250.850261099141 333.081151903738 367.856586804001 499.939698275862 555.284094827586 522.115287356322 218.515244252873 68.0257902298851 13.8603735632184 51.7103273809524
93.6817316646913 20.2062067729165 9.77661036036036 24.5829166666666 77.3221225710015 250.850261099141 333.081151903738 367.856586804001 499.939698275862 555.284094827586 522.115287356322 218.515244252873 68.0257902298851 13.8603735632184 51.7103273809524 49.6911607142857 52.5150400246305 56.5684626436781 166.252945402299 263.283548850575 400.70143304971 551.220537735036 514.906471643082 335.314521351993 140.898017241379 68.2451005747126 66.78375
68.0257902298851 13.8603735632184 51.7103273809524 49.6911607142857 52.5150400246305 56.5684626436781 166.252945402299 263.283548850575 400.70143304971 551.220537735036 514.906471643082 335.314521351993 140.898017241379 68.2451005747126 66.78375 45.19875 89.6941810344828 247.480382333184 302.212828147833 355.934426261332 370.100227127133 485.113828820273 414.214434807426 241.984667845416 28.036537004294 0.0014018691588785 6.33140096618358
140.898017241379 68.2451005747126 66.78375 45.19875 89.6941810344828 247.480382333184 302.212828147833 355.934426261332 370.100227127133 485.113828820273 414.214434807426 241.984667845416 28.036537004294 0.0014018691588785 6.33140096618358 113.366898801682 154.572279967601 417.896723157262 549.396651330733 746.726696173783 819.006349853436 754.209937297382 569.465853279755 233.847844233495 77.339664113913 27.5379054559043 22.7856944444444
28.036537004294 0.0014018691588785 6.33140096618358 113.366898801682 154.572279967601 417.896723157262 549.396651330733 746.726696173783 819.006349853436 754.209937297382 569.465853279755 233.847844233495 77.339664113913 27.5379054559043 22.7856944444444 19.3744444444444 66.4361542145594 231.186709770116 363.72143678161 459.02445402299 671.177370689656 749.277801724139 684.970991379311 356.302241379311 132.577083333333 50.6504166666667 63.0197189922481
77.339664113913 27.5379054559043 22.7856944444444 19.3744444444444 66.4361542145594 231.186709770116 363.72143678161 459.02445402299 671.177370689656 749.277801724139 684.970991379311 356.302241379311 132.577083333333 50.6504166666667 63.0197189922481 89.3784473472264 260.330708184297 342.257076854387 492.551276376838 498.860693417197 605.066321122825 742.132240405336 667.320291965136 495.578634519442 181.356178052142 78.9568652815794 2.03472402597403
132.577083333333 50.6504166666667 63.0197189922481 89.3784473472264 260.330708184297 342.257076854387 492.551276376838 498.860693417197 605.066321122825 742.132240405336 667.320291965136 495.578634519442 181.356178052142 78.9568652815794 2.03472402597403 40.325 100.113663793104 169.317413793103 179.059353448276 167.357629310345 312.746682340648 481.163380577852 513.33506105255 303.259018111933 86.5841302195562 7.6555100896861 10.3086574074074
181.356178052142 78.9568652815794 2.03472402597403 40.325 100.113663793104 169.317413793103 179.059353448276 167.357629310345 312.746682340648 481.163380577852 513.33506105255 303.259018111933 86.5841302195562 7.6555100896861 10.3086574074074 29.9315740740741 81.4721344189017 190.016810344827 268.911135057471 314.386566091954 347.247399425288 449.280158045977 422.270275974026 324.010722536059 125.931972536059 70.4721132286996 18.6451388888889
86.5841302195562 7.6555100896861 10.3086574074074 29.9315740740741 81.4721344189017 190.016810344827 268.911135057471 314.386566091954 347.247399425288 449.280158045977 422.270275974026 324.010722536059 125.931972536059 70.4721132286996 18.6451388888889 45.969126984127 192.583510392199 443.655389901578 563.169120416205 549.816205617998 578.657103886397 704.095980104118 695.955761494253 449.980387931034 179.029626436782 37.9912931034483 34.5565178571429
125.931972536059 70.4721132286996 18.6451388888889 45.969126984127 192.583510392199 443.655389901578 563.169120416205 549.816205617998 578.657103886397 704.095980104118 695.955761494253 449.980387931034 179.029626436782 37.9912931034483 34.5565178571429 32.9152678571429 171.767178776683 341.773225854605 527.164806314376 575.729892521273 589.769827586208 656.10301724138 592.343520114943 381.092658045977 127.624971264368 6.90497126436782 4.87018518518519
179.029626436782 37.9912931034483 34.5565178571429 32.9152678571429 171.767178776683 341.773225854605 527.164806314376 575.729892521273 589.769827586208 656.10301724138 592.343520114943 381.092658045977 127.624971264368 6.90497126436782 4.87018518518519 106.400185185186 125.187009897829 360.00724137931 384.247346295377 488.575626498801 542.086876498801 635.998251467791 638.403974473802 350.779553696523 132.487321646963 23.6477074930009 21.7836620867056
127.624971264368 6.90497126436782 4.87018518518519 106.400185185186 125.187009897829 360.00724137931 384.247346295377 488.575626498801 542.086876498801 635.998251467791 638.403974473802 350.779553696523 132.487321646963 23.6477074930009 21.7836620867056 29.8897584541063 48.465965350658 249.903163418292 369.502698650675 460.68515742129 537.355592203898 708.840449775112 679.992218890554 429.92328335832 157.414977511244 64.3793253373313 57.9787922705314
132.487321646963 23.6477074930009 21.7836620867056 29.8897584541063 48.465965350658 249.903163418292 369.502698650675 460.68515742129 537.355592203898 708.840449775112 679.992218890554 429.92328335832 157.414977511244 64.3793253373313 57.9787922705314 99.962270531401 122.025314009662 206.298695652174 330.878995502249 496.240164917542 557.782773613194 618.548740629685 443.047136431783 275.896746626686 20.0826536731634 8.31265367316341 47.9089751552795
157.414977511244 64.3793253373313 57.9787922705314 99.962270531401 122.025314009662 206.298695652174 330.878995502249 496.240164917542 557.782773613194 618.548740629685 443.047136431783 275.896746626686 20.0826536731634 8.31265367316341 47.9089751552795 56.48549689441 114.704927179268 272.018995502249 535.473208395803 741.507991004499 692.713643178411 750.547526236881 494.25244377811 352.125157421289 22.2605397301349 9.28350824587706 3.04433497536946
20.0826536731634 8.31265367316341 47.9089751552795 56.48549689441 114.704927179268 272.018995502249 535.473208395803 741.507991004499 692.713643178411 750.547526236881 494.25244377811 352.125157421289 22.2605397301349 9.28350824587706 3.04433497536946 30.7108444093318 114.812745742515 191.825673990737 371.312445806775 491.605205033937 614.784392688679 747.231580188679 581.527620205647 415.397374990135 82.9417516009594 41.9224303339911 19.1282845142639
