0.91
-1.03
0.35
1.88
0.35
0.91
Inf
0.35
1.88
-1.34
0.35
0.35
0.91
1.88
-1.34
-1.34
0.35
Inf
-1.34
0.91
-1.34
-1.34
0.35
0.35
Inf
-1.34
1.88
1.88
0.35
Inf
Inf
-1.34
0.91
-1.34
-1.34
-1.34
-1.34
-1.34
-1.03
-1.34
0.91
-1.34
-1.34
-1.34
Inf
-1.34
Inf
-1.34
-1.34
-1.34
-1.34
0.35
-1.03
0.35
-1.34
0.91
1.88
-1.34
Inf
-1.34
-1.03
-1.34
0.91
0.35
0.91
-1.34
Inf
0.35
0.35
-1.03
-1.34
0.91
-1.34
-1.34
0.91
Inf
-1.34
0.35
0.35
-1.03
-1.34
-1.34
0.91
-1.34
-1.34
-1.34
-1.03
-1.34
0.35
0.35
-1.03
-1.34
0.35
-1.34
1.88
-1.34
0.35
1.88
-1.34
0.91
0.35
0.91
Inf
-1.34
-1.34
0.91
-1.34
0.35
-1.34
-1.34
-1.34
0.91
-1.03
0.35
0.91
-1.34
0.91
-1.34
0.35
-1.34
-1.34
1.88
0.91
-1.34
0.35
0.91
-1.34
1.88
0.91
1.88
-1.34
-1.34
0.35
-1.34
-1.34
Inf
1.88
-1.34
0.35
0.35
0.35
0.91
-1.03
Inf
0.35
0.35
0.35
0.35
0.91
-1.03
-1.34
-1.34
-1.34
0.91
Inf
-1.34
0.35
-1.34
-1.34
-1.34
-1.34
0.91
-1.34
1.88
0.91
-1.34
-1.34
1.88
-1.03
0.35
0.91
-1.03
-1.03
0.35
0.91
0.91
0.35
-1.34
1.88
-1.34
0.35
-1.34
-1.34
Inf
0.91
-1.34
Inf
0.35
Inf
0.91
Inf
0.91
-1.03
-1.34
-1.34
Inf
0.91
0.35
Inf
0.91
-1.34
0.35
0.35
-1.34
1.88
-1.34
-1.34
0.91
-1.34
0.35
-1.34
0.35
Inf
Inf
0.35
-1.34
0.91
Inf
0.91
Inf
Inf
-1.34
0.91
-1.34
1.88
-1.34
-1.03
-1.34
0.35
-1.34
0.35
0.35
Inf
-1.34
-1.34
0.35
0.91
1.88
-1.34
1.88
-1.34
0.91
0.35
-1.34
Inf
-1.34
-1.34
0.35
1.88
Inf
1.88
-1.34
-1.34
0.91
-1.34
0.35
0.91
-1.34
0.91
0.91
0.35
Inf
-1.34
-1.34
0.91
Inf
0.35
0.91
-1.03
-1.03
-1.03
1.88
0.91
-1.34
0.35
Inf
0.91
-1.34
-1.34
0.91
-1.34
Inf
-1.34
-1.34
0.91
-1.03
-1.34
-1.03
-1.34
-1.34
-1.34
Inf
Inf
-1.34
-1.03
-1.03
0.35
Inf
0.35
-1.03
