24.2926666666667 22.2876666666667 21.4663333333333 21.6716666666667 22.8953333333333 24.3516666666667 25.81 26.7256666666667 27.1016666666667 27.0466666666667 26.7363333333333 25.653 24.3036666666667 22.875 21.805 21.772 22.7713333333333 24.7823333333333 26.595 27.673 28.0913333333333 27.8326666666667 27.163 25.9143333333333 24.476 22.9176666666667 21.832
24.3036666666667 22.875 21.805 21.772 22.7713333333333 24.7823333333333 26.595 27.673 28.0913333333333 27.8326666666667 27.163 25.9143333333333 24.476 22.9176666666667 21.832 21.832 22.9473333333333 24.7646666666667 26.2953333333333 27.4083333333333 27.8026666666667 27.68 27.059 25.8933333333333 24.397 22.9203333333333 22.2896666666667
24.476 22.9176666666667 21.832 21.832 22.9473333333333 24.7646666666667 26.2953333333333 27.4083333333333 27.8026666666667 27.68 27.059 25.8933333333333 24.397 22.9203333333333 22.2896666666667 22.416 23.4633333333333 24.78 26.2253333333333 27.255 27.6683333333333 27.623 26.7646666666667 25.6976666666667 24.0883333333333 22.749 21.7986666666667
24.397 22.9203333333333 22.2896666666667 22.416 23.4633333333333 24.78 26.2253333333333 27.255 27.6683333333333 27.623 26.7646666666667 25.6976666666667 24.0883333333333 22.749 21.7986666666667 22.0336666666667 23.0896666666667 24.7563333333333 26.3133333333333 27.4933333333333 28.076 27.9056666666667 27.2776666666667 26.177 24.373 22.482 21.3573333333333
24.0883333333333 22.749 21.7986666666667 22.0336666666667 23.0896666666667 24.7563333333333 26.3133333333333 27.4933333333333 28.076 27.9056666666667 27.2776666666667 26.177 24.373 22.482 21.3573333333333 21.794 23.2863333333333 24.9356666666667 26.3523333333333 27.2863333333333 27.798 27.7476666666667 27.1233333333333 25.9293333333333 24.1133333333333 22.3826666666667 21.4703333333333
24.373 22.482 21.3573333333333 21.794 23.2863333333333 24.9356666666667 26.3523333333333 27.2863333333333 27.798 27.7476666666667 27.1233333333333 25.9293333333333 24.1133333333333 22.3826666666667 21.4703333333333 21.9826666666667 23.0136666666667 24.6066666666667 25.9673333333333 27.2936666666667 27.6416666666667 27.467 26.7566666666667 25.9816666666667 24.693 23.4363333333333 22.4516666666667
24.1133333333333 22.3826666666667 21.4703333333333 21.9826666666667 23.0136666666667 24.6066666666667 25.9673333333333 27.2936666666667 27.6416666666667 27.467 26.7566666666667 25.9816666666667 24.693 23.4363333333333 22.4516666666667 22.4633333333333 23.61 25.1 26.707 27.7593333333333 28.277 28.3273333333333 27.816 26.513 24.39 22.4776666666667 21.4273333333333
24.693 23.4363333333333 22.4516666666667 22.4633333333333 23.61 25.1 26.707 27.7593333333333 28.277 28.3273333333333 27.816 26.513 24.39 22.4776666666667 21.4273333333333 21.791 22.8863333333333 24.6233333333333 26.2226666666667 27.3873333333333 27.8526666666667 27.777 27.1456666666667 26.224 24.64 23.049 22.2893333333333
24.39 22.4776666666667 21.4273333333333 21.791 22.8863333333333 24.6233333333333 26.2226666666667 27.3873333333333 27.8526666666667 27.777 27.1456666666667 26.224 24.64 23.049 22.2893333333333 22.5656666666667 23.567 24.7996666666667 26.0636666666667 27.1203333333333 27.517 27.487 27.1153333333333 26.136 24.592 22.6733333333333 21.328
24.64 23.049 22.2893333333333 22.5656666666667 23.567 24.7996666666667 26.0636666666667 27.1203333333333 27.517 27.487 27.1153333333333 26.136 24.592 22.6733333333333 21.328 21.244 22.5923333333333 24.5716666666667 26.3503333333333 27.415 27.8696666666667 27.724 27.0926666666667 26.168 24.6366666666667 23.0866666666667 21.8526666666667
24.592 22.6733333333333 21.328 21.244 22.5923333333333 24.5716666666667 26.3503333333333 27.415 27.8696666666667 27.724 27.0926666666667 26.168 24.6366666666667 23.0866666666667 21.8526666666667 22.1143333333333 23.322 25.1976666666667 26.7153333333333 27.7696666666667 28.111 27.8666666666667 27.412 26.6756666666667 25.3256666666667 24.166 23.1756666666667
24.6366666666667 23.0866666666667 21.8526666666667 22.1143333333333 23.322 25.1976666666667 26.7153333333333 27.7696666666667 28.111 27.8666666666667 27.412 26.6756666666667 25.3256666666667 24.166 23.1756666666667 23.5023333333333 23.9653333333333 25.4206666666667 26.7763333333333 28.026 28.3206666666667 28.273 27.6083333333333 26.1663333333333 24.1146666666667 22.7006666666667 22.005
25.3256666666667 24.166 23.1756666666667 23.5023333333333 23.9653333333333 25.4206666666667 26.7763333333333 28.026 28.3206666666667 28.273 27.6083333333333 26.1663333333333 24.1146666666667 22.7006666666667 22.005 22.1063333333333 22.9873333333333 24.6376666666667 26.481 27.604 28.011 27.918 27.1726666666667 25.9186666666667 24.098 22.6523333333333 22.118
24.1146666666667 22.7006666666667 22.005 22.1063333333333 22.9873333333333 24.6376666666667 26.481 27.604 28.011 27.918 27.1726666666667 25.9186666666667 24.098 22.6523333333333 22.118 22.3213333333333 23.2766666666667 24.612 26.334 27.49 27.9866666666667 27.6936666666667 26.9766666666667 25.9823333333333 24.6016666666667 23.2926666666667 22.1243333333333
24.098 22.6523333333333 22.118 22.3213333333333 23.2766666666667 24.612 26.334 27.49 27.9866666666667 27.6936666666667 26.9766666666667 25.9823333333333 24.6016666666667 23.2926666666667 22.1243333333333 22.4373333333333 23.4326666666667 25.006 26.456 27.566 28.1 27.9063333333333 27.009 25.695 24.061 22.672 21.836
24.6016666666667 23.2926666666667 22.1243333333333 22.4373333333333 23.4326666666667 25.006 26.456 27.566 28.1 27.9063333333333 27.009 25.695 24.061 22.672 21.836 22.1616666666667 23.297 24.8676666666667 26.1973333333333 27.213 27.859 27.759 27.0653333333333 25.468 23.9223333333333 22.407 21.6666666666667
24.061 22.672 21.836 22.1616666666667 23.297 24.8676666666667 26.1973333333333 27.213 27.859 27.759 27.0653333333333 25.468 23.9223333333333 22.407 21.6666666666667 21.605 22.6413333333333 24.472 26.3513333333333 27.7206666666667 28.1716666666667 27.9016666666667 27.0803333333333 26.19 24.804 23.5163333333333 22.4576666666667
23.9223333333333 22.407 21.6666666666667 21.605 22.6413333333333 24.472 26.3513333333333 27.7206666666667 28.1716666666667 27.9016666666667 27.0803333333333 26.19 24.804 23.5163333333333 22.4576666666667 22.1376666666667 23.169 24.7273333333333 26.6843333333333 27.6513333333333 27.9256666666667 27.5386666666667 26.7106666666667 25.6653333333333 24.6063333333333 23.285 22.1503333333333
24.804 23.5163333333333 22.4576666666667 22.1376666666667 23.169 24.7273333333333 26.6843333333333 27.6513333333333 27.9256666666667 27.5386666666667 26.7106666666667 25.6653333333333 24.6063333333333 23.285 22.1503333333333 21.7206666666667 22.7586666666667 24.464 26.2936666666667 27.4716666666667 28.1003333333333 28.0466666666667 27.601 26.563 24.859 23.18 21.925
24.6063333333333 23.285 22.1503333333333 21.7206666666667 22.7586666666667 24.464 26.2936666666667 27.4716666666667 28.1003333333333 28.0466666666667 27.601 26.563 24.859 23.18 21.925 22.097 22.6486666666667 24.1213333333333 25.7126666666667 27.3913333333333 28.0513333333333 27.9663333333333 27.2896666666667 26.631 24.9213333333333 23.2073333333333 21.92
24.859 23.18 21.925 22.097 22.6486666666667 24.1213333333333 25.7126666666667 27.3913333333333 28.0513333333333 27.9663333333333 27.2896666666667 26.631 24.9213333333333 23.2073333333333 21.92 22.079 23.1563333333333 24.7943333333333 26.2006666666667 27.2413333333333 27.6376666666667 27.6166666666667 27.2213333333333 26.358 25.2356666666667 24.021 23.3763333333333
24.9213333333333 23.2073333333333 21.92 22.079 23.1563333333333 24.7943333333333 26.2006666666667 27.2413333333333 27.6376666666667 27.6166666666667 27.2213333333333 26.358 25.2356666666667 24.021 23.3763333333333 23.4546666666667 24.339 25.6453333333333 27.045 28.08 28.625 28.6166666666667 28.1823333333333 27.3666666666667 26.1973333333333 24.77 23.343
25.2356666666667 24.021 23.3763333333333 23.4546666666667 24.339 25.6453333333333 27.045 28.08 28.625 28.6166666666667 28.1823333333333 27.3666666666667 26.1973333333333 24.77 23.343 23.2773333333333 23.915 25.2803333333333 26.3323333333333 27.3003333333333 27.7833333333333 27.766 27.4703333333333 26.701 25.3046666666667 23.7713333333333 22.678
26.1973333333333 24.77 23.343 23.2773333333333 23.915 25.2803333333333 26.3323333333333 27.3003333333333 27.7833333333333 27.766 27.4703333333333 26.701 25.3046666666667 23.7713333333333 22.678 22.7176666666667 23.624 24.969 26.4756666666667 27.355 27.9456666666667 27.6256666666667 27.3996666666667 26.8156666666667 25.968 24.5466666666667 23.501
25.3046666666667 23.7713333333333 22.678 22.7176666666667 23.624 24.969 26.4756666666667 27.355 27.9456666666667 27.6256666666667 27.3996666666667 26.8156666666667 25.968 24.5466666666667 23.501 23.1576666666667 23.948 25.3246666666667 26.917 27.8623333333333 28.2456666666667 28.088 27.5436666666667 26.354 24.7453333333333 23.17 22.1453333333333
25.968 24.5466666666667 23.501 23.1576666666667 23.948 25.3246666666667 26.917 27.8623333333333 28.2456666666667 28.088 27.5436666666667 26.354 24.7453333333333 23.17 22.1453333333333 22.2633333333333 23.407 25.1133333333333 26.655 27.5376666666667 27.866 27.6836666666667 27.32 26.3393333333333 25.067 23.216 22.231
24.7453333333333 23.17 22.1453333333333 22.2633333333333 23.407 25.1133333333333 26.655 27.5376666666667 27.866 27.6836666666667 27.32 26.3393333333333 25.067 23.216 22.231 21.8736666666667 23.1383333333333 24.6883333333333 26.2853333333333 27.422 27.9516666666667 28.0013333333333 27.197 26.3243333333333 24.6233333333333 23.112 21.8886666666667
25.067 23.216 22.231 21.8736666666667 23.1383333333333 24.6883333333333 26.2853333333333 27.422 27.9516666666667 28.0013333333333 27.197 26.3243333333333 24.6233333333333 23.112 21.8886666666667 22.055 23.0906666666667 24.7266666666667 26.165 27.1833333333333 27.554 27.496 26.758 25.7096666666667 24.454 23.1376666666667 22.34
24.6233333333333 23.112 21.8886666666667 22.055 23.0906666666667 24.7266666666667 26.165 27.1833333333333 27.554 27.496 26.758 25.7096666666667 24.454 23.1376666666667 22.34 21.9666666666667 22.963 24.4843333333333 26.3493333333333 27.5683333333333 27.8863333333333 27.7776666666667 27.225 26.4026666666667 24.6786666666667 23.2766666666667 22.1433333333333
24.454 23.1376666666667 22.34 21.9666666666667 22.963 24.4843333333333 26.3493333333333 27.5683333333333 27.8863333333333 27.7776666666667 27.225 26.4026666666667 24.6786666666667 23.2766666666667 22.1433333333333 22.33 23.2643333333333 24.8503333333333 26.5773333333333 27.5376666666667 27.8823333333333 27.725 27.1773333333333 26.494 25.2766666666667 24.0076666666667 22.9573333333333
24.6786666666667 23.2766666666667 22.1433333333333 22.33 23.2643333333333 24.8503333333333 26.5773333333333 27.5376666666667 27.8823333333333 27.725 27.1773333333333 26.494 25.2766666666667 24.0076666666667 22.9573333333333 22.8476666666667 23.548 24.8493333333333 26.3823333333333 27.6913333333333 28.2223333333333 28.0136666666667 27.3433333333333 26.3113333333333 25.0466666666667 23.8116666666667 22.6583333333333
25.2766666666667 24.0076666666667 22.9573333333333 22.8476666666667 23.548 24.8493333333333 26.3823333333333 27.6913333333333 28.2223333333333 28.0136666666667 27.3433333333333 26.3113333333333 25.0466666666667 23.8116666666667 22.6583333333333 22.3936666666667 23.1786666666667 24.778 26.3373333333333 27.2443333333333 27.7063333333333 27.7643333333333 27.481 26.8133333333333 25.269 23.35 22.4533333333333
25.0466666666667 23.8116666666667 22.6583333333333 22.3936666666667 23.1786666666667 24.778 26.3373333333333 27.2443333333333 27.7063333333333 27.7643333333333 27.481 26.8133333333333 25.269 23.35 22.4533333333333 22.6306666666667 23.7006666666667 24.6053333333333 25.7956666666667 26.9706666666667 27.7646666666667 27.9453333333333 27.4353333333333 26.32 24.5086666666667 22.932 22.318
25.269 23.35 22.4533333333333 22.6306666666667 23.7006666666667 24.6053333333333 25.7956666666667 26.9706666666667 27.7646666666667 27.9453333333333 27.4353333333333 26.32 24.5086666666667 22.932 22.318 22.741 23.7526666666667 25.0126666666667 26.3363333333333 27.5553333333333 28.065 28.125 27.6166666666667 26.4923333333333 24.9953333333333 22.9916666666667 22.0106666666667
24.5086666666667 22.932 22.318 22.741 23.7526666666667 25.0126666666667 26.3363333333333 27.5553333333333 28.065 28.125 27.6166666666667 26.4923333333333 24.9953333333333 22.9916666666667 22.0106666666667 21.4936666666667 22.3893333333333 23.9053333333333 25.9303333333333 27.2596666666667 27.6926666666667 27.519 27.1383333333333 26.5063333333333 25.137 23.7473333333333 22.604
24.9953333333333 22.9916666666667 22.0106666666667 21.4936666666667 22.3893333333333 23.9053333333333 25.9303333333333 27.2596666666667 27.6926666666667 27.519 27.1383333333333 26.5063333333333 25.137 23.7473333333333 22.604 22.7786666666667 23.7036666666667 25.2186666666667 26.5743333333333 27.515 27.713 27.4866666666667 26.6886666666667 25.7343333333333 24.4073333333333 23.243 22.6106666666667
25.137 23.7473333333333 22.604 22.7786666666667 23.7036666666667 25.2186666666667 26.5743333333333 27.515 27.713 27.4866666666667 26.6886666666667 25.7343333333333 24.4073333333333 23.243 22.6106666666667 22.8103333333333 23.7526666666667 25.0853333333333 26.6083333333333 27.6546666666667 28.093 27.7953333333333 27.149 25.978 24.4233333333333 22.8326666666667 21.8343333333333
