-3.94333333333333 -3.83866666666667 -3.648 -3.263 -2.74933333333333 -2.54166666666667 -2.21066666666667 -1.87166666666667 -1.664 -1.69733333333333 -1.98833333333333 -1.99833333333333 -1.509 -1.75633333333333 -2.19666666666667 -2.42333333333333 -2.033 -1.76166666666667 -2.05066666666667 -2.16333333333333 -2.13533333333333 -2.413 -2.631 -2.106 -0.525666666666667 -0.0600000000000001 -0.299666666666667
-1.509 -1.75633333333333 -2.19666666666667 -2.42333333333333 -2.033 -1.76166666666667 -2.05066666666667 -2.16333333333333 -2.13533333333333 -2.413 -2.631 -2.106 -0.525666666666667 -0.0600000000000001 -0.299666666666667 -1.741 -2.21233333333333 -3.014 -3.32433333333333 -3.55966666666667 -3.37466666666667 -3.39466666666667 -3.402 -3.02966666666667 -2.04566666666667 -1.255 -1.412
-0.525666666666667 -0.0600000000000001 -0.299666666666667 -1.741 -2.21233333333333 -3.014 -3.32433333333333 -3.55966666666667 -3.37466666666667 -3.39466666666667 -3.402 -3.02966666666667 -2.04566666666667 -1.255 -1.412 -2.26533333333333 -2.93333333333333 -3.2 -3.42566666666667 -3.39733333333333 -3.196 -2.83533333333333 -2.44433333333333 -2.22766666666667 -1.557 -1.527 -1.755
-2.04566666666667 -1.255 -1.412 -2.26533333333333 -2.93333333333333 -3.2 -3.42566666666667 -3.39733333333333 -3.196 -2.83533333333333 -2.44433333333333 -2.22766666666667 -1.557 -1.527 -1.755 -1.65333333333333 -1.24433333333333 -0.698333333333333 -0.937 -1.408 -1.67166666666667 -1.923 -2.042 -1.75333333333333 -1.82133333333333 -1.97666666666667 -2.03233333333333
-1.557 -1.527 -1.755 -1.65333333333333 -1.24433333333333 -0.698333333333333 -0.937 -1.408 -1.67166666666667 -1.923 -2.042 -1.75333333333333 -1.82133333333333 -1.97666666666667 -2.03233333333333 -1.58966666666667 -1.20933333333333 -1.92433333333333 -2.52133333333333 -3.15066666666667 -3.22666666666667 -3.396 -3.18 -2.88833333333333 -2.266 -2.305 -2.15633333333333
-1.82133333333333 -1.97666666666667 -2.03233333333333 -1.58966666666667 -1.20933333333333 -1.92433333333333 -2.52133333333333 -3.15066666666667 -3.22666666666667 -3.396 -3.18 -2.88833333333333 -2.266 -2.305 -2.15633333333333 -2.47766666666667 -2.23666666666667 -2.11133333333333 -1.771 -1.26166666666667 -0.360333333333333 -0.042 0.542 1.63066666666667 1.26266666666667 0.345333333333333 -1.684
-2.266 -2.305 -2.15633333333333 -2.47766666666667 -2.23666666666667 -2.11133333333333 -1.771 -1.26166666666667 -0.360333333333333 -0.042 0.542 1.63066666666667 1.26266666666667 0.345333333333333 -1.684 -1.83933333333333 -2.06233333333333 -2.08233333333333 -2.429 -2.554 -2.92633333333333 -3.099 -3.131 -2.86866666666667 -2.79433333333333 -3.23533333333333 -3.81366666666667
1.26266666666667 0.345333333333333 -1.684 -1.83933333333333 -2.06233333333333 -2.08233333333333 -2.429 -2.554 -2.92633333333333 -3.099 -3.131 -2.86866666666667 -2.79433333333333 -3.23533333333333 -3.81366666666667 -4.117 -4.017 -3.84266666666667 -3.292 -3.10433333333333 -2.70133333333333 -2.935 -2.76066666666667 -2.62 -2.38933333333333 -2.51933333333333 -3.13533333333333
-2.79433333333333 -3.23533333333333 -3.81366666666667 -4.117 -4.017 -3.84266666666667 -3.292 -3.10433333333333 -2.70133333333333 -2.935 -2.76066666666667 -2.62 -2.38933333333333 -2.51933333333333 -3.13533333333333 -3.38 -3.30733333333333 -3.02233333333333 -2.923 -2.864 -2.931 -3.10833333333333 -2.955 -2.31933333333333 -1.88766666666667 -2.14066666666667 -2.51966666666667
-2.38933333333333 -2.51933333333333 -3.13533333333333 -3.38 -3.30733333333333 -3.02233333333333 -2.923 -2.864 -2.931 -3.10833333333333 -2.955 -2.31933333333333 -1.88766666666667 -2.14066666666667 -2.51966666666667 -3.14433333333333 -2.75866666666667 -2.48366666666667 -2.05666666666667 -2.108 -2.57633333333333 -2.19033333333333 -2.03966666666667 -0.865 0.245 0.0746666666666666 -0.372
-1.88766666666667 -2.14066666666667 -2.51966666666667 -3.14433333333333 -2.75866666666667 -2.48366666666667 -2.05666666666667 -2.108 -2.57633333333333 -2.19033333333333 -2.03966666666667 -0.865 0.245 0.0746666666666666 -0.372 -1.54466666666667 -1.211 -0.935666666666667 -1.09666666666667 -0.883333333333333 -1.27866666666667 -1.20433333333333 -1.63166666666667 -1.73766666666667 -1.30633333333333 -1.47666666666667 -1.84866666666667
0.245 0.0746666666666666 -0.372 -1.54466666666667 -1.211 -0.935666666666667 -1.09666666666667 -0.883333333333333 -1.27866666666667 -1.20433333333333 -1.63166666666667 -1.73766666666667 -1.30633333333333 -1.47666666666667 -1.84866666666667 -2.82333333333333 -2.94133333333333 -3.08633333333333 -2.95133333333333 -3.12 -3.36266666666667 -3.97766666666667 -4.293 -4.65633333333333 -4.429 -4.62633333333333 -4.436
-1.30633333333333 -1.47666666666667 -1.84866666666667 -2.82333333333333 -2.94133333333333 -3.08633333333333 -2.95133333333333 -3.12 -3.36266666666667 -3.97766666666667 -4.293 -4.65633333333333 -4.429 -4.62633333333333 -4.436 -4.45233333333333 -4.31066666666667 -4.016 -3.654 -3.66633333333333 -3.61333333333333 -3.71366666666667 -3.39266666666667 -2.67 -1.89433333333333 -1.088 -0.217666666666667
-4.429 -4.62633333333333 -4.436 -4.45233333333333 -4.31066666666667 -4.016 -3.654 -3.66633333333333 -3.61333333333333 -3.71366666666667 -3.39266666666667 -2.67 -1.89433333333333 -1.088 -0.217666666666667 -0.125666666666667 -0.65 -2.10433333333333 -2.58333333333333 -2.60833333333333 -2.54333333333333 -2.605 -2.766 -1.96833333333333 -1.03833333333333 -0.529 -0.9
-1.89433333333333 -1.088 -0.217666666666667 -0.125666666666667 -0.65 -2.10433333333333 -2.58333333333333 -2.60833333333333 -2.54333333333333 -2.605 -2.766 -1.96833333333333 -1.03833333333333 -0.529 -0.9 -1.732 -1.845 -2.23966666666667 -2.28333333333333 -2.30933333333333 -2.139 -1.78933333333333 -1.757 -0.483333333333333 0.562333333333333 1.61266666666667 1.033
-1.03833333333333 -0.529 -0.9 -1.732 -1.845 -2.23966666666667 -2.28333333333333 -2.30933333333333 -2.139 -1.78933333333333 -1.757 -0.483333333333333 0.562333333333333 1.61266666666667 1.033 0.385666666666667 -0.128666666666667 -0.681666666666667 -1.40066666666667 -2.004 -2.289 -2.13866666666667 -2.35 -1.49866666666667 -0.574666666666667 0.146 0.498666666666667
0.562333333333333 1.61266666666667 1.033 0.385666666666667 -0.128666666666667 -0.681666666666667 -1.40066666666667 -2.004 -2.289 -2.13866666666667 -2.35 -1.49866666666667 -0.574666666666667 0.146 0.498666666666667 -0.246333333333333 -0.363 -1.377 -1.437 -1.94 -1.809 -2.149 -1.98 -2.24466666666667 -1.91266666666667 -2.276 -2.47033333333333
-0.574666666666667 0.146 0.498666666666667 -0.246333333333333 -0.363 -1.377 -1.437 -1.94 -1.809 -2.149 -1.98 -2.24466666666667 -1.91266666666667 -2.276 -2.47033333333333 -2.92966666666667 -2.86133333333333 -2.657 -2.42366666666667 -2.05733333333333 -1.513 -1.31033333333333 -0.870333333333333 -0.115333333333333 1.124 0.99 0.028
-1.91266666666667 -2.276 -2.47033333333333 -2.92966666666667 -2.86133333333333 -2.657 -2.42366666666667 -2.05733333333333 -1.513 -1.31033333333333 -0.870333333333333 -0.115333333333333 1.124 0.99 0.028 -1.49 -1.76133333333333 -2.01166666666667 -2.276 -2.734 -3.23533333333333 -3.19866666666667 -3.43133333333333 -3.16133333333333 -2.69933333333333 -2.58633333333333 -2.83233333333333
1.124 0.99 0.028 -1.49 -1.76133333333333 -2.01166666666667 -2.276 -2.734 -3.23533333333333 -3.19866666666667 -3.43133333333333 -3.16133333333333 -2.69933333333333 -2.58633333333333 -2.83233333333333 -3.50766666666667 -3.645 -3.306 -3.13433333333333 -2.92333333333333 -3.33933333333333 -3.396 -3.40133333333333 -2.83633333333333 -2.169 -1.662 -1.99633333333333
-2.69933333333333 -2.58633333333333 -2.83233333333333 -3.50766666666667 -3.645 -3.306 -3.13433333333333 -2.92333333333333 -3.33933333333333 -3.396 -3.40133333333333 -2.83633333333333 -2.169 -1.662 -1.99633333333333 -1.25566666666667 -0.643333333333333 0.393333333333333 0.437666666666667 -0.108666666666667 0.626333333333333 0.821333333333333 2.544 1.89333333333333 1.32433333333333 -0.545666666666667 -1.34033333333333
-2.169 -1.662 -1.99633333333333 -1.25566666666667 -0.643333333333333 0.393333333333333 0.437666666666667 -0.108666666666667 0.626333333333333 0.821333333333333 2.544 1.89333333333333 1.32433333333333 -0.545666666666667 -1.34033333333333 -2.10833333333333 -2.61433333333333 -3.096 -3.43833333333333 -3.72766666666667 -3.74666666666667 -3.964 -3.937 -4.045 -4.02333333333333 -4.801 -5.36033333333333
1.32433333333333 -0.545666666666667 -1.34033333333333 -2.10833333333333 -2.61433333333333 -3.096 -3.43833333333333 -3.72766666666667 -3.74666666666667 -3.964 -3.937 -4.045 -4.02333333333333 -4.801 -5.36033333333333 -6.109 -5.88533333333333 -5.55333333333333 -4.777 -4.335 -4.372 -4.377 -4.513 -4.142 -4.325 -4.139 -4.95266666666667
-4.02333333333333 -4.801 -5.36033333333333 -6.109 -5.88533333333333 -5.55333333333333 -4.777 -4.335 -4.372 -4.377 -4.513 -4.142 -4.325 -4.139 -4.95266666666667 -5.26366666666667 -5.76433333333333 -5.258 -5.067 -4.19466666666667 -3.81966666666667 -3.20133333333333 -3.475 -3.61 -4.105 -4.69733333333333 -5.15066666666667
-4.325 -4.139 -4.95266666666667 -5.26366666666667 -5.76433333333333 -5.258 -5.067 -4.19466666666667 -3.81966666666667 -3.20133333333333 -3.475 -3.61 -4.105 -4.69733333333333 -5.15066666666667 -5.35833333333333 -5.05533333333333 -4.43233333333333 -3.78633333333333 -2.93533333333333 -2.709 -2.48766666666667 -2.63366666666667 -2.37166666666667 -1.392 -1.28766666666667 -1.27333333333333
-4.105 -4.69733333333333 -5.15066666666667 -5.35833333333333 -5.05533333333333 -4.43233333333333 -3.78633333333333 -2.93533333333333 -2.709 -2.48766666666667 -2.63366666666667 -2.37166666666667 -1.392 -1.28766666666667 -1.27333333333333 -2.34066666666667 -2.60833333333333 -2.852 -3.18966666666667 -2.53233333333333 -1.82433333333333 -0.266666666666667 0.262333333333333 -0.022 -0.467 -1.12533333333333 -1.456
-1.392 -1.28766666666667 -1.27333333333333 -2.34066666666667 -2.60833333333333 -2.852 -3.18966666666667 -2.53233333333333 -1.82433333333333 -0.266666666666667 0.262333333333333 -0.022 -0.467 -1.12533333333333 -1.456 -2.55666666666667 -3.14566666666667 -3.53433333333333 -3.348 -3.42666666666667 -3.294 -3.21866666666667 -2.835 -2.787 -2.86066666666667 -2.69 -2.94633333333333
-0.467 -1.12533333333333 -1.456 -2.55666666666667 -3.14566666666667 -3.53433333333333 -3.348 -3.42666666666667 -3.294 -3.21866666666667 -2.835 -2.787 -2.86066666666667 -2.69 -2.94633333333333 -2.88766666666667 -3.33233333333333 -3.27566666666667 -2.89433333333333 -2.54266666666667 -1.90466666666667 -2.09466666666667 -2.025 -2.132 -1.81266666666667 -2.16266666666667 -1.32366666666667
-2.86066666666667 -2.69 -2.94633333333333 -2.88766666666667 -3.33233333333333 -3.27566666666667 -2.89433333333333 -2.54266666666667 -1.90466666666667 -2.09466666666667 -2.025 -2.132 -1.81266666666667 -2.16266666666667 -1.32366666666667 -1.98633333333333 -2.13166666666667 -3.52166666666667 -3.745 -3.79466666666667 -3.46333333333333 -3.07733333333333 -3.13466666666667 -3.36766666666667 -3.88033333333333 -4.21366666666667 -4.70766666666667
-1.81266666666667 -2.16266666666667 -1.32366666666667 -1.98633333333333 -2.13166666666667 -3.52166666666667 -3.745 -3.79466666666667 -3.46333333333333 -3.07733333333333 -3.13466666666667 -3.36766666666667 -3.88033333333333 -4.21366666666667 -4.70766666666667 -4.632 -4.577 -3.93933333333333 -3.52766666666667 -2.68 -2.064 -1.73633333333333 -0.833 -0.722 -0.930666666666667 -1.86533333333333 -2.92
-3.88033333333333 -4.21366666666667 -4.70766666666667 -4.632 -4.577 -3.93933333333333 -3.52766666666667 -2.68 -2.064 -1.73633333333333 -0.833 -0.722 -0.930666666666667 -1.86533333333333 -2.92 -3.48066666666667 -4.39033333333333 -4.29333333333333 -4.548 -4.22566666666667 -4.38033333333333 -4.32833333333333 -4.33166666666667 -4.47866666666667 -4.63766666666667 -4.86566666666667 -5.456
-0.930666666666667 -1.86533333333333 -2.92 -3.48066666666667 -4.39033333333333 -4.29333333333333 -4.548 -4.22566666666667 -4.38033333333333 -4.32833333333333 -4.33166666666667 -4.47866666666667 -4.63766666666667 -4.86566666666667 -5.456 -5.54933333333333 -5.88733333333333 -5.28133333333333 -5.00566666666667 -4.90866666666667 -5.137 -4.858 -4.65066666666667 -4.704 -4.768 -4.90666666666667 -5.34833333333333
-4.63766666666667 -4.86566666666667 -5.456 -5.54933333333333 -5.88733333333333 -5.28133333333333 -5.00566666666667 -4.90866666666667 -5.137 -4.858 -4.65066666666667 -4.704 -4.768 -4.90666666666667 -5.34833333333333 -5.30266666666667 -5.06066666666667 -4.12266666666667 -3.71 -3.26333333333333 -2.78166666666667 -2.42266666666667 -1.501 -1.47466666666667 -1.009 -1.28533333333333 -0.965666666666667
-4.768 -4.90666666666667 -5.34833333333333 -5.30266666666667 -5.06066666666667 -4.12266666666667 -3.71 -3.26333333333333 -2.78166666666667 -2.42266666666667 -1.501 -1.47466666666667 -1.009 -1.28533333333333 -0.965666666666667 -1.98466666666667 -2.911 -4.15533333333333 -4.578 -5.079 -5.304 -5.574 -5.57533333333333 -5.35633333333333 -5.309 -5.03733333333333 -4.96633333333333
-1.009 -1.28533333333333 -0.965666666666667 -1.98466666666667 -2.911 -4.15533333333333 -4.578 -5.079 -5.304 -5.574 -5.57533333333333 -5.35633333333333 -5.309 -5.03733333333333 -4.96633333333333 -5.212 -5.56333333333333 -5.566 -5.29833333333333 -5.061 -4.97966666666667 -5.149 -4.73166666666667 -4.533 -4.55 -4.96166666666667 -5.80633333333333
-5.309 -5.03733333333333 -4.96633333333333 -5.212 -5.56333333333333 -5.566 -5.29833333333333 -5.061 -4.97966666666667 -5.149 -4.73166666666667 -4.533 -4.55 -4.96166666666667 -5.80633333333333 -5.60866666666667 -5.34266666666667 -4.649 -4.37533333333333 -4.47433333333333 -4.29233333333333 -3.836 -3.33333333333333 -3.02866666666667 -2.91566666666667 -2.94466666666667 -3.629
-4.55 -4.96166666666667 -5.80633333333333 -5.60866666666667 -5.34266666666667 -4.649 -4.37533333333333 -4.47433333333333 -4.29233333333333 -3.836 -3.33333333333333 -3.02866666666667 -2.91566666666667 -2.94466666666667 -3.629 -4.48133333333333 -5.27933333333333 -5.325 -5.025 -4.74633333333333 -4.216 -3.85133333333333 -3.09133333333333 -3.01133333333333 -3.15966666666667 -3.68033333333333 -3.224
