3.84 0.848 -0.662 -0.995666666666667 0.623333333333333 2.30266666666667 3.272 3.17 2.87533333333333 2.88666666666667 3.11 3.55466666666667 2.42633333333333 0.722666666666667 -1.221 -1.31666666666667 -0.457 1.404 2.21066666666667 3.12666666666667 2.425 2.884 1.82666666666667 1.72433333333333 0.124 -0.43 -1.58
2.42633333333333 0.722666666666667 -1.221 -1.31666666666667 -0.457 1.404 2.21066666666667 3.12666666666667 2.425 2.884 1.82666666666667 1.72433333333333 0.124 -0.43 -1.58 -1.025 -0.151666666666667 2.32266666666667 2.822 3.63633333333333 2.381 3.04366666666667 2.681 2.58633333333333 1.16866666666667 -0.191333333333333 -1.02666666666667
0.124 -0.43 -1.58 -1.025 -0.151666666666667 2.32266666666667 2.822 3.63633333333333 2.381 3.04366666666667 2.681 2.58633333333333 1.16866666666667 -0.191333333333333 -1.02666666666667 -0.924666666666667 0.456 2.08 2.915 3.27133333333333 3.00566666666667 4.17033333333333 3.50866666666667 3.66966666666667 1.45033333333333 0.489 -1.32466666666667
1.16866666666667 -0.191333333333333 -1.02666666666667 -0.924666666666667 0.456 2.08 2.915 3.27133333333333 3.00566666666667 4.17033333333333 3.50866666666667 3.66966666666667 1.45033333333333 0.489 -1.32466666666667 -1.07866666666667 0.499 2.635 4.02666666666667 4.11033333333333 3.49333333333333 3.59566666666667 3.88966666666667 3.711 2.98166666666667 0.999 -0.0306666666666667
1.45033333333333 0.489 -1.32466666666667 -1.07866666666667 0.499 2.635 4.02666666666667 4.11033333333333 3.49333333333333 3.59566666666667 3.88966666666667 3.711 2.98166666666667 0.999 -0.0306666666666667 -1.08966666666667 0.246333333333333 1.987 3.803 4.30433333333333 3.64033333333333 3.67133333333333 3.68433333333333 4.44866666666667 2.94233333333333 0.683333333333333 -1.33466666666667
2.98166666666667 0.999 -0.0306666666666667 -1.08966666666667 0.246333333333333 1.987 3.803 4.30433333333333 3.64033333333333 3.67133333333333 3.68433333333333 4.44866666666667 2.94233333333333 0.683333333333333 -1.33466666666667 -0.752 1.288 2.84633333333333 3.903 3.666 3.23933333333333 2.68566666666667 1.778 0.913333333333333 -1.142 -2.22966666666667 -2.586
2.94233333333333 0.683333333333333 -1.33466666666667 -0.752 1.288 2.84633333333333 3.903 3.666 3.23933333333333 2.68566666666667 1.778 0.913333333333333 -1.142 -2.22966666666667 -2.586 -1.57266666666667 0.197666666666667 2.195 3.09033333333333 3.29433333333333 2.72733333333333 2.29766666666667 2.91866666666667 3.23266666666667 2.992 1.09533333333333 0.062
-1.142 -2.22966666666667 -2.586 -1.57266666666667 0.197666666666667 2.195 3.09033333333333 3.29433333333333 2.72733333333333 2.29766666666667 2.91866666666667 3.23266666666667 2.992 1.09533333333333 0.062 0.584333333333333 2.11666666666667 3.827 4.26933333333333 4.72766666666667 4.62433333333333 5.41366666666667 5.31466666666667 4.43733333333333 2.94933333333333 0.679666666666667 -0.061
2.992 1.09533333333333 0.062 0.584333333333333 2.11666666666667 3.827 4.26933333333333 4.72766666666667 4.62433333333333 5.41366666666667 5.31466666666667 4.43733333333333 2.94933333333333 0.679666666666667 -0.061 -0.483333333333333 1.49833333333333 3.46466666666667 5.20466666666667 5.443 4.73 4.24966666666667 4.33933333333333 4.045 2.52133333333333 0.943 -0.846666666666667
2.94933333333333 0.679666666666667 -0.061 -0.483333333333333 1.49833333333333 3.46466666666667 5.20466666666667 5.443 4.73 4.24966666666667 4.33933333333333 4.045 2.52133333333333 0.943 -0.846666666666667 -0.516333333333333 0.336 2.64533333333333 3.523 4.16633333333333 4.054 4.501 4.65233333333333 3.598 1.437 -0.863333333333333 -2.20633333333333
2.52133333333333 0.943 -0.846666666666667 -0.516333333333333 0.336 2.64533333333333 3.523 4.16633333333333 4.054 4.501 4.65233333333333 3.598 1.437 -0.863333333333333 -2.20633333333333 -2.148 -1.204 0.444 3.00366666666667 3.85566666666667 3.911 3.00133333333333 2.62533333333333 3.06866666666667 2.41733333333333 0.942 -0.658666666666667
1.437 -0.863333333333333 -2.20633333333333 -2.148 -1.204 0.444 3.00366666666667 3.85566666666667 3.911 3.00133333333333 2.62533333333333 3.06866666666667 2.41733333333333 0.942 -0.658666666666667 -0.376666666666667 0.566 3.42966666666667 3.81566666666667 4.196 2.589 2.51 3.262 3.64966666666667 2.13766666666667 0.159333333333333 -1.87233333333333
2.41733333333333 0.942 -0.658666666666667 -0.376666666666667 0.566 3.42966666666667 3.81566666666667 4.196 2.589 2.51 3.262 3.64966666666667 2.13766666666667 0.159333333333333 -1.87233333333333 -1.40033333333333 0.132333333333333 3.06766666666667 4.206 4.81 3.929 3.86433333333333 3.98266666666667 3.204 1.09966666666667 -1.26966666666667 -2.72366666666667
2.13766666666667 0.159333333333333 -1.87233333333333 -1.40033333333333 0.132333333333333 3.06766666666667 4.206 4.81 3.929 3.86433333333333 3.98266666666667 3.204 1.09966666666667 -1.26966666666667 -2.72366666666667 -1.67566666666667 0.0566666666666666 2.35166666666667 3.86766666666667 3.91 4.07766666666667 3.79033333333333 3.77133333333333 2.94833333333333 1.06066666666667 -0.792666666666667 -2.35733333333333
1.09966666666667 -1.26966666666667 -2.72366666666667 -1.67566666666667 0.0566666666666666 2.35166666666667 3.86766666666667 3.91 4.07766666666667 3.79033333333333 3.77133333333333 2.94833333333333 1.06066666666667 -0.792666666666667 -2.35733333333333 -1.61133333333333 0.108333333333333 1.7 3.15966666666667 2.687 2.84766666666667 2.88633333333333 3.386 2.25 0.0756666666666668 -2.134 -2.747
1.06066666666667 -0.792666666666667 -2.35733333333333 -1.61133333333333 0.108333333333333 1.7 3.15966666666667 2.687 2.84766666666667 2.88633333333333 3.386 2.25 0.0756666666666668 -2.134 -2.747 -2.543 -0.399666666666667 2.16266666666667 4.50966666666667 4.856 4.51066666666667 4.40766666666667 4.86333333333333 4.372 1.99633333333333 -0.545666666666667 -1.93166666666667
0.0756666666666668 -2.134 -2.747 -2.543 -0.399666666666667 2.16266666666667 4.50966666666667 4.856 4.51066666666667 4.40766666666667 4.86333333333333 4.372 1.99633333333333 -0.545666666666667 -1.93166666666667 -1.102 0.493666666666667 2.437 3.53233333333333 4.03933333333333 3.62633333333333 3.40533333333333 3.36666666666667 3.48633333333333 2.79066666666667 0.807666666666667 -0.608
1.99633333333333 -0.545666666666667 -1.93166666666667 -1.102 0.493666666666667 2.437 3.53233333333333 4.03933333333333 3.62633333333333 3.40533333333333 3.36666666666667 3.48633333333333 2.79066666666667 0.807666666666667 -0.608 -0.709666666666667 0.56 1.85133333333333 2.469 2.17966666666667 1.31 0.689333333333333 0.0883333333333333 -0.507 -1.38766666666667 -1.932 -2.33966666666667
2.79066666666667 0.807666666666667 -0.608 -0.709666666666667 0.56 1.85133333333333 2.469 2.17966666666667 1.31 0.689333333333333 0.0883333333333333 -0.507 -1.38766666666667 -1.932 -2.33966666666667 -1.66766666666667 -0.275666666666667 2.19 3.64 4.15266666666667 3.49 3.23166666666667 3.67833333333333 4.484 2.80833333333333 0.459333333333333 -2.05766666666667
-1.38766666666667 -1.932 -2.33966666666667 -1.66766666666667 -0.275666666666667 2.19 3.64 4.15266666666667 3.49 3.23166666666667 3.67833333333333 4.484 2.80833333333333 0.459333333333333 -2.05766666666667 -1.70766666666667 0.4 2.70166666666667 3.89633333333333 4.153 4.48433333333333 5.175 5.809 5.16166666666667 3.796 0.712666666666667 -0.906333333333333
2.80833333333333 0.459333333333333 -2.05766666666667 -1.70766666666667 0.4 2.70166666666667 3.89633333333333 4.153 4.48433333333333 5.175 5.809 5.16166666666667 3.796 0.712666666666667 -0.906333333333333 -2.02066666666667 -0.217666666666667 2.15833333333333 3.449 3.30733333333333 1.761 1.349 0.011 -1.48766666666667 -2.688 -3.202 -3.16033333333333
3.796 0.712666666666667 -0.906333333333333 -2.02066666666667 -0.217666666666667 2.15833333333333 3.449 3.30733333333333 1.761 1.349 0.011 -1.48766666666667 -2.688 -3.202 -3.16033333333333 -2.78933333333333 -1.564 1.42133333333333 3.42533333333333 4.81366666666667 3.848 3.882 4.00766666666667 4.80166666666667 4.001 2.39433333333333 0.0203333333333333
-2.688 -3.202 -3.16033333333333 -2.78933333333333 -1.564 1.42133333333333 3.42533333333333 4.81366666666667 3.848 3.882 4.00766666666667 4.80166666666667 4.001 2.39433333333333 0.0203333333333333 -0.164666666666667 2.02333333333333 3.548 3.95333333333333 2.94066666666667 2.43166666666667 2.053 2.30033333333333 2.779 2.35466666666667 0.274 -0.513666666666667
4.001 2.39433333333333 0.0203333333333333 -0.164666666666667 2.02333333333333 3.548 3.95333333333333 2.94066666666667 2.43166666666667 2.053 2.30033333333333 2.779 2.35466666666667 0.274 -0.513666666666667 0.372666666666667 3.146 4.19366666666667 4.642 3.96766666666667 3.77466666666667 3.19433333333333 3.36766666666667 3.521 3.12966666666667 1.233 0.391
2.35466666666667 0.274 -0.513666666666667 0.372666666666667 3.146 4.19366666666667 4.642 3.96766666666667 3.77466666666667 3.19433333333333 3.36766666666667 3.521 3.12966666666667 1.233 0.391 0.620666666666667 1.79066666666667 2.97066666666667 3.636 4.20066666666667 3.859 3.84833333333333 4.29833333333333 4.61233333333333 2.825 0.412333333333333 -1.88433333333333
3.12966666666667 1.233 0.391 0.620666666666667 1.79066666666667 2.97066666666667 3.636 4.20066666666667 3.859 3.84833333333333 4.29833333333333 4.61233333333333 2.825 0.412333333333333 -1.88433333333333 -1.649 -0.432666666666667 1.906 3.68033333333333 4.78166666666667 4.35866666666667 3.58366666666667 2.08133333333333 1.52833333333333 0.855 -0.00966666666666671 -1.094
2.825 0.412333333333333 -1.88433333333333 -1.649 -0.432666666666667 1.906 3.68033333333333 4.78166666666667 4.35866666666667 3.58366666666667 2.08133333333333 1.52833333333333 0.855 -0.00966666666666671 -1.094 -1.231 0.0776666666666666 2.10266666666667 2.59033333333333 2.13166666666667 1.90833333333333 2.41333333333333 3.52066666666667 2.803 1.765 -0.225666666666667 -1.03533333333333
0.855 -0.00966666666666671 -1.094 -1.231 0.0776666666666666 2.10266666666667 2.59033333333333 2.13166666666667 1.90833333333333 2.41333333333333 3.52066666666667 2.803 1.765 -0.225666666666667 -1.03533333333333 -0.383333333333333 1.14433333333333 3.85 4.63933333333333 5.46333333333333 4.30566666666667 3.803 2.51766666666667 1.565 0.392333333333333 -0.0786666666666666 -1.18533333333333
1.765 -0.225666666666667 -1.03533333333333 -0.383333333333333 1.14433333333333 3.85 4.63933333333333 5.46333333333333 4.30566666666667 3.803 2.51766666666667 1.565 0.392333333333333 -0.0786666666666666 -1.18533333333333 -0.805666666666667 -0.0803333333333334 2.14866666666667 3.71633333333333 4.07933333333333 3.83066666666667 3.77266666666667 4.65 4.81266666666667 4.494 2.38866666666667 0.438
0.392333333333333 -0.0786666666666666 -1.18533333333333 -0.805666666666667 -0.0803333333333334 2.14866666666667 3.71633333333333 4.07933333333333 3.83066666666667 3.77266666666667 4.65 4.81266666666667 4.494 2.38866666666667 0.438 -0.242 1.51266666666667 3.06 3.676 3.09633333333333 2.471 1.9 0.637333333333333 -0.198 -1.42233333333333 -1.85066666666667 -2.135
4.494 2.38866666666667 0.438 -0.242 1.51266666666667 3.06 3.676 3.09633333333333 2.471 1.9 0.637333333333333 -0.198 -1.42233333333333 -1.85066666666667 -2.135 -1.50433333333333 0.183666666666667 1.62933333333333 1.71666666666667 1.27233333333333 0.706333333333333 0.879 1.059 1.47466666666667 1.284 0.448 -0.119
-1.42233333333333 -1.85066666666667 -2.135 -1.50433333333333 0.183666666666667 1.62933333333333 1.71666666666667 1.27233333333333 0.706333333333333 0.879 1.059 1.47466666666667 1.284 0.448 -0.119 0.550666666666667 1.92366666666667 2.63766666666667 2.24933333333333 1.44366666666667 1.60833333333333 2.37033333333333 3.07466666666667 3.57666666666667 2.745 1.04833333333333 -0.354
1.284 0.448 -0.119 0.550666666666667 1.92366666666667 2.63766666666667 2.24933333333333 1.44366666666667 1.60833333333333 2.37033333333333 3.07466666666667 3.57666666666667 2.745 1.04833333333333 -0.354 -0.410333333333333 1.207 2.665 3.74233333333333 3.214 2.96233333333333 2.99866666666667 2.73033333333333 2.59066666666667 1.36666666666667 0.772666666666667 -0.680666666666667
2.745 1.04833333333333 -0.354 -0.410333333333333 1.207 2.665 3.74233333333333 3.214 2.96233333333333 2.99866666666667 2.73033333333333 2.59066666666667 1.36666666666667 0.772666666666667 -0.680666666666667 -0.728666666666667 0.332666666666667 2.14966666666667 3.14866666666667 3.67766666666667 4.06933333333333 4.44433333333333 5.33966666666667 5.51233333333333 5.28933333333333 3.60866666666667 1.82466666666667
1.36666666666667 0.772666666666667 -0.680666666666667 -0.728666666666667 0.332666666666667 2.14966666666667 3.14866666666667 3.67766666666667 4.06933333333333 4.44433333333333 5.33966666666667 5.51233333333333 5.28933333333333 3.60866666666667 1.82466666666667 1.23233333333333 1.93333333333333 3.02366666666667 3.80733333333333 3.643 3.215 2.55766666666667 2.18166666666667 1.519 1.403 0.384666666666667 -0.196666666666667
5.28933333333333 3.60866666666667 1.82466666666667 1.23233333333333 1.93333333333333 3.02366666666667 3.80733333333333 3.643 3.215 2.55766666666667 2.18166666666667 1.519 1.403 0.384666666666667 -0.196666666666667 -0.0313333333333333 1.42633333333333 3.09566666666667 3.362 3.531 2.717 2.475 1.82533333333333 2.398 1.80133333333333 1.61033333333333 0.668
1.403 0.384666666666667 -0.196666666666667 -0.0313333333333333 1.42633333333333 3.09566666666667 3.362 3.531 2.717 2.475 1.82533333333333 2.398 1.80133333333333 1.61033333333333 0.668 0.499 1.09266666666667 3.211 4.579 4.59866666666667 3.93933333333333 3.73733333333333 3.89733333333333 2.962 1.96866666666667 0.42 -0.903
