-0.397666666666667 -1.56433333333333 -1.96333333333333 -1.77233333333333 -0.862333333333333 -0.382 -0.0126666666666667 0.432 0.78 1.25433333333333 0.814666666666667 0.250333333333333 -0.933666666666667 -2.099 -2.89 -2.98433333333333 -2.11733333333333 -1.39033333333333 -0.737 -0.217333333333333 0.195333333333333 0.735666666666667 0.955666666666667 0.748 -0.353 -1.404 -2.319
-0.933666666666667 -2.099 -2.89 -2.98433333333333 -2.11733333333333 -1.39033333333333 -0.737 -0.217333333333333 0.195333333333333 0.735666666666667 0.955666666666667 0.748 -0.353 -1.404 -2.319 -2.47566666666667 -2.27633333333333 -1.55733333333333 -0.843333333333333 -0.199666666666667 0.356666666666667 0.911333333333333 1.15833333333333 0.817 -0.514666666666667 -1.93333333333333 -2.99366666666667
-0.353 -1.404 -2.319 -2.47566666666667 -2.27633333333333 -1.55733333333333 -0.843333333333333 -0.199666666666667 0.356666666666667 0.911333333333333 1.15833333333333 0.817 -0.514666666666667 -1.93333333333333 -2.99366666666667 -3.10833333333333 -2.58566666666667 -2.13433333333333 -1.54266666666667 -1.05033333333333 0.233 0.774666666666667 0.985666666666667 0.510333333333333 -0.054 -1.22433333333333 -2.37633333333333
-0.514666666666667 -1.93333333333333 -2.99366666666667 -3.10833333333333 -2.58566666666667 -2.13433333333333 -1.54266666666667 -1.05033333333333 0.233 0.774666666666667 0.985666666666667 0.510333333333333 -0.054 -1.22433333333333 -2.37633333333333 -2.98066666666667 -2.28066666666667 -1.52533333333333 -0.598333333333333 -0.147333333333333 0.368 1.04266666666667 1.19633333333333 0.855333333333333 -0.484333333333333 -1.55433333333333 -2.547
-0.054 -1.22433333333333 -2.37633333333333 -2.98066666666667 -2.28066666666667 -1.52533333333333 -0.598333333333333 -0.147333333333333 0.368 1.04266666666667 1.19633333333333 0.855333333333333 -0.484333333333333 -1.55433333333333 -2.547 -2.348 -2.08833333333333 -1.215 -0.742666666666667 -0.234333333333333 0.477 0.852333333333333 1.14733333333333 0.656 0.00799999999999993 -1.36633333333333 -2.182
-0.484333333333333 -1.55433333333333 -2.547 -2.348 -2.08833333333333 -1.215 -0.742666666666667 -0.234333333333333 0.477 0.852333333333333 1.14733333333333 0.656 0.00799999999999993 -1.36633333333333 -2.182 -2.232 -1.47833333333333 -0.781333333333333 -0.375666666666667 0.595333333333333 1.24233333333333 1.94033333333333 1.78066666666667 1.18633333333333 -0.436666666666667 -2.62133333333333 -4.435
0.00799999999999993 -1.36633333333333 -2.182 -2.232 -1.47833333333333 -0.781333333333333 -0.375666666666667 0.595333333333333 1.24233333333333 1.94033333333333 1.78066666666667 1.18633333333333 -0.436666666666667 -2.62133333333333 -4.435 -4.957 -4.011 -2.95766666666667 -1.777 -1.067 -0.0933333333333333 0.391333333333333 0.643333333333333 0.338666666666667 -0.446 -1.39133333333333 -1.83866666666667
-0.436666666666667 -2.62133333333333 -4.435 -4.957 -4.011 -2.95766666666667 -1.777 -1.067 -0.0933333333333333 0.391333333333333 0.643333333333333 0.338666666666667 -0.446 -1.39133333333333 -1.83866666666667 -1.98966666666667 -1.76466666666667 -1.55933333333333 -1.103 -0.497333333333333 0.00200000000000002 0.500666666666667 0.735 0.788666666666667 0.127333333333333 -0.75 -1.70466666666667
-0.446 -1.39133333333333 -1.83866666666667 -1.98966666666667 -1.76466666666667 -1.55933333333333 -1.103 -0.497333333333333 0.00200000000000002 0.500666666666667 0.735 0.788666666666667 0.127333333333333 -0.75 -1.70466666666667 -2.07766666666667 -1.56666666666667 -0.808333333333333 -0.0843333333333333 0.137 0.515333333333333 0.939666666666667 0.776 0.117 -0.937333333333333 -1.75066666666667 -2.24166666666667
0.127333333333333 -0.75 -1.70466666666667 -2.07766666666667 -1.56666666666667 -0.808333333333333 -0.0843333333333333 0.137 0.515333333333333 0.939666666666667 0.776 0.117 -0.937333333333333 -1.75066666666667 -2.24166666666667 -2.04866666666667 -1.66133333333333 -0.571666666666667 0.0256666666666667 0.742666666666667 1.15366666666667 1.47233333333333 1.14466666666667 0.004 -0.945666666666667 -2.03033333333333 -2.853
-0.937333333333333 -1.75066666666667 -2.24166666666667 -2.04866666666667 -1.66133333333333 -0.571666666666667 0.0256666666666667 0.742666666666667 1.15366666666667 1.47233333333333 1.14466666666667 0.004 -0.945666666666667 -2.03033333333333 -2.853 -3.227 -2.833 -2.02 -1.36566666666667 -0.828 -0.320333333333333 0.415333333333333 0.528333333333333 0.35 -1.05133333333333 -2.179 -3.273
-0.945666666666667 -2.03033333333333 -2.853 -3.227 -2.833 -2.02 -1.36566666666667 -0.828 -0.320333333333333 0.415333333333333 0.528333333333333 0.35 -1.05133333333333 -2.179 -3.273 -3.15633333333333 -2.513 -1.86266666666667 -1.106 -0.674 -0.172 0.145 0.396 0.291 -0.287333333333333 -1.10533333333333 -1.49966666666667
-1.05133333333333 -2.179 -3.273 -3.15633333333333 -2.513 -1.86266666666667 -1.106 -0.674 -0.172 0.145 0.396 0.291 -0.287333333333333 -1.10533333333333 -1.49966666666667 -1.328 -0.886333333333333 -0.668 -0.504666666666667 -0.219333333333333 0.381 0.624666666666667 0.797333333333333 0.912 0.289666666666667 -0.926 -2.20766666666667
-0.287333333333333 -1.10533333333333 -1.49966666666667 -1.328 -0.886333333333333 -0.668 -0.504666666666667 -0.219333333333333 0.381 0.624666666666667 0.797333333333333 0.912 0.289666666666667 -0.926 -2.20766666666667 -2.403 -1.857 -1.022 -0.391 0.344333333333333 0.643 0.752666666666667 0.581666666666667 0.705 0.176333333333333 -1.00833333333333 -2.39966666666667
0.289666666666667 -0.926 -2.20766666666667 -2.403 -1.857 -1.022 -0.391 0.344333333333333 0.643 0.752666666666667 0.581666666666667 0.705 0.176333333333333 -1.00833333333333 -2.39966666666667 -2.46833333333333 -1.78166666666667 -0.929333333333333 -0.490666666666667 -0.048 0.432333333333333 0.690666666666667 0.750333333333333 0.151 -1.02533333333333 -2.30133333333333 -3.52
0.176333333333333 -1.00833333333333 -2.39966666666667 -2.46833333333333 -1.78166666666667 -0.929333333333333 -0.490666666666667 -0.048 0.432333333333333 0.690666666666667 0.750333333333333 0.151 -1.02533333333333 -2.30133333333333 -3.52 -3.97966666666667 -3.803 -2.957 -2.11233333333333 -1.156 -0.331333333333333 0.563 0.758333333333333 0.586 -0.882333333333333 -2.33833333333333 -3.26766666666667
-1.02533333333333 -2.30133333333333 -3.52 -3.97966666666667 -3.803 -2.957 -2.11233333333333 -1.156 -0.331333333333333 0.563 0.758333333333333 0.586 -0.882333333333333 -2.33833333333333 -3.26766666666667 -2.846 -2.46433333333333 -2.02033333333333 -1.774 -1.03866666666667 -0.241 0.408333333333333 0.798333333333333 0.502666666666667 -0.466333333333333 -1.63233333333333 -2.564
-0.882333333333333 -2.33833333333333 -3.26766666666667 -2.846 -2.46433333333333 -2.02033333333333 -1.774 -1.03866666666667 -0.241 0.408333333333333 0.798333333333333 0.502666666666667 -0.466333333333333 -1.63233333333333 -2.564 -2.78433333333333 -2.321 -1.61666666666667 -0.677 -0.037 0.591333333333333 1.237 1.50533333333333 1.20733333333333 0.0393333333333334 -1.49066666666667 -2.62466666666667
-0.466333333333333 -1.63233333333333 -2.564 -2.78433333333333 -2.321 -1.61666666666667 -0.677 -0.037 0.591333333333333 1.237 1.50533333333333 1.20733333333333 0.0393333333333334 -1.49066666666667 -2.62466666666667 -3.11333333333333 -2.692 -1.98233333333333 -1.34833333333333 -0.787666666666667 -0.509666666666667 -0.0393333333333333 0.15 -0.011 -0.66 -1.44266666666667 -1.89966666666667
0.0393333333333334 -1.49066666666667 -2.62466666666667 -3.11333333333333 -2.692 -1.98233333333333 -1.34833333333333 -0.787666666666667 -0.509666666666667 -0.0393333333333333 0.15 -0.011 -0.66 -1.44266666666667 -1.89966666666667 -1.94466666666667 -1.676 -1.28566666666667 -0.870666666666667 -0.443666666666667 -0.0836666666666667 0.263 0.258 0.158 -0.216 -0.809666666666667 -1.68866666666667
-0.66 -1.44266666666667 -1.89966666666667 -1.94466666666667 -1.676 -1.28566666666667 -0.870666666666667 -0.443666666666667 -0.0836666666666667 0.263 0.258 0.158 -0.216 -0.809666666666667 -1.68866666666667 -1.59533333333333 -1.111 -0.056 0.0813333333333333 0.457666666666667 0.691 1.318 1.02933333333333 0.274 -1.17466666666667 -2.82733333333333 -3.946
-0.216 -0.809666666666667 -1.68866666666667 -1.59533333333333 -1.111 -0.056 0.0813333333333333 0.457666666666667 0.691 1.318 1.02933333333333 0.274 -1.17466666666667 -2.82733333333333 -3.946 -4.46233333333333 -3.66666666666667 -2.956 -2.15866666666667 -1.51066666666667 -0.912 -0.342666666666667 -0.176333333333333 -0.251333333333333 -0.99 -1.57 -1.93266666666667
-1.17466666666667 -2.82733333333333 -3.946 -4.46233333333333 -3.66666666666667 -2.956 -2.15866666666667 -1.51066666666667 -0.912 -0.342666666666667 -0.176333333333333 -0.251333333333333 -0.99 -1.57 -1.93266666666667 -1.72533333333333 -1.723 -1.523 -1.25566666666667 -0.936333333333333 -0.740666666666667 -0.495666666666667 -0.310666666666667 -0.165333333333333 -0.785333333333333 -1.017 -1.4
-0.99 -1.57 -1.93266666666667 -1.72533333333333 -1.723 -1.523 -1.25566666666667 -0.936333333333333 -0.740666666666667 -0.495666666666667 -0.310666666666667 -0.165333333333333 -0.785333333333333 -1.017 -1.4 -1.38366666666667 -1.619 -1.77766666666667 -1.71433333333333 -1.42366666666667 -0.959 -0.401666666666667 -0.393333333333333 -0.560666666666667 -1.425 -2.01766666666667 -2.883
-0.785333333333333 -1.017 -1.4 -1.38366666666667 -1.619 -1.77766666666667 -1.71433333333333 -1.42366666666667 -0.959 -0.401666666666667 -0.393333333333333 -0.560666666666667 -1.425 -2.01766666666667 -2.883 -2.919 -2.929 -2.296 -1.89933333333333 -1.15166666666667 -0.618666666666667 -0.294 -0.199 -0.474666666666667 -1.01733333333333 -2.12666666666667 -2.59566666666667
-1.425 -2.01766666666667 -2.883 -2.919 -2.929 -2.296 -1.89933333333333 -1.15166666666667 -0.618666666666667 -0.294 -0.199 -0.474666666666667 -1.01733333333333 -2.12666666666667 -2.59566666666667 -2.71733333333333 -1.952 -1.797 -1.44633333333333 -1.07366666666667 -0.732333333333333 -0.249666666666667 -0.276 -0.601333333333333 -1.44066666666667 -2.69133333333333 -3.451
-1.01733333333333 -2.12666666666667 -2.59566666666667 -2.71733333333333 -1.952 -1.797 -1.44633333333333 -1.07366666666667 -0.732333333333333 -0.249666666666667 -0.276 -0.601333333333333 -1.44066666666667 -2.69133333333333 -3.451 -3.70933333333333 -3.011 -2.37866666666667 -1.77433333333333 -1.40466666666667 -0.758 -0.440666666666667 -0.387666666666667 -0.317666666666667 -0.872333333333333 -1.74633333333333 -2.694
-1.44066666666667 -2.69133333333333 -3.451 -3.70933333333333 -3.011 -2.37866666666667 -1.77433333333333 -1.40466666666667 -0.758 -0.440666666666667 -0.387666666666667 -0.317666666666667 -0.872333333333333 -1.74633333333333 -2.694 -2.86 -2.248 -1.669 -0.882666666666667 -0.468333333333333 -0.029 -0.154666666666667 -0.0156666666666667 -0.489333333333333 -1.00666666666667 -2.24666666666667 -3.73233333333333
-0.872333333333333 -1.74633333333333 -2.694 -2.86 -2.248 -1.669 -0.882666666666667 -0.468333333333333 -0.029 -0.154666666666667 -0.0156666666666667 -0.489333333333333 -1.00666666666667 -2.24666666666667 -3.73233333333333 -4.29633333333333 -4.29466666666667 -3.18066666666667 -2.50866666666667 -1.843 -1.29166666666667 -0.867 -0.690666666666667 -0.885 -1.51266666666667 -2.13866666666667 -2.878
-1.00666666666667 -2.24666666666667 -3.73233333333333 -4.29633333333333 -4.29466666666667 -3.18066666666667 -2.50866666666667 -1.843 -1.29166666666667 -0.867 -0.690666666666667 -0.885 -1.51266666666667 -2.13866666666667 -2.878 -3.06366666666667 -2.98333333333333 -2.373 -1.817 -1.23433333333333 -0.674 -0.246666666666667 -0.258333333333333 -0.940666666666667 -1.725 -3.09233333333333 -3.526
-1.51266666666667 -2.13866666666667 -2.878 -3.06366666666667 -2.98333333333333 -2.373 -1.817 -1.23433333333333 -0.674 -0.246666666666667 -0.258333333333333 -0.940666666666667 -1.725 -3.09233333333333 -3.526 -3.42366666666667 -2.512 -2.09466666666667 -1.94833333333333 -1.53466666666667 -1.16666666666667 -0.729 -0.459666666666667 -0.681333333333333 -1.28933333333333 -2.21 -2.29466666666667
-1.725 -3.09233333333333 -3.526 -3.42366666666667 -2.512 -2.09466666666667 -1.94833333333333 -1.53466666666667 -1.16666666666667 -0.729 -0.459666666666667 -0.681333333333333 -1.28933333333333 -2.21 -2.29466666666667 -2.10566666666667 -1.74333333333333 -1.58466666666667 -1.55933333333333 -1.354 -1.12566666666667 -0.833333333333333 -0.782666666666667 -1.21266666666667 -1.76733333333333 -2.52266666666667 -2.917
-1.28933333333333 -2.21 -2.29466666666667 -2.10566666666667 -1.74333333333333 -1.58466666666667 -1.55933333333333 -1.354 -1.12566666666667 -0.833333333333333 -0.782666666666667 -1.21266666666667 -1.76733333333333 -2.52266666666667 -2.917 -2.926 -2.79266666666667 -2.262 -1.83766666666667 -1.092 -0.531 -0.230333333333333 -0.384 -0.746 -1.56966666666667 -2.542 -3.85
-1.76733333333333 -2.52266666666667 -2.917 -2.926 -2.79266666666667 -2.262 -1.83766666666667 -1.092 -0.531 -0.230333333333333 -0.384 -0.746 -1.56966666666667 -2.542 -3.85 -4.22733333333333 -3.83933333333333 -2.897 -2.11233333333333 -1.60133333333333 -1.13033333333333 -0.809666666666667 -0.250333333333333 -0.253333333333333 -0.188666666666667 -0.873 -0.904666666666667
-1.56966666666667 -2.542 -3.85 -4.22733333333333 -3.83933333333333 -2.897 -2.11233333333333 -1.60133333333333 -1.13033333333333 -0.809666666666667 -0.250333333333333 -0.253333333333333 -0.188666666666667 -0.873 -0.904666666666667 -1.02033333333333 -0.892666666666667 -1.128 -1.38033333333333 -1.11333333333333 -0.821333333333333 -0.489 -0.416 -0.273666666666667 -0.823 -1.54466666666667 -2.12433333333333
-0.188666666666667 -0.873 -0.904666666666667 -1.02033333333333 -0.892666666666667 -1.128 -1.38033333333333 -1.11333333333333 -0.821333333333333 -0.489 -0.416 -0.273666666666667 -0.823 -1.54466666666667 -2.12433333333333 -2.05466666666667 -1.67133333333333 -1.40833333333333 -1.084 -0.881 -0.68 -0.474 -0.529666666666667 -0.985 -1.97833333333333 -3.14133333333333 -3.84
-0.823 -1.54466666666667 -2.12433333333333 -2.05466666666667 -1.67133333333333 -1.40833333333333 -1.084 -0.881 -0.68 -0.474 -0.529666666666667 -0.985 -1.97833333333333 -3.14133333333333 -3.84 -3.797 -3.23233333333333 -2.543 -1.94066666666667 -1.41566666666667 -0.823666666666667 -0.165666666666667 0.434333333333333 0.102 -0.956666666666667 -2.12166666666667 -2.575
