489.311659813116
462.213630558752
541.561392734154
519.11
442.087298569178
372.499797349743
489.311659813116
489.311659813116
519.11
541.561392734154
462.213630558752
519.11
519.11
519.11
541.561392734154
442.087298569178
519.11
519.11
489.311659813116
519.11
519.11
541.561392734154
519.11
541.561392734154
462.213630558752
541.561392734154
442.087298569178
519.11
519.11
442.087298569178
462.213630558752
519.11
489.311659813116
519.11
462.213630558752
489.311659813116
442.087298569178
462.213630558752
541.561392734154
442.087298569178
489.311659813116
489.311659813116
541.561392734154
462.213630558752
462.213630558752
519.11
519.11
541.561392734154
519.11
519.11
442.087298569178
519.11
519.11
541.561392734154
519.11
519.11
541.561392734154
541.561392734154
519.11
519.11
519.11
442.087298569178
519.11
519.11
519.11
519.11
519.11
489.311659813116
519.11
489.311659813116
519.11
462.213630558752
462.213630558752
462.213630558752
541.561392734154
462.213630558752
519.11
442.087298569178
442.087298569178
462.213630558752
372.499797349743
462.213630558752
489.311659813116
372.499797349743
462.213630558752
519.11
519.11
442.087298569178
519.11
442.087298569178
519.11
372.499797349743
372.499797349743
442.087298569178
541.561392734154
519.11
489.311659813116
519.11
519.11
541.561392734154
489.311659813116
519.11
489.311659813116
519.11
541.561392734154
519.11
541.561392734154
541.561392734154
541.561392734154
519.11
519.11
519.11
442.087298569178
519.11
489.311659813116
541.561392734154
519.11
541.561392734154
442.087298569178
372.499797349743
541.561392734154
541.561392734154
519.11
489.311659813116
519.11
462.213630558752
541.561392734154
519.11
519.11
519.11
519.11
519.11
519.11
462.213630558752
442.087298569178
519.11
489.311659813116
541.561392734154
442.087298569178
519.11
372.499797349743
462.213630558752
519.11
442.087298569178
519.11
519.11
519.11
519.11
519.11
372.499797349743
489.311659813116
519.11
462.213630558752
541.561392734154
519.11
372.499797349743
541.561392734154
462.213630558752
519.11
489.311659813116
519.11
519.11
541.561392734154
541.561392734154
462.213630558752
372.499797349743
462.213630558752
372.499797349743
519.11
519.11
462.213630558752
519.11
541.561392734154
519.11
541.561392734154
372.499797349743
372.499797349743
462.213630558752
462.213630558752
442.087298569178
462.213630558752
519.11
541.561392734154
541.561392734154
541.561392734154
442.087298569178
489.311659813116
541.561392734154
519.11
462.213630558752
519.11
462.213630558752
541.561392734154
519.11
519.11
519.11
372.499797349743
519.11
541.561392734154
519.11
541.561392734154
541.561392734154
462.213630558752
519.11
462.213630558752
541.561392734154
489.311659813116
462.213630558752
541.561392734154
541.561392734154
489.311659813116
519.11
519.11
519.11
519.11
519.11
442.087298569178
519.11
462.213630558752
541.561392734154
442.087298569178
519.11
462.213630558752
519.11
519.11
541.561392734154
541.561392734154
372.499797349743
541.561392734154
372.499797349743
519.11
462.213630558752
489.311659813116
519.11
541.561392734154
541.561392734154
519.11
519.11
519.11
519.11
462.213630558752
519.11
519.11
541.561392734154
541.561392734154
541.561392734154
442.087298569178
519.11
442.087298569178
519.11
519.11
541.561392734154
372.499797349743
462.213630558752
462.213630558752
462.213630558752
519.11
462.213630558752
519.11
442.087298569178
519.11
462.213630558752
462.213630558752
541.561392734154
519.11
489.311659813116
372.499797349743
519.11
372.499797349743
519.11
519.11
442.087298569178
519.11
541.561392734154
462.213630558752
462.213630558752
442.087298569178
519.11
372.499797349743
541.561392734154
519.11
519.11
541.561392734154
519.11
489.311659813116
489.311659813116
519.11
462.213630558752
541.561392734154
541.561392734154
462.213630558752
442.087298569178
519.11
442.087298569178
519.11
462.213630558752
489.311659813116
442.087298569178
442.087298569178
372.499797349743
