1948   25.345   25.183   25.358   26.305   26.602   27.359   27.206   27.701   27.118   26.758   26.476   26.049
1949   25.656   25.465   25.621   26.548   27.327   27.596   27.566   27.491   27.448   27.142   26.756   26.680
1950   26.072   25.852   26.370   26.650   27.236   27.457   27.520   27.711   27.530   27.086   27.014   26.301
1951   26.133   25.976   26.124   26.912   27.338   27.605   27.712   27.591   27.716   27.672   27.436   26.740
1952   26.142   26.217   26.364   26.808   27.560   27.908   27.884   27.539   27.393   27.563   27.418   26.893
1953   26.041   26.107   26.544   26.836   27.572   28.048   27.948   27.841   27.557   27.554   27.483   26.764
1954   26.184   25.932   26.168   26.841   27.261   27.617   27.647   27.731   27.341   27.047   26.955   25.999
1955   25.411   25.806   25.783   26.469   26.908   27.091   27.209   27.529   27.326   27.215   27.074   26.115
1956   25.581   25.584   25.717   26.661   27.017   27.238   27.534   27.580   27.276   27.127   27.033   26.483
1957   25.846   25.289   25.831   26.565   27.117   27.565   27.362   27.420   27.311   26.820   26.724   26.281
1958   25.593   25.830   25.578   26.383   26.770   27.341   27.350   27.388   27.317   27.352   26.977   26.280
1959   25.389   25.523   25.827   26.269   27.058   27.856   27.611   27.475   27.435   27.313   27.319   26.699
1960   25.993   25.860   26.007   26.938   27.403   27.458   27.758   27.779   27.267   27.325   27.124   26.529
1961   25.480   25.845   25.855   26.711   27.215   27.526   27.033   27.023   26.918   26.519   26.144   26.098
1962   25.411   24.974   25.802   26.044   26.926   26.987   27.232   26.966   27.058   26.993   26.685   25.767
1963   24.689   24.475   25.220   26.094   26.690   27.212   26.889   27.203   27.501   26.716   26.674   26.466
1964   26.129   25.696   25.980   26.621   27.364   27.780   27.729   27.762   27.685   27.631   27.232   26.855
1965   25.867   25.649   25.760   26.508   27.315   27.354   27.185   27.574   27.563   27.137   27.194   26.416
1966   25.591   25.564   26.054   26.907   27.436   27.907   27.986   28.051   28.018   27.806   27.718   27.081
1967   25.997   25.898   25.884   26.717   27.622   27.901   27.946   27.762   27.818   27.747   27.127   26.418
1968   25.665   25.534   26.092   26.336   27.686   28.116   28.189   27.939   27.783   27.282   26.979   26.396
1969   25.913   25.712   26.221   26.839   27.828   28.113   28.040   27.833   28.153   28.050   27.893   27.205
1970   26.409   26.212   26.602   27.044   27.878   28.380   28.304   28.052   28.067   28.170   27.784   27.132
1971   25.672   25.972   26.224   27.047   27.716   27.826   27.606   27.672   27.927   27.746   27.450   27.019
1972   25.998   25.955   25.516   26.176   27.165   27.807   28.039   27.517   27.807   27.490   27.220   26.612
1973   25.871   25.720   26.067   26.993   27.760   28.294   28.188   28.134   28.069   27.770   27.592   27.111
1974   25.665   26.054   25.678   26.794   27.484   27.863   28.083   28.261   27.957   28.091   27.597   26.917
1975   25.858   25.748   26.150   26.682   27.674   27.849   27.774   27.541   27.779   27.803   27.107   26.506
1976   25.798   25.411   26.045   26.636   27.424   27.504   27.599   27.537   27.670   27.888   27.599   26.945
1977   26.474   25.867   25.993   26.829   27.769   28.273   28.149   28.390   28.067   27.805   27.468   26.602
1978   25.819   25.314   26.337   27.147   27.993   28.197   28.405   27.990   27.909   28.038   27.319   26.802
1979   25.777   25.888   26.249   26.983   27.730   28.031   28.114   27.771   28.249   27.765   27.534   26.485
1980   25.780   25.411   25.962   26.851   27.633   28.050   28.243   28.253   28.141   27.991   27.611   26.992
1981   25.760   25.706   26.125   27.225   28.123   28.596   28.240   28.422   28.245   28.037   27.494   26.819
1982   26.162   25.794   26.321   26.940   27.766   28.342   28.134   27.819   27.780   27.461   27.141   26.806
1983   25.713   25.718   25.901   26.682   27.422   28.249   28.366   28.356   28.601   28.220   27.873   26.931
1984   26.187   25.850   26.688   27.640   28.574   28.323   28.609   28.469   28.391   28.218   27.706   27.152
1985   26.433   26.506   26.733   27.253   27.650   28.509   28.114   28.275   27.900   27.930   27.844   27.287
1986   26.406   25.881   26.373   27.181   28.129   28.755   28.487   28.505   28.100   27.869   27.735   26.488
1987   25.753   25.511   26.248   27.113   28.117   28.734   28.547   28.422   28.312   28.155   27.927   27.384
1988   26.764   26.213   26.896   27.328   28.316   28.604   28.673   28.507   28.629   28.247   27.686   27.118
1989   26.898   26.595   26.417   27.494   28.230   28.455   28.481   28.125   28.082   27.844   27.190   26.321
1990   25.965   25.735   25.856   26.931   27.843   28.375   28.300   28.290   27.452   27.797   27.542   26.435
1991   25.689   25.397   25.978   26.912   27.617   28.253   28.361   28.279   28.076   27.448   26.996   26.096
1992   25.447   25.338   25.789   26.645   27.499   28.094   27.929   28.118   27.728   27.763   25.708   24.987
1993   24.491   24.132   25.624   26.674   27.488   28.293   28.315   27.784   27.819   27.799   27.709   27.097
1994   26.081   25.717   26.102   27.156   27.840   28.281   28.226   28.053   27.790   27.708   26.957   26.306
1995   25.755   25.372   25.730   26.592   27.586   28.159   28.393   28.342   28.368   28.073   27.955   27.196
1996   26.322   25.951   26.363   27.092   27.955   28.528   28.808   28.445   28.477   28.265   27.744   26.310
1997   25.630   25.841   26.056   27.151   28.066   28.563   28.414   28.040   28.367   28.695   27.753   27.217
1998   26.399   26.139   26.133   26.990   27.873   28.607   28.970   28.956   28.787   28.479   28.383   27.919
1999   27.025   26.648   27.605   27.650   28.164   28.336   28.646   28.359   28.138   28.357   28.046   27.698
2000   26.613   26.511   27.157   27.911   28.177   28.765   28.363   28.495   28.312   28.346   28.312   27.828
2001   27.138   26.886   27.031   27.899   28.546   28.714   28.142   28.361   28.370   28.455   27.934   26.863
2002   25.979   25.718   26.782   27.192   28.007   28.683   28.232   27.794   28.145   28.219   27.887   26.945
2003   26.098   25.640   26.174   27.294   28.069   28.411   28.429   28.337   28.141   27.996   28.042   26.709
2004   25.978   26.252   26.999   27.702   28.005   28.239   27.852   28.086   27.635   27.593   27.524   27.136
2005   26.044   25.830   26.260   26.980   27.996   28.522   28.376   28.052   27.840   27.622   27.419   26.562
2006   26.084   25.810   26.327   27.279   27.908   28.547   28.033   27.862   28.209   27.734   27.847   27.369
2007   26.549   26.077   26.117   27.106   27.920   28.493   28.493   28.071   27.974   28.029   27.902   27.578
2008   26.942   26.544   26.546   27.625   27.973   28.035   28.153   28.166   28.480   28.303   28.280   27.630
2009   26.999   26.841   26.811   27.666   28.075   28.340   28.263   28.471   28.177   28.001   27.597   26.817
2010   26.218   26.068   26.640   27.248   28.101   28.701   28.454   28.330   28.371   28.329   27.910   27.718
2011   26.574   26.499   26.541   26.993   28.269   28.327   27.936   28.019   28.047   27.881   27.842   27.305
2012   26.593   26.448   26.664   27.286   28.264   28.401   28.122   27.942   27.924   27.570   27.544   27.252
2013   26.657   26.316   26.733   27.681   28.441   28.520   28.320   28.275   28.178   27.865   27.577   27.246
2014   26.369   26.068   26.423   27.463   28.317 -999.999 -999.999 -999.999 -999.999 -999.999 -999.999 -999.999