1948   -1.901   -2.635   -0.871   -1.291   -2.028   -1.951   -2.164   -2.152   -3.167   -2.919   -2.678   -1.585
1949   -2.383   -2.483   -3.308   -3.866   -2.444   -1.962   -2.201   -2.005   -1.966   -2.840   -3.497   -3.706
1950   -3.935   -3.773   -5.171   -3.213   -3.854   -3.136   -1.971   -3.625   -4.025   -3.891   -3.824   -3.768
1951   -4.106   -3.958   -2.752   -3.180   -2.305   -0.876   -2.730   -2.194   -2.926   -1.967   -3.326   -2.103
1952   -3.438   -4.256   -3.521   -2.801   -3.434   -2.871   -2.082   -1.392   -2.323   -2.039   -2.092   -0.750
1953   -2.711   -3.264   -1.934   -2.978   -0.725   -2.271   -1.614   -1.699   -2.410   -2.502   -3.038   -3.401
1954   -3.878   -3.545   -3.367   -2.680   -3.012   -2.709   -2.533   -3.605   -3.468   -3.524   -3.420   -4.086
1955   -3.159   -5.119   -4.216   -1.973   -2.975   -2.351   -2.463   -3.827   -3.855   -4.596   -4.134   -3.650
1956   -3.885   -4.209   -4.308   -3.470   -3.389   -2.643   -2.890   -3.036   -2.067   -3.206   -2.151   -2.784
1957   -3.182   -1.696   -2.869   -1.388   -1.378    0.157   -0.526   -0.596    0.303    0.102    2.698    1.114
1958   -0.837   -1.704   -2.552   -3.506   -3.290   -3.207   -2.299   -2.973   -1.910   -2.363   -0.758   -0.204
1959   -2.220   -0.117   -2.114   -1.473   -2.067   -1.787   -1.774   -2.541   -3.422   -2.083   -3.169   -2.502
1960   -2.614   -3.127   -2.627   -2.354   -2.448   -2.063   -3.363   -3.175   -2.384   -1.937   -1.961   -2.719
1961   -2.878   -3.596   -1.713   -1.932   -2.579   -2.069   -1.976   -2.648   -2.119   -2.918   -2.125   -3.476
1962   -3.378   -3.673   -3.165   -2.239   -2.925   -3.277   -2.797   -3.494   -2.791   -4.094   -3.079   -3.825
1963   -4.218   -3.673   -3.018   -2.988   -3.657   -2.411   -2.959   -2.761   -2.824   -2.564   -0.796   -0.733
1964   -2.225   -3.493   -2.868   -4.053   -3.548   -3.752   -3.778   -3.845   -4.068   -3.632   -2.424   -1.941
1965   -3.080   -3.550   -3.778   -2.832   -2.189   -1.070   -0.731   -0.618   -0.691   -0.578    0.782   -1.659
1966   -0.944   -2.553   -2.264   -1.608   -2.200   -2.170   -2.531   -3.152   -3.180   -2.606   -2.049   -3.011
1967   -4.304   -3.790   -3.091   -1.742   -1.905   -3.204   -2.590   -1.952   -2.761   -1.660   -1.857   -0.713
1968   -2.995   -2.813   -3.780   -2.133   -2.828   -3.183   -2.658   -2.398   -2.657   -2.440   -0.651   -0.884
1969    0.854   -0.428   -1.063   -2.418   -2.995   -2.788   -3.005   -2.170   -2.579   -2.114   -2.328   -2.852
1970   -1.829   -2.386   -3.286   -2.586   -2.690   -2.652   -2.836   -4.056   -3.541   -3.813   -3.395   -3.542
1971   -3.423   -4.015   -4.082   -3.514   -3.389   -3.165   -3.765   -3.716   -4.348   -3.901   -2.223   -1.743
1972   -1.515   -3.286   -2.395   -0.996   -0.673   -2.582   -1.425   -0.939   -0.066    0.468   -0.070    0.262
1973   -1.215   -1.785   -3.141   -3.057   -2.821   -3.952   -3.674   -4.200   -4.730   -4.215   -3.516   -4.084
1974   -4.067   -4.669   -3.233   -2.459   -3.775   -2.980   -3.229   -4.275   -4.068   -3.262   -1.556   -0.717
1975   -2.025   -3.551   -2.909   -2.832   -2.989   -3.249   -3.522   -3.943   -5.217   -4.034   -3.750   -4.046
1976   -3.720   -3.178   -2.891   -2.179   -2.555   -1.898   -1.162   -1.932   -1.998   -2.035   -1.962   -0.530
1977   -2.777   -3.283   -1.210   -1.606   -2.469   -2.077   -1.944   -2.385   -2.910   -2.598   -0.810    1.831
1978   -1.201   -1.529   -2.493   -2.615   -3.934   -3.424   -3.321   -3.379   -3.484   -3.343   -2.262   -0.532
1979   -0.971   -2.733   -3.092   -2.975   -3.533   -3.769   -2.890   -2.929   -2.687   -1.717   -2.279   -0.675
1980   -1.627   -2.963   -0.370   -0.400   -1.325   -1.086   -1.813   -2.116   -1.840   -2.170   -1.250   -2.044
1981   -2.636   -1.417   -0.716   -1.495   -3.562   -2.507   -3.383   -3.790   -3.015   -2.735   -2.915   -1.148
1982   -2.852   -2.469   -2.112   -2.129   -2.093   -1.091   -0.601    0.611   -0.136    1.151    3.877   -1.240
1983   -1.601   -2.211   -1.706   -2.270   -2.271   -2.746   -2.645   -3.388   -3.264   -2.741   -2.601   -3.041
1984   -4.064   -4.336   -3.951   -3.764   -3.813   -2.299   -3.201   -2.604   -3.000   -2.678   -2.182   -2.308
1985   -3.068   -4.030   -3.042   -2.850   -3.175   -2.744   -2.673   -3.376   -3.276   -2.213   -1.469   -1.981
1986   -2.972   -2.606   -3.855   -1.815   -1.781   -2.574   -1.969   -3.186   -1.416   -1.517    0.338    1.914
1987   -2.028   -1.002   -1.604   -1.027   -0.176   -2.087   -0.387   -1.362   -1.864   -1.669   -1.680   -0.570
1988   -2.180   -2.796   -3.494   -2.534   -3.231   -3.089   -3.040   -3.959   -4.934   -3.986   -5.049   -4.252
1989   -4.578   -4.478   -4.301   -4.153   -3.594   -3.215   -4.190   -3.435   -3.516   -3.227   -1.267   -1.189
1990   -0.808    1.344   -0.913   -2.381   -3.019   -2.350   -2.456   -2.824   -2.535   -2.939   -0.431    0.255
1991   -1.411   -1.544   -2.241   -1.750   -2.728   -2.372   -1.828   -2.217   -1.323   -1.731    1.604    1.814
1992    1.420   -0.135   -0.128   -0.123   -1.794   -2.285   -1.933   -2.649   -1.834   -2.567   -0.095    0.938
1993   -0.405    0.963   -1.297   -0.755   -2.079   -1.477   -2.264   -1.686   -2.497   -1.757   -2.480   -1.501
1994   -2.847   -3.063   -2.879   -2.642   -2.450   -2.179   -1.543   -0.817   -1.571   -0.223    1.448    2.147
1995   -0.625   -1.438   -2.407   -1.439   -2.189   -3.200   -2.813   -3.693   -3.090   -3.511   -2.883   -1.704
1996   -3.172   -3.621   -3.730   -3.584   -2.604   -3.215   -2.951   -3.852   -3.385   -2.967   -2.157   -1.383
1997   -1.446   -3.160    0.839    0.391   -0.050    0.972   -1.248    2.155    1.557    3.920    0.203   -0.150
1998   -1.690   -2.181   -2.454   -3.208   -3.626   -3.481   -4.076   -3.683   -4.133   -3.995   -4.007   -4.068
1999   -6.328   -5.685   -6.314   -5.657   -4.689   -3.985   -4.331   -4.800   -4.000   -4.739   -3.687   -4.549
2000   -4.181   -6.128   -5.482   -5.683   -4.609   -4.909   -3.066   -3.484   -3.054   -3.887   -3.889   -4.539
2001   -5.664   -5.249   -5.162   -4.755   -3.380   -3.224   -2.202   -2.701   -2.560   -2.640   -1.915    0.379
2002   -2.327   -1.872   -2.823   -3.130   -2.603   -3.836   -1.158   -0.479    0.837    0.429   -1.332   -0.498
2003   -1.546   -2.324   -3.800   -3.313   -3.490   -3.241   -3.549   -3.092   -3.015   -2.398   -2.948   -3.236
2004   -1.886   -3.717   -3.060   -3.220   -3.547   -1.916   -2.165   -1.633   -2.486   -1.956   -1.954   -1.528
2005   -3.006    0.563   -3.516   -3.442   -3.607   -4.186   -3.591   -2.613   -3.028   -3.763   -3.312   -4.566
2006   -4.763   -4.794   -4.339   -4.598   -2.881   -3.104   -2.055   -1.033   -2.121    0.655   -0.700   -2.747
2007   -2.149   -3.864   -4.429   -4.878   -3.573   -5.193   -3.911   -4.037   -5.037   -3.921   -4.478   -5.514
2008   -4.605   -6.249   -5.794   -5.619   -4.431   -4.967   -5.328   -5.116   -4.130   -4.706   -5.276   -4.322
2009   -5.122   -6.601   -4.185   -4.396   -3.787   -2.947   -3.056   -2.342   -1.870   -0.291   -2.263   -0.473
2010   -1.120   -1.304   -3.530   -3.899   -5.037   -4.798   -5.402   -5.712   -5.608   -5.406   -5.055   -5.466
2011   -4.591   -4.842   -6.203   -5.645   -4.850   -5.400   -4.933   -4.606   -5.908   -3.681   -4.010   -5.959
2012   -4.916   -6.544   -5.366   -4.118   -4.463   -4.545   -4.415   -3.917   -3.176   -2.907   -3.003   -2.837
2013   -2.994   -5.056   -5.394   -5.388   -5.193   -4.494   -4.552   -3.602   -3.400   -2.272   -3.362   -3.845
2014   -3.834   -1.993   -1.712   -3.103   -3.155 -999.999 -999.999 -999.999 -999.999 -999.999 -999.999 -999.999