1948   -5.519   -2.710   -2.186    1.170    2.583    4.096    3.842    5.494    3.108    0.832   -0.678   -1.324
1949   -4.320   -3.477   -2.491   -0.851    1.386    3.104    1.689    1.734    1.844    1.700   -2.281   -2.051
1950   -2.053   -2.142   -1.708   -0.819    0.610    2.733    3.017    3.176    2.651    0.353   -2.196   -6.246
1951   -4.409   -4.428   -4.423   -1.389    0.846    2.155    0.294    1.767    0.363   -0.375   -3.210   -3.997
1952   -4.299   -4.459   -2.799   -1.242    0.455    1.343    2.302    2.185   -0.027   -0.441   -1.706   -3.853
1953   -5.509   -4.449   -3.128   -2.487    0.668    0.739    1.436    2.835    0.600   -1.076   -1.464   -3.832
1954   -3.023   -2.474   -2.920   -1.493   -0.766    0.406    0.412    2.618    2.377   -0.055   -0.614   -5.235
1955   -5.338   -3.982   -3.601   -2.120    0.146    0.590    1.459    0.956    0.331    0.625   -1.666   -5.069
1956   -5.153   -3.508   -4.482   -1.137   -0.378    0.244    1.014    1.359    2.346   -1.012   -1.940   -3.332
1957   -4.416   -5.293   -3.708   -2.506   -0.721    1.685    0.375    1.801    1.950   -2.286   -3.196   -4.159
1958   -5.066   -3.304   -3.559   -2.573   -0.457    2.128    1.977   -0.371    1.551   -0.667   -3.669   -5.351
1959   -6.479   -4.367   -4.121   -3.039   -0.232    0.910    0.602    2.201   -0.065   -0.310   -2.154   -4.554
1960   -4.150   -3.702   -2.702   -1.445    0.028    1.616    0.820    4.510    0.206    0.070   -3.733   -4.196
1961   -8.321   -4.825   -3.893   -2.644    0.516    0.970    1.842    1.977    0.730   -2.560   -3.534   -3.983
1962   -5.887   -6.155   -3.115   -3.401    0.045    0.455    2.319    1.126   -0.069   -0.609   -3.130   -5.318
1963   -6.991   -7.447   -6.024   -4.281   -1.154    2.485    0.336    0.641    0.756   -2.643   -3.288   -2.869
1964   -4.133   -5.667   -3.292   -2.186    0.308    1.897    1.357    3.296    1.496    0.058   -0.891   -2.893
1965   -4.683   -5.104   -3.350   -0.987    1.087    2.549    1.791    1.572    0.784   -1.848   -2.041   -4.041
1966   -3.704   -2.543   -1.287   -0.872    1.972    1.393    1.054    2.239    3.380   -1.808   -1.221   -2.371
1967   -6.392   -5.655   -4.894   -1.947    0.157    2.084    2.206    2.630    1.433   -0.620   -2.915   -4.350
1968   -5.207   -5.026   -3.088   -2.699    0.076    0.823    2.706    3.573    2.145   -2.622   -4.315   -5.145
1969   -4.088   -4.139   -2.736   -2.326    0.446    1.898    1.657    1.375    2.132   -1.563   -2.059   -3.994
1970   -4.149   -4.302   -2.773   -1.979   -0.316    1.551    1.752    3.002    1.326   -0.058   -1.883   -3.363
1971   -6.605   -4.507   -5.143   -3.424   -0.049    1.289    2.626    1.529    1.712    0.571   -2.130   -3.306
1972   -4.159   -3.252   -4.434   -2.315   -0.248    0.547    4.864    1.577    0.276   -2.422   -2.838   -3.027
1973   -2.965   -3.728   -4.026   -1.243    0.246    2.206    2.485    2.549    0.640    0.273   -1.554   -2.949
1974   -5.555   -4.745   -5.567   -2.409   -0.464    1.540    1.546    4.055    0.629    1.342   -1.672   -3.370
1975   -5.309   -4.110   -2.346   -1.416    0.871    2.075    1.283    3.335    1.257    1.525   -4.223   -3.158
1976   -5.208   -4.616   -4.389   -2.716    2.114    2.128    2.232    1.210    1.032   -1.004   -1.635   -3.181
1977   -1.687   -4.662   -4.630   -2.226    0.636    0.914    2.001    2.908    3.746   -2.831   -2.034   -4.342
1978   -4.630   -4.936   -2.082   -1.554    0.564    1.952    2.540    3.540    1.347   -0.382   -3.408   -3.759
1979   -5.709   -3.650   -3.631   -0.983    1.258    0.964    3.413    3.297    0.003   -1.056   -2.680   -5.280
1980   -3.931   -5.126   -3.730   -2.351    0.027    0.487    1.625    1.194    0.863   -0.508   -1.944   -3.217
1981   -7.276   -4.562   -3.542   -1.747    0.547    2.603    1.410    4.360    0.376   -1.436   -2.868   -6.166
1982   -6.145   -4.778   -3.408   -1.503    0.313    1.527    2.356    2.705    2.365   -1.499   -2.329   -1.145
1983   -3.228   -1.714   -0.800   -1.308    0.703    1.501    1.147    2.865    0.694   -0.870   -1.315   -5.478
1984   -4.381   -4.954   -2.156   -0.322    1.306    2.904    1.522    4.486    0.127   -0.948   -2.267   -4.615
1985   -6.395   -2.700   -3.460   -0.689   -0.914    2.852    1.079    3.524    0.219    0.277   -2.606   -3.182
1986   -5.140   -5.454   -3.421   -3.118    1.336    1.675    1.640    4.789    0.975   -0.700   -1.103   -5.909
1987   -6.045   -5.409   -2.880   -1.302    0.498    2.602    2.298    1.398    2.244   -0.723   -1.720   -2.997
1988   -2.778   -3.194   -1.951   -1.355    1.337    2.226    2.452    1.421    1.375    0.951   -3.069   -4.178
1989   -4.240   -3.564   -3.071   -2.060    0.777    1.400    2.670    3.112    2.336   -0.753   -4.370   -5.100
1990   -4.851   -3.782   -4.744   -1.627    0.289    1.357    1.327    4.318    1.025   -1.257   -3.554   -5.263
1991   -4.616   -3.920   -3.866   -1.999   -1.490    0.613    1.703    3.329    1.271   -0.049   -2.803   -4.552
1992   -3.822   -3.428   -2.100   -0.599    0.652    1.595    0.790    2.502    0.968   -0.247   -3.469   -4.700
1993   -3.856   -4.234   -3.956   -2.254   -0.667    0.995    1.295    1.678    1.192   -0.270   -1.982   -3.289
1994   -4.091   -4.212   -4.421   -1.369    0.670    0.780    3.433    1.248    0.115    0.133   -4.613   -5.073
1995   -4.865   -4.401   -3.581   -2.851   -0.314    1.675    0.917    1.296    1.986   -0.939   -1.843   -3.392
1996   -4.911   -5.585   -2.972   -1.125    1.084    0.262    2.414    1.505    2.313   -0.183   -1.797   -7.112
1997   -5.252   -4.914   -3.933   -2.954    0.692    1.382    0.981    1.884   -0.040   -0.877   -2.384   -4.097
1998   -2.867   -1.059   -1.317   -0.701    1.031    1.170    1.124    1.317    2.672    1.238   -0.349   -2.172
1999   -3.201   -5.721   -0.724   -0.076    0.934    2.227    2.473    1.914    2.290   -0.414   -2.496   -2.241
2000   -4.849   -3.002   -0.872   -0.227    1.094    1.133    2.526    0.855    2.339   -0.617   -1.978   -2.205
2001   -2.903   -3.223   -1.926   -0.703    0.805    0.335    1.784    2.900    1.580   -0.870   -2.540   -5.304
2002   -5.343   -6.264   -3.404   -2.780   -0.749    0.352    3.965    0.891   -0.701   -1.884   -3.023   -2.903
2003   -4.478   -4.258   -3.602   -1.939    0.474    0.517   -0.010    1.465    0.615   -0.972   -2.619   -6.026
2004   -4.372   -4.674   -3.112   -2.649   -0.234    1.549    0.464    3.398   -0.327   -0.898   -2.834   -3.706
2005   -5.952   -3.619   -3.925   -2.720    0.249    1.370    0.445    2.242    1.263   -0.358   -1.583   -3.995
2006   -4.423   -5.163   -3.114   -1.987   -0.612    0.340    1.853    2.782    0.384   -0.389   -2.204   -3.393
2007   -4.470   -4.408   -3.416   -2.085   -0.273    0.271    0.968    1.683    1.996   -0.009   -1.371   -3.251
2008   -3.801   -3.947   -2.113   -1.476    2.010    0.939    2.080    1.629    1.893   -0.447   -1.276   -3.261
2009   -4.229   -3.808   -2.409   -0.824    0.222    1.998    0.498    2.680    1.480    0.442   -3.994   -5.454
2010   -5.212   -2.917   -3.898   -1.812    0.321    1.303    0.871    1.926    0.689    0.816   -1.160   -2.407
2011   -5.276   -4.025   -4.757   -3.138    0.640    1.510    2.239    2.908    2.283    0.124   -1.777   -3.455
2012   -3.656   -3.556   -3.277   -1.302    0.410    2.927    2.339    3.297    1.738   -0.855   -3.084   -3.328
2013   -4.151   -4.556   -3.295   -0.430    0.377    1.789    1.146    2.090    1.530   -0.604   -2.604   -2.702
2014   -6.329   -5.081   -4.541   -2.773    0.004 -999.999 -999.999 -999.999 -999.999 -999.999 -999.999 -999.999