363.153777991025
363.153777991025
421.265485712116
584.362600456167
584.362600456167
428.080190777412
584.362600456167
584.362600456167
421.265485712116
421.265485712116
584.362600456167
584.362600456167
584.362600456167
363.153777991025
428.080190777412
421.265485712116
584.362600456167
421.265485712116
421.265485712116
476.941188377531
428.080190777412
584.362600456167
421.265485712116
421.265485712116
584.362600456167
359.823711941885
584.362600456167
584.362600456167
421.265485712116
359.823711941885
421.265485712116
359.823711941885
584.362600456167
363.153777991025
359.823711941885
428.080190777412
584.362600456167
421.265485712116
428.080190777412
584.362600456167
421.265485712116
363.153777991025
584.362600456167
428.080190777412
421.265485712116
584.362600456167
584.362600456167
428.080190777412
584.362600456167
584.362600456167
584.362600456167
421.265485712116
421.265485712116
428.080190777412
476.941188377531
421.265485712116
428.080190777412
584.362600456167
476.941188377531
421.265485712116
584.362600456167
584.362600456167
359.823711941885
476.941188377531
428.080190777412
584.362600456167
363.153777991025
584.362600456167
363.153777991025
584.362600456167
584.362600456167
421.265485712116
359.823711941885
363.153777991025
359.823711941885
421.265485712116
584.362600456167
363.153777991025
421.265485712116
421.265485712116
421.265485712116
584.362600456167
421.265485712116
359.823711941885
359.823711941885
363.153777991025
584.362600456167
421.265485712116
476.941188377531
421.265485712116
421.265485712116
428.080190777412
363.153777991025
363.153777991025
584.362600456167
584.362600456167
363.153777991025
584.362600456167
421.265485712116
363.153777991025
476.941188377531
363.153777991025
421.265485712116
421.265485712116
584.362600456167
428.080190777412
428.080190777412
428.080190777412
584.362600456167
363.153777991025
584.362600456167
584.362600456167
584.362600456167
584.362600456167
584.362600456167
359.823711941885
363.153777991025
421.265485712116
359.823711941885
476.941188377531
584.362600456167
584.362600456167
584.362600456167
363.153777991025
584.362600456167
476.941188377531
584.362600456167
584.362600456167
584.362600456167
428.080190777412
428.080190777412
584.362600456167
584.362600456167
428.080190777412
476.941188377531
584.362600456167
584.362600456167
584.362600456167
584.362600456167
421.265485712116
584.362600456167
363.153777991025
584.362600456167
476.941188377531
421.265485712116
428.080190777412
421.265485712116
584.362600456167
584.362600456167
584.362600456167
421.265485712116
428.080190777412
359.823711941885
363.153777991025
584.362600456167
363.153777991025
584.362600456167
428.080190777412
359.823711941885
584.362600456167
363.153777991025
363.153777991025
421.265485712116
421.265485712116
428.080190777412
363.153777991025
584.362600456167
363.153777991025
421.265485712116
428.080190777412
584.362600456167
363.153777991025
421.265485712116
584.362600456167
584.362600456167
428.080190777412
428.080190777412
363.153777991025
584.362600456167
584.362600456167
476.941188377531
584.362600456167
584.362600456167
421.265485712116
584.362600456167
584.362600456167
584.362600456167
476.941188377531
584.362600456167
584.362600456167
421.265485712116
584.362600456167
421.265485712116
359.823711941885
363.153777991025
584.362600456167
428.080190777412
421.265485712116
476.941188377531
584.362600456167
359.823711941885
428.080190777412
421.265485712116
584.362600456167
421.265485712116
476.941188377531
584.362600456167
428.080190777412
476.941188377531
359.823711941885
584.362600456167
363.153777991025
359.823711941885
421.265485712116
421.265485712116
428.080190777412
421.265485712116
584.362600456167
359.823711941885
584.362600456167
584.362600456167
363.153777991025
584.362600456167
421.265485712116
428.080190777412
584.362600456167
428.080190777412
584.362600456167
359.823711941885
359.823711941885
584.362600456167
359.823711941885
584.362600456167
584.362600456167
476.941188377531
584.362600456167
421.265485712116
584.362600456167
584.362600456167
584.362600456167
584.362600456167
363.153777991025
359.823711941885
584.362600456167
584.362600456167
584.362600456167
584.362600456167
359.823711941885
476.941188377531
428.080190777412
476.941188377531
476.941188377531
584.362600456167
359.823711941885
428.080190777412
584.362600456167
584.362600456167
428.080190777412
359.823711941885
428.080190777412
476.941188377531
584.362600456167
421.265485712116
476.941188377531
584.362600456167
428.080190777412
584.362600456167
584.362600456167
428.080190777412
584.362600456167
584.362600456167
428.080190777412
359.823711941885
421.265485712116
359.823711941885
359.823711941885
359.823711941885
584.362600456167
421.265485712116
584.362600456167
584.362600456167
584.362600456167
359.823711941885
584.362600456167
421.265485712116
584.362600456167
363.153777991025
359.823711941885
584.362600456167
421.265485712116
476.941188377531
584.362600456167
584.362600456167
584.362600456167
584.362600456167
584.362600456167
584.362600456167
421.265485712116
428.080190777412
584.362600456167
