-0.84
-0.58
-0.58
-0.84
-0.58
-0.58
0.99
-0.05
-0.84
-0.84
-0.05
-0.84
-0.58
-0.84
-0.84
-0.84
-0.84
-0.58
-0.84
-0.84
-0.58
0.99
-0.05
1.17
-0.05
-0.84
-0.84
-0.84
-0.58
-0.99
-0.84
-0.05
-0.84
0.99
-0.84
-0.99
-0.84
-0.99
0.99
-0.84
-0.84
-0.84
-0.99
-0.84
-0.05
1.17
-0.05
-0.84
-0.58
-0.58
-0.58
-0.84
-0.58
-0.84
-0.84
1.17
-0.84
-0.05
-0.84
0.99
0.99
-0.58
0.99
-0.84
0.99
-0.58
-0.84
-0.84
-0.84
-0.84
1.17
-0.84
-0.84
-0.84
-0.05
-0.84
-0.84
-0.84
-0.05
-0.84
-0.84
-0.84
-0.84
-0.84
-0.84
-0.84
-0.84
1.17
-0.05
-0.58
-0.84
-0.05
-0.05
-0.58
-0.84
-0.05
-0.84
-0.99
-0.99
-0.84
1.17
1.17
-0.58
0.99
-0.84
0.99
0.99
-0.84
-0.05
1.17
-0.58
-0.58
-0.58
-0.05
-0.58
-0.84
-0.05
-0.05
-0.58
-0.84
-0.58
-0.84
-0.99
-0.84
-0.84
-0.84
-0.58
-0.84
-0.84
-0.84
-0.84
-0.84
-0.58
-0.84
-0.58
-0.84
-0.84
1.17
-0.58
-0.84
-0.84
-0.84
-0.84
-0.58
-0.84
-0.99
-0.84
-0.84
-0.58
-0.84
-0.84
-0.58
-0.84
0.99
-0.05
-0.84
-0.84
-0.58
-0.84
-0.84
-0.84
-0.84
-0.05
-0.84
-0.84
-0.84
-0.84
-0.84
-0.05
-0.84
-0.99
0.99
-0.05
1.17
-0.58
-0.58
-0.84
-0.58
-0.84
-0.84
-0.05
0.99
1.17
-0.84
-0.58
-0.84
1.17
-0.58
-0.58
0.99
-0.58
0.99
-0.84
1.17
-0.84
-0.84
-0.84
-0.84
-0.84
-0.84
-0.99
-0.05
-0.58
-0.05
-0.84
-0.58
-0.99
-0.84
-0.99
-0.05
-0.05
-0.05
-0.58
-0.58
-0.84
-0.84
-0.58
-0.84
-0.84
-0.84
-0.84
-0.84
-0.58
-0.58
-0.84
-0.84
-0.05
-0.58
1.17
-0.84
-0.84
1.17
-0.84
-0.58
-0.58
-0.84
-0.05
-0.84
0.99
-0.84
-0.84
-0.99
-0.99
-0.84
-0.84
0.99
1.17
-0.84
-0.84
-0.84
-0.84
-0.84
-0.84
-0.84
-0.84
-0.84
-0.84
-0.84
-0.58
-0.84
0.99
-0.58
-0.99
-0.84
1.17
1.17
-0.58
-0.84
-0.99
-0.58
0.99
-0.84
-0.84
-0.05
-0.84
-0.84
0.99
-0.05
-0.58
-0.58
-0.99
-0.58
-0.05
0.99
-0.05
-0.58
-0.99
-0.99
-0.58
-0.58
-0.84
-0.58
-0.84
-0.84
-0.84
-0.84
-0.84
1.17
-0.84
-0.99
