27.1386666666667 26.4703333333333 25.905 25.7513333333333 26.0306666666667 26.7016666666667 27.188 27.509 27.5466666666667 27.602 27.6983333333333 27.719 27.4773333333333 27.006 26.4286666666667 26.1113333333333 26.2296666666667 26.8636666666667 27.6236666666667 28.0636666666667 28.2706666666667 28.202 28.0873333333333 27.78 27.2916666666667 26.6296666666667 25.9116666666667
27.4773333333333 27.006 26.4286666666667 26.1113333333333 26.2296666666667 26.8636666666667 27.6236666666667 28.0636666666667 28.2706666666667 28.202 28.0873333333333 27.78 27.2916666666667 26.6296666666667 25.9116666666667 25.8233333333333 26.266 27.159 27.779 28.1983333333333 28.1973333333333 28.1013333333333 27.979 27.7553333333333 27.3863333333333 26.6326666666667 26.1556666666667
27.2916666666667 26.6296666666667 25.9116666666667 25.8233333333333 26.266 27.159 27.779 28.1983333333333 28.1973333333333 28.1013333333333 27.979 27.7553333333333 27.3863333333333 26.6326666666667 26.1556666666667 25.9713333333333 26.3733333333333 26.9873333333333 27.5813333333333 27.9583333333333 27.972 28.0446666666667 27.9283333333333 27.8493333333333 27.2613333333333 26.5996666666667 25.892
27.3863333333333 26.6326666666667 26.1556666666667 25.9713333333333 26.3733333333333 26.9873333333333 27.5813333333333 27.9583333333333 27.972 28.0446666666667 27.9283333333333 27.8493333333333 27.2613333333333 26.5996666666667 25.892 25.7176666666667 26.0746666666667 26.8153333333333 27.5113333333333 27.9753333333333 28.182 28.2123333333333 28.1283333333333 27.9143333333333 27.5313333333333 26.7876666666667 26.1526666666667
27.2613333333333 26.5996666666667 25.892 25.7176666666667 26.0746666666667 26.8153333333333 27.5113333333333 27.9753333333333 28.182 28.2123333333333 28.1283333333333 27.9143333333333 27.5313333333333 26.7876666666667 26.1526666666667 25.8636666666667 26.352 27.1576666666667 27.9813333333333 28.3196666666667 28.4193333333333 28.3023333333333 28.2346666666667 27.9253333333333 27.45 26.825 26.2583333333333
27.5313333333333 26.7876666666667 26.1526666666667 25.8636666666667 26.352 27.1576666666667 27.9813333333333 28.3196666666667 28.4193333333333 28.3023333333333 28.2346666666667 27.9253333333333 27.45 26.825 26.2583333333333 26.0923333333333 26.3516666666667 27.009 27.6826666666667 28.0806666666667 28.0983333333333 27.911 27.6866666666667 27.4606666666667 27.136 26.5533333333333 26.079
27.45 26.825 26.2583333333333 26.0923333333333 26.3516666666667 27.009 27.6826666666667 28.0806666666667 28.0983333333333 27.911 27.6866666666667 27.4606666666667 27.136 26.5533333333333 26.079 25.7773333333333 26.1003333333333 26.6683333333333 27.451 28.0123333333333 28.3236666666667 28.441 28.3923333333333 28.2313333333333 27.6746666666667 26.997 26.3226666666667
27.136 26.5533333333333 26.079 25.7773333333333 26.1003333333333 26.6683333333333 27.451 28.0123333333333 28.3236666666667 28.441 28.3923333333333 28.2313333333333 27.6746666666667 26.997 26.3226666666667 26.2416666666667 26.726 27.634 28.179 28.502 28.467 28.4896666666667 28.3593333333333 28.105 27.692 27.097 26.697
27.6746666666667 26.997 26.3226666666667 26.2416666666667 26.726 27.634 28.179 28.502 28.467 28.4896666666667 28.3593333333333 28.105 27.692 27.097 26.697 26.5573333333333 26.8306666666667 27.212 27.804 28.091 28.2993333333333 28.0963333333333 28.035 27.8913333333333 27.687 27.179 26.5246666666667
27.692 27.097 26.697 26.5573333333333 26.8306666666667 27.212 27.804 28.091 28.2993333333333 28.0963333333333 28.035 27.8913333333333 27.687 27.179 26.5246666666667 26.22 26.4783333333333 27.2276666666667 28.0216666666667 28.457 28.5823333333333 28.364 28.158 27.9013333333333 27.364 26.6586666666667 25.9173333333333
27.687 27.179 26.5246666666667 26.22 26.4783333333333 27.2276666666667 28.0216666666667 28.457 28.5823333333333 28.364 28.158 27.9013333333333 27.364 26.6586666666667 25.9173333333333 25.8373333333333 26.2906666666667 27.1593333333333 27.988 28.466 28.5676666666667 28.427 28.2963333333333 28.1313333333333 27.822 27.3583333333333 26.787
27.364 26.6586666666667 25.9173333333333 25.8373333333333 26.2906666666667 27.1593333333333 27.988 28.466 28.5676666666667 28.427 28.2963333333333 28.1313333333333 27.822 27.3583333333333 26.787 26.6243333333333 26.8123333333333 27.5133333333333 28.0826666666667 28.531 28.5946666666667 28.603 28.461 28.1873333333333 27.6836666666667 27.234 26.8703333333333
27.822 27.3583333333333 26.787 26.6243333333333 26.8123333333333 27.5133333333333 28.0826666666667 28.531 28.5946666666667 28.603 28.461 28.1873333333333 27.6836666666667 27.234 26.8703333333333 26.6366666666667 26.8353333333333 27.3803333333333 28.0596666666667 28.3886666666667 28.3536666666667 28.2293333333333 28.017 27.7053333333333 27.1183333333333 26.492 26.007
27.6836666666667 27.234 26.8703333333333 26.6366666666667 26.8353333333333 27.3803333333333 28.0596666666667 28.3886666666667 28.3536666666667 28.2293333333333 28.017 27.7053333333333 27.1183333333333 26.492 26.007 25.852 26.174 26.8766666666667 27.7163333333333 28.1726666666667 28.3216666666667 28.014 27.8463333333333 27.597 27.258 26.5553333333333 25.8403333333333
27.1183333333333 26.492 26.007 25.852 26.174 26.8766666666667 27.7163333333333 28.1726666666667 28.3216666666667 28.014 27.8463333333333 27.597 27.258 26.5553333333333 25.8403333333333 25.688 26.0956666666667 26.8356666666667 27.594 28.077 28.2976666666667 28.2386666666667 27.9343333333333 27.5066666666667 26.8466666666667 26.1796666666667 25.627
27.258 26.5553333333333 25.8403333333333 25.688 26.0956666666667 26.8356666666667 27.594 28.077 28.2976666666667 28.2386666666667 27.9343333333333 27.5066666666667 26.8466666666667 26.1796666666667 25.627 25.5246666666667 25.924 26.6443333333333 27.4126666666667 27.8406666666667 28.047 27.925 27.8696666666667 27.0663333333333 26.1526666666667 25.062 24.5366666666667
26.8466666666667 26.1796666666667 25.627 25.5246666666667 25.924 26.6443333333333 27.4126666666667 27.8406666666667 28.047 27.925 27.8696666666667 27.0663333333333 26.1526666666667 25.062 24.5366666666667 24.749 25.4766666666667 26.5953333333333 27.485 28.032 28.1306666666667 27.9726666666667 27.8006666666667 27.7756666666667 27.535 26.9623333333333 26.2983333333333
26.1526666666667 25.062 24.5366666666667 24.749 25.4766666666667 26.5953333333333 27.485 28.032 28.1306666666667 27.9726666666667 27.8006666666667 27.7756666666667 27.535 26.9623333333333 26.2983333333333 25.9666666666667 26.325 27.0326666666667 27.759 28.1156666666667 28.1866666666667 28.023 27.8503333333333 27.485 26.9903333333333 26.3393333333333 25.811
27.535 26.9623333333333 26.2983333333333 25.9666666666667 26.325 27.0326666666667 27.759 28.1156666666667 28.1866666666667 28.023 27.8503333333333 27.485 26.9903333333333 26.3393333333333 25.811 25.619 25.898 26.636 27.4456666666667 28.046 28.298 28.3676666666667 28.261 28.132 27.7413333333333 27.1576666666667 26.4896666666667
26.9903333333333 26.3393333333333 25.811 25.619 25.898 26.636 27.4456666666667 28.046 28.298 28.3676666666667 28.261 28.132 27.7413333333333 27.1576666666667 26.4896666666667 26.212 26.4686666666667 27.1366666666667 27.8583333333333 28.4303333333333 28.5936666666667 28.5766666666667 28.3956666666667 28.162 27.4396666666667 26.5613333333333 25.927
27.7413333333333 27.1576666666667 26.4896666666667 26.212 26.4686666666667 27.1366666666667 27.8583333333333 28.4303333333333 28.5936666666667 28.5766666666667 28.3956666666667 28.162 27.4396666666667 26.5613333333333 25.927 25.8423333333333 26.3493333333333 27.091 27.9266666666667 28.3476666666667 28.339 28.2736666666667 28.3673333333333 28.2716666666667 27.8883333333333 27.123 26.585
27.4396666666667 26.5613333333333 25.927 25.8423333333333 26.3493333333333 27.091 27.9266666666667 28.3476666666667 28.339 28.2736666666667 28.3673333333333 28.2716666666667 27.8883333333333 27.123 26.585 26.2236666666667 26.4206666666667 26.9986666666667 27.8233333333333 28.4833333333333 28.8443333333333 28.9043333333333 28.7406666666667 28.5496666666667 28.2603333333333 27.7756666666667 27.1973333333333
27.8883333333333 27.123 26.585 26.2236666666667 26.4206666666667 26.9986666666667 27.8233333333333 28.4833333333333 28.8443333333333 28.9043333333333 28.7406666666667 28.5496666666667 28.2603333333333 27.7756666666667 27.1973333333333 27.0926666666667 27.301 27.8063333333333 28.05 28.382 28.447 28.381 28.2846666666667 28.1803333333333 28.0336666666667 27.4523333333333 26.9406666666667
28.2603333333333 27.7756666666667 27.1973333333333 27.0926666666667 27.301 27.8063333333333 28.05 28.382 28.447 28.381 28.2846666666667 28.1803333333333 28.0336666666667 27.4523333333333 26.9406666666667 26.7603333333333 27.193 27.7483333333333 28.2843333333333 28.435 28.541 28.39 28.3843333333333 28.3233333333333 28.162 27.7593333333333 27.284
28.0336666666667 27.4523333333333 26.9406666666667 26.7603333333333 27.193 27.7483333333333 28.2843333333333 28.435 28.541 28.39 28.3843333333333 28.3233333333333 28.162 27.7593333333333 27.284 27.0183333333333 27.272 27.8253333333333 28.3863333333333 28.4673333333333 28.4056666666667 28.291 28.3953333333333 28.253 27.7506666666667 26.9253333333333 26.1866666666667
28.162 27.7593333333333 27.284 27.0183333333333 27.272 27.8253333333333 28.3863333333333 28.4673333333333 28.4056666666667 28.291 28.3953333333333 28.253 27.7506666666667 26.9253333333333 26.1866666666667 26.1596666666667 26.564 27.327 27.9606666666667 28.3073333333333 28.2363333333333 28.057 28.0526666666667 28.0836666666667 27.6836666666667 26.9766666666667 26.2276666666667
27.7506666666667 26.9253333333333 26.1866666666667 26.1596666666667 26.564 27.327 27.9606666666667 28.3073333333333 28.2363333333333 28.057 28.0526666666667 28.0836666666667 27.6836666666667 26.9766666666667 26.2276666666667 25.9706666666667 26.3693333333333 27.179 27.9246666666667 28.303 28.3923333333333 28.3023333333333 28.158 28.0596666666667 27.5823333333333 26.9096666666667 26.313
27.6836666666667 26.9766666666667 26.2276666666667 25.9706666666667 26.3693333333333 27.179 27.9246666666667 28.303 28.3923333333333 28.3023333333333 28.158 28.0596666666667 27.5823333333333 26.9096666666667 26.313 26.4096666666667 26.9843333333333 27.5686666666667 27.982 28.032 28.059 27.8576666666667 27.7713333333333 27.584 27.4176666666667 26.9013333333333 26.3366666666667
27.5823333333333 26.9096666666667 26.313 26.4096666666667 26.9843333333333 27.5686666666667 27.982 28.032 28.059 27.8576666666667 27.7713333333333 27.584 27.4176666666667 26.9013333333333 26.3366666666667 26.0446666666667 26.3566666666667 27.0786666666667 27.8326666666667 28.298 28.3166666666667 28.0893333333333 27.838 27.627 27.201 26.6883333333333 26.152
27.4176666666667 26.9013333333333 26.3366666666667 26.0446666666667 26.3566666666667 27.0786666666667 27.8326666666667 28.298 28.3166666666667 28.0893333333333 27.838 27.627 27.201 26.6883333333333 26.152 26.0736666666667 26.472 27.1713333333333 27.9113333333333 28.1626666666667 28.1473333333333 28.0346666666667 27.935 27.93 27.65 27.255 26.665
27.201 26.6883333333333 26.152 26.0736666666667 26.472 27.1713333333333 27.9113333333333 28.1626666666667 28.1473333333333 28.0346666666667 27.935 27.93 27.65 27.255 26.665 26.2476666666667 26.4333333333333 27.0476666666667 27.8396666666667 28.302 28.3523333333333 28.1793333333333 28.0246666666667 27.9683333333333 27.8363333333333 27.474 27.0213333333333
27.65 27.255 26.665 26.2476666666667 26.4333333333333 27.0476666666667 27.8396666666667 28.302 28.3523333333333 28.1793333333333 28.0246666666667 27.9683333333333 27.8363333333333 27.474 27.0213333333333 26.6773333333333 26.905 27.3813333333333 27.8776666666667 28.0536666666667 28.118 28.2663333333333 28.3163333333333 28.3543333333333 28.071 27.6363333333333 27.1566666666667
27.8363333333333 27.474 27.0213333333333 26.6773333333333 26.905 27.3813333333333 27.8776666666667 28.0536666666667 28.118 28.2663333333333 28.3163333333333 28.3543333333333 28.071 27.6363333333333 27.1566666666667 26.8836666666667 27.106 27.5173333333333 28.027 28.226 28.358 28.3036666666667 28.2163333333333 27.925 27.4716666666667 26.8773333333333 26.3676666666667
28.071 27.6363333333333 27.1566666666667 26.8836666666667 27.106 27.5173333333333 28.027 28.226 28.358 28.3036666666667 28.2163333333333 27.925 27.4716666666667 26.8773333333333 26.3676666666667 26.3086666666667 26.652 27.3296666666667 28.0166666666667 28.4186666666667 28.495 28.385 28.3433333333333 28.2033333333333 27.9856666666667 27.4006666666667 26.9303333333333
27.4716666666667 26.8773333333333 26.3676666666667 26.3086666666667 26.652 27.3296666666667 28.0166666666667 28.4186666666667 28.495 28.385 28.3433333333333 28.2033333333333 27.9856666666667 27.4006666666667 26.9303333333333 26.538 26.6776666666667 27.2676666666667 27.863 28.1773333333333 28.094 28.0006666666667 27.9823333333333 27.9233333333333 27.676 27.2466666666667 26.782
27.9856666666667 27.4006666666667 26.9303333333333 26.538 26.6776666666667 27.2676666666667 27.863 28.1773333333333 28.094 28.0006666666667 27.9823333333333 27.9233333333333 27.676 27.2466666666667 26.782 26.5683333333333 26.7993333333333 27.4046666666667 27.9836666666667 28.2623333333333 28.155 27.996 27.812 27.6793333333333 27.4553333333333 27.151 26.7416666666667
27.676 27.2466666666667 26.782 26.5683333333333 26.7993333333333 27.4046666666667 27.9836666666667 28.2623333333333 28.155 27.996 27.812 27.6793333333333 27.4553333333333 27.151 26.7416666666667 26.5686666666667 26.91 27.6183333333333 28.214 28.427 28.3716666666667 28.2576666666667 28.106 27.8733333333333 27.5626666666667 27.064 26.561
