-1.952 -4.19633333333333 -4.32733333333333 -4.73766666666667 -3.907 -1.66366666666667 0.508666666666667 2.158 1.85666666666667 1.49133333333333 0.412666666666667 -0.535666666666667 -1.94 -2.16766666666667 -3.17666666666667 -3.65966666666667 -3.83933333333333 -2.07333333333333 -0.225333333333333 1.18366666666667 1.941 2.885 1.27433333333333 -0.373 -3.069 -3.66866666666667 -4.636
-1.94 -2.16766666666667 -3.17666666666667 -3.65966666666667 -3.83933333333333 -2.07333333333333 -0.225333333333333 1.18366666666667 1.941 2.885 1.27433333333333 -0.373 -3.069 -3.66866666666667 -4.636 -3.88266666666667 -2.85733333333333 -1.024 0.320666666666667 1.68533333333333 2.67733333333333 2.47566666666667 1.50166666666667 -0.814333333333333 -2.51633333333333 -4.292 -4.37266666666667
-3.069 -3.66866666666667 -4.636 -3.88266666666667 -2.85733333333333 -1.024 0.320666666666667 1.68533333333333 2.67733333333333 2.47566666666667 1.50166666666667 -0.814333333333333 -2.51633333333333 -4.292 -4.37266666666667 -4.33 -2.75466666666667 -1.11866666666667 0.413 1.87833333333333 2.558 2.23766666666667 0.748 -1.24433333333333 -3.00533333333333 -3.96366666666667 -4.779
-2.51633333333333 -4.292 -4.37266666666667 -4.33 -2.75466666666667 -1.11866666666667 0.413 1.87833333333333 2.558 2.23766666666667 0.748 -1.24433333333333 -3.00533333333333 -3.96366666666667 -4.779 -4.26233333333333 -3.73566666666667 -2.018 -0.612333333333333 0.713 1.102 1.22733333333333 0.516333333333333 -0.529666666666667 -1.88966666666667 -4.14566666666667 -5.01833333333333
-3.00533333333333 -3.96366666666667 -4.779 -4.26233333333333 -3.73566666666667 -2.018 -0.612333333333333 0.713 1.102 1.22733333333333 0.516333333333333 -0.529666666666667 -1.88966666666667 -4.14566666666667 -5.01833333333333 -5.12666666666667 -3.28366666666667 -1.58066666666667 0.467666666666667 1.52 2.791 2.04866666666667 1.1 -1.30933333333333 -3.49 -5.05966666666667 -5.69633333333333
-1.88966666666667 -4.14566666666667 -5.01833333333333 -5.12666666666667 -3.28366666666667 -1.58066666666667 0.467666666666667 1.52 2.791 2.04866666666667 1.1 -1.30933333333333 -3.49 -5.05966666666667 -5.69633333333333 -4.777 -3.22966666666667 -1.53266666666667 0.112333333333333 1.39866666666667 2.196 2.47533333333333 1.19033333333333 -0.487666666666667 -1.65766666666667 -2.234 -2.029
-3.49 -5.05966666666667 -5.69633333333333 -4.777 -3.22966666666667 -1.53266666666667 0.112333333333333 1.39866666666667 2.196 2.47533333333333 1.19033333333333 -0.487666666666667 -1.65766666666667 -2.234 -2.029 -1.914 -1.274 -0.468333333333333 0.298666666666667 1.117 1.83766666666667 1.56866666666667 0.896333333333333 -0.497 -2.55433333333333 -3.72466666666667 -4.93766666666667
-1.65766666666667 -2.234 -2.029 -1.914 -1.274 -0.468333333333333 0.298666666666667 1.117 1.83766666666667 1.56866666666667 0.896333333333333 -0.497 -2.55433333333333 -3.72466666666667 -4.93766666666667 -3.83033333333333 -2.47733333333333 -0.390666666666667 1.296 1.91066666666667 2.97066666666667 2.045 1.22166666666667 -1.02933333333333 -2.61 -4.42566666666667 -4.57
-2.55433333333333 -3.72466666666667 -4.93766666666667 -3.83033333333333 -2.47733333333333 -0.390666666666667 1.296 1.91066666666667 2.97066666666667 2.045 1.22166666666667 -1.02933333333333 -2.61 -4.42566666666667 -4.57 -4.185 -2.283 -1.68766666666667 0.416333333333333 1.00566666666667 2.485 1.60733333333333 1.34 -0.703333333333333 -1.837 -3.64266666666667 -4.592
-2.61 -4.42566666666667 -4.57 -4.185 -2.283 -1.68766666666667 0.416333333333333 1.00566666666667 2.485 1.60733333333333 1.34 -0.703333333333333 -1.837 -3.64266666666667 -4.592 -4.67166666666667 -3.99766666666667 -1.73433333333333 -0.0356666666666666 1.55033333333333 2.70133333333333 2.468 1.688 -0.276 -2.57066666666667 -4.35233333333333 -5.78766666666667
-1.837 -3.64266666666667 -4.592 -4.67166666666667 -3.99766666666667 -1.73433333333333 -0.0356666666666666 1.55033333333333 2.70133333333333 2.468 1.688 -0.276 -2.57066666666667 -4.35233333333333 -5.78766666666667 -4.778 -3.197 -1.228 0.599333333333333 1.79933333333333 2.09933333333333 1.98 0.973 -0.0663333333333332 -1.81333333333333 -2.49833333333333 -2.98966666666667
-2.57066666666667 -4.35233333333333 -5.78766666666667 -4.778 -3.197 -1.228 0.599333333333333 1.79933333333333 2.09933333333333 1.98 0.973 -0.0663333333333332 -1.81333333333333 -2.49833333333333 -2.98966666666667 -2.641 -2.16666666666667 -0.656333333333333 0.736 2.005 2.033 1.74933333333333 1.249 -0.247666666666667 -2.09866666666667 -3.829 -3.994
-1.81333333333333 -2.49833333333333 -2.98966666666667 -2.641 -2.16666666666667 -0.656333333333333 0.736 2.005 2.033 1.74933333333333 1.249 -0.247666666666667 -2.09866666666667 -3.829 -3.994 -3.625 -2.89833333333333 -1.45133333333333 0.039 1.61566666666667 2.394 2.706 1.565 -0.929 -3.40766666666667 -4.77366666666667 -4.57766666666667
-2.09866666666667 -3.829 -3.994 -3.625 -2.89833333333333 -1.45133333333333 0.039 1.61566666666667 2.394 2.706 1.565 -0.929 -3.40766666666667 -4.77366666666667 -4.57766666666667 -4.459 -3.38433333333333 -2.02733333333333 0.0063333333333333 0.991 2.334 2.22333333333333 1.362 -1.262 -3.358 -4.47766666666667 -4.59966666666667
-3.40766666666667 -4.77366666666667 -4.57766666666667 -4.459 -3.38433333333333 -2.02733333333333 0.0063333333333333 0.991 2.334 2.22333333333333 1.362 -1.262 -3.358 -4.47766666666667 -4.59966666666667 -4.134 -3.26166666666667 -2.45166666666667 -0.958666666666667 0.275333333333333 1.88166666666667 2.101 1.517 -0.527 -2.468 -3.72566666666667 -3.934
-3.358 -4.47766666666667 -4.59966666666667 -4.134 -3.26166666666667 -2.45166666666667 -0.958666666666667 0.275333333333333 1.88166666666667 2.101 1.517 -0.527 -2.468 -3.72566666666667 -3.934 -3.11666666666667 -2.04233333333333 -0.682333333333333 0.549333333333333 1.01233333333333 1.629 1.42 1.07433333333333 -0.916 -2.80533333333333 -4.00833333333333 -4.26333333333333
-2.468 -3.72566666666667 -3.934 -3.11666666666667 -2.04233333333333 -0.682333333333333 0.549333333333333 1.01233333333333 1.629 1.42 1.07433333333333 -0.916 -2.80533333333333 -4.00833333333333 -4.26333333333333 -4.01533333333333 -3.48133333333333 -2.29233333333333 -0.642 0.541 1.32266666666667 1.38833333333333 0.866666666666667 -0.353333333333333 -1.847 -3.12066666666667 -3.864
-2.80533333333333 -4.00833333333333 -4.26333333333333 -4.01533333333333 -3.48133333333333 -2.29233333333333 -0.642 0.541 1.32266666666667 1.38833333333333 0.866666666666667 -0.353333333333333 -1.847 -3.12066666666667 -3.864 -4.24133333333333 -3.334 -1.70666666666667 0.027 1.62766666666667 1.82033333333333 1.59866666666667 0.498666666666667 -1.455 -3.18433333333333 -4.85033333333333 -4.77966666666667
-1.847 -3.12066666666667 -3.864 -4.24133333333333 -3.334 -1.70666666666667 0.027 1.62766666666667 1.82033333333333 1.59866666666667 0.498666666666667 -1.455 -3.18433333333333 -4.85033333333333 -4.77966666666667 -4.28233333333333 -3.611 -2.24866666666667 -0.496666666666667 0.759333333333333 1.296 1.39966666666667 0.781 -0.265333333333333 -2.058 -3.382 -4.62933333333333
-3.18433333333333 -4.85033333333333 -4.77966666666667 -4.28233333333333 -3.611 -2.24866666666667 -0.496666666666667 0.759333333333333 1.296 1.39966666666667 0.781 -0.265333333333333 -2.058 -3.382 -4.62933333333333 -4.48933333333333 -3.22733333333333 -1.00433333333333 0.0736666666666667 1.25333333333333 1.39366666666667 2.07733333333333 1.21166666666667 0.111 -3.03066666666667 -4.72033333333333 -5.75933333333333
-2.058 -3.382 -4.62933333333333 -4.48933333333333 -3.22733333333333 -1.00433333333333 0.0736666666666667 1.25333333333333 1.39366666666667 2.07733333333333 1.21166666666667 0.111 -3.03066666666667 -4.72033333333333 -5.75933333333333 -4.69966666666667 -3.93366666666667 -2.065 -0.293333333333334 1.01833333333333 1.41566666666667 0.941666666666667 0.322333333333333 -1.10033333333333 -2.45266666666667 -3.116 -2.67433333333333
-3.03066666666667 -4.72033333333333 -5.75933333333333 -4.69966666666667 -3.93366666666667 -2.065 -0.293333333333334 1.01833333333333 1.41566666666667 0.941666666666667 0.322333333333333 -1.10033333333333 -2.45266666666667 -3.116 -2.67433333333333 -1.74766666666667 -1.02566666666667 -0.329 0.5 1.10833333333333 1.20366666666667 1.70433333333333 1.74233333333333 1.187 -0.427666666666667 -1.90733333333333 -3.698
-2.45266666666667 -3.116 -2.67433333333333 -1.74766666666667 -1.02566666666667 -0.329 0.5 1.10833333333333 1.20366666666667 1.70433333333333 1.74233333333333 1.187 -0.427666666666667 -1.90733333333333 -3.698 -3.21533333333333 -2.17366666666667 0.0446666666666667 1.02833333333333 1.878 2.20466666666667 2.22566666666667 1.26333333333333 -0.206666666666667 -1.717 -3.19533333333333 -3.364
-0.427666666666667 -1.90733333333333 -3.698 -3.21533333333333 -2.17366666666667 0.0446666666666667 1.02833333333333 1.878 2.20466666666667 2.22566666666667 1.26333333333333 -0.206666666666667 -1.717 -3.19533333333333 -3.364 -2.90766666666667 -1.367 -0.00166666666666663 0.666666666666667 1.58433333333333 1.50466666666667 1.90666666666667 0.859 -0.0853333333333333 -1.6 -2.362 -2.777
-1.717 -3.19533333333333 -3.364 -2.90766666666667 -1.367 -0.00166666666666663 0.666666666666667 1.58433333333333 1.50466666666667 1.90666666666667 0.859 -0.0853333333333333 -1.6 -2.362 -2.777 -2.684 -1.95066666666667 -0.608 0.145666666666667 0.974666666666667 1.673 2.088 1.20333333333333 -0.61 -2.90466666666667 -4.39566666666667 -5.637
-1.6 -2.362 -2.777 -2.684 -1.95066666666667 -0.608 0.145666666666667 0.974666666666667 1.673 2.088 1.20333333333333 -0.61 -2.90466666666667 -4.39566666666667 -5.637 -5.00366666666667 -4.14933333333333 -2.311 -1.059 1.18933333333333 1.736 1.385 -0.564666666666667 -1.86933333333333 -2.60333333333333 -3.468 -3.87966666666667
-2.90466666666667 -4.39566666666667 -5.637 -5.00366666666667 -4.14933333333333 -2.311 -1.059 1.18933333333333 1.736 1.385 -0.564666666666667 -1.86933333333333 -2.60333333333333 -3.468 -3.87966666666667 -4.11266666666667 -3.26633333333333 -1.689 -0.316 0.327 0.657333333333333 0.69 0.369333333333333 -0.992 -3.20566666666667 -4.339 -5.024
-2.60333333333333 -3.468 -3.87966666666667 -4.11266666666667 -3.26633333333333 -1.689 -0.316 0.327 0.657333333333333 0.69 0.369333333333333 -0.992 -3.20566666666667 -4.339 -5.024 -4.05266666666667 -3.47833333333333 -1.99833333333333 -0.444666666666667 0.593 1.80366666666667 1.17833333333333 0.724333333333333 -1.353 -2.47933333333333 -4.164 -4.42566666666667
-3.20566666666667 -4.339 -5.024 -4.05266666666667 -3.47833333333333 -1.99833333333333 -0.444666666666667 0.593 1.80366666666667 1.17833333333333 0.724333333333333 -1.353 -2.47933333333333 -4.164 -4.42566666666667 -4.49866666666667 -3.42133333333333 -2.132 -0.367 0.688 1.35233333333333 1.31666666666667 1.049 -0.226 -1.97866666666667 -3.33366666666667 -4.527
-2.47933333333333 -4.164 -4.42566666666667 -4.49866666666667 -3.42133333333333 -2.132 -0.367 0.688 1.35233333333333 1.31666666666667 1.049 -0.226 -1.97866666666667 -3.33366666666667 -4.527 -4.23333333333333 -3.42133333333333 -1.90433333333333 -0.753 0.527 1.65833333333333 1.673 0.925666666666667 -0.736333333333333 -1.99533333333333 -3.35566666666667 -4.09033333333333
-1.97866666666667 -3.33366666666667 -4.527 -4.23333333333333 -3.42133333333333 -1.90433333333333 -0.753 0.527 1.65833333333333 1.673 0.925666666666667 -0.736333333333333 -1.99533333333333 -3.35566666666667 -4.09033333333333 -4.098 -3.303 -1.92466666666667 -0.695666666666667 0.322 0.974 1.549 1.22333333333333 0.205333333333333 -1.54366666666667 -2.80766666666667 -3.66633333333333
-1.99533333333333 -3.35566666666667 -4.09033333333333 -4.098 -3.303 -1.92466666666667 -0.695666666666667 0.322 0.974 1.549 1.22333333333333 0.205333333333333 -1.54366666666667 -2.80766666666667 -3.66633333333333 -3.287 -2.512 -0.526333333333333 0.491 1.67633333333333 1.54933333333333 1.86733333333333 1.025 0.0566666666666666 -1.66133333333333 -2.922 -3.766
-1.54366666666667 -2.80766666666667 -3.66633333333333 -3.287 -2.512 -0.526333333333333 0.491 1.67633333333333 1.54933333333333 1.86733333333333 1.025 0.0566666666666666 -1.66133333333333 -2.922 -3.766 -3.482 -2.347 -1.00366666666667 0.465333333333333 0.906 1.72533333333333 1.55266666666667 1.534 -0.690666666666667 -3.002 -4.88666666666667 -4.52766666666667
-1.66133333333333 -2.922 -3.766 -3.482 -2.347 -1.00366666666667 0.465333333333333 0.906 1.72533333333333 1.55266666666667 1.534 -0.690666666666667 -3.002 -4.88666666666667 -4.52766666666667 -4.009 -2.87566666666667 -1.79633333333333 -0.0626666666666667 0.831666666666667 1.36666666666667 1.162 1.14366666666667 0.115 -0.917 -2.94766666666667 -3.90266666666667
-3.002 -4.88666666666667 -4.52766666666667 -4.009 -2.87566666666667 -1.79633333333333 -0.0626666666666667 0.831666666666667 1.36666666666667 1.162 1.14366666666667 0.115 -0.917 -2.94766666666667 -3.90266666666667 -4.686 -3.97333333333333 -2.41833333333333 -0.329333333333333 1.463 2.219 2.47666666666667 1.77166666666667 0.21 -1.70266666666667 -2.96266666666667 -3.55566666666667
-0.917 -2.94766666666667 -3.90266666666667 -4.686 -3.97333333333333 -2.41833333333333 -0.329333333333333 1.463 2.219 2.47666666666667 1.77166666666667 0.21 -1.70266666666667 -2.96266666666667 -3.55566666666667 -3.49633333333333 -2.71166666666667 -1.38966666666667 0.678333333333333 1.892 2.85433333333333 2.458 1.39333333333333 -0.733666666666667 -2.42233333333333 -3.521 -4.01166666666667
-1.70266666666667 -2.96266666666667 -3.55566666666667 -3.49633333333333 -2.71166666666667 -1.38966666666667 0.678333333333333 1.892 2.85433333333333 2.458 1.39333333333333 -0.733666666666667 -2.42233333333333 -3.521 -4.01166666666667 -4.00066666666667 -2.76033333333333 -1.116 0.578666666666667 1.104 1.675 1.58866666666667 1.00533333333333 -0.559333333333333 -1.97 -3.87833333333333 -4.704
