342.31
417.15965538579
342.31
364.563301121771
511.737375680348
511.737375680348
511.737375680348
417.15965538579
417.15965538579
364.563301121771
425.203523137443
342.31
342.31
342.31
342.31
511.737375680348
342.31
364.563301121771
364.563301121771
342.31
425.203523137443
342.31
342.31
364.563301121771
342.31
364.563301121771
364.563301121771
425.203523137443
424.324978078354
342.31
342.31
342.31
417.15965538579
342.31
342.31
342.31
342.31
342.31
417.15965538579
364.563301121771
425.203523137443
342.31
342.31
342.31
342.31
364.563301121771
342.31
364.563301121771
342.31
364.563301121771
342.31
342.31
364.563301121771
424.324978078354
342.31
511.737375680348
342.31
425.203523137443
342.31
425.203523137443
511.737375680348
342.31
425.203523137443
342.31
425.203523137443
342.31
417.15965538579
342.31
424.324978078354
342.31
342.31
425.203523137443
342.31
364.563301121771
342.31
342.31
342.31
511.737375680348
364.563301121771
417.15965538579
342.31
342.31
417.15965538579
364.563301121771
342.31
424.324978078354
342.31
425.203523137443
425.203523137443
424.324978078354
511.737375680348
425.203523137443
417.15965538579
511.737375680348
364.563301121771
342.31
342.31
364.563301121771
364.563301121771
425.203523137443
364.563301121771
511.737375680348
342.31
342.31
511.737375680348
425.203523137443
424.324978078354
425.203523137443
417.15965538579
364.563301121771
342.31
417.15965538579
342.31
364.563301121771
425.203523137443
511.737375680348
342.31
342.31
342.31
342.31
424.324978078354
364.563301121771
425.203523137443
342.31
424.324978078354
511.737375680348
342.31
364.563301121771
364.563301121771
511.737375680348
425.203523137443
342.31
364.563301121771
425.203523137443
364.563301121771
364.563301121771
364.563301121771
511.737375680348
342.31
364.563301121771
342.31
424.324978078354
342.31
342.31
417.15965538579
342.31
342.31
342.31
424.324978078354
425.203523137443
424.324978078354
511.737375680348
424.324978078354
364.563301121771
511.737375680348
364.563301121771
424.324978078354
364.563301121771
511.737375680348
342.31
424.324978078354
425.203523137443
425.203523137443
417.15965538579
425.203523137443
511.737375680348
364.563301121771
364.563301121771
511.737375680348
424.324978078354
364.563301121771
424.324978078354
424.324978078354
417.15965538579
342.31
342.31
342.31
417.15965538579
342.31
364.563301121771
364.563301121771
364.563301121771
424.324978078354
425.203523137443
511.737375680348
364.563301121771
364.563301121771
342.31
342.31
425.203523137443
342.31
424.324978078354
364.563301121771
342.31
511.737375680348
364.563301121771
342.31
364.563301121771
342.31
342.31
342.31
342.31
511.737375680348
424.324978078354
342.31
342.31
425.203523137443
424.324978078354
342.31
342.31
342.31
342.31
342.31
342.31
342.31
342.31
425.203523137443
425.203523137443
342.31
342.31
342.31
425.203523137443
342.31
342.31
364.563301121771
425.203523137443
417.15965538579
425.203523137443
364.563301121771
342.31
425.203523137443
417.15965538579
511.737375680348
425.203523137443
425.203523137443
342.31
342.31
417.15965538579
342.31
342.31
425.203523137443
425.203523137443
417.15965538579
364.563301121771
342.31
342.31
425.203523137443
364.563301121771
424.324978078354
342.31
364.563301121771
364.563301121771
425.203523137443
511.737375680348
511.737375680348
364.563301121771
364.563301121771
364.563301121771
342.31
342.31
342.31
342.31
342.31
342.31
364.563301121771
417.15965538579
511.737375680348
511.737375680348
342.31
342.31
342.31
342.31
342.31
364.563301121771
342.31
364.563301121771
425.203523137443
425.203523137443
342.31
425.203523137443
417.15965538579
424.324978078354
342.31
342.31
342.31
425.203523137443
364.563301121771
424.324978078354
417.15965538579
424.324978078354
342.31
511.737375680348
425.203523137443
364.563301121771
342.31
342.31
425.203523137443
425.203523137443
342.31
364.563301121771
