457.889224519435
457.889224519435
457.889224519435
414.312755198718
375.753019930847
414.312755198718
458.931342788093
414.312755198718
414.312755198718
414.312755198718
414.312755198718
375.753019930847
457.889224519435
457.889224519435
375.753019930847
360.822798671293
593.24046924733
457.889224519435
414.312755198718
360.822798671293
457.889224519435
360.822798671293
414.312755198718
457.889224519435
457.889224519435
457.889224519435
375.753019930847
375.753019930847
375.753019930847
457.889224519435
593.24046924733
375.753019930847
457.889224519435
593.24046924733
458.931342788093
458.931342788093
457.889224519435
593.24046924733
414.312755198718
457.889224519435
457.889224519435
457.889224519435
457.889224519435
360.822798671293
593.24046924733
360.822798671293
414.312755198718
414.312755198718
457.889224519435
375.753019930847
457.889224519435
375.753019930847
375.753019930847
414.312755198718
457.889224519435
375.753019930847
458.931342788093
457.889224519435
457.889224519435
457.889224519435
457.889224519435
457.889224519435
458.931342788093
457.889224519435
457.889224519435
457.889224519435
360.822798671293
360.822798671293
457.889224519435
457.889224519435
360.822798671293
457.889224519435
457.889224519435
375.753019930847
360.822798671293
360.822798671293
375.753019930847
360.822798671293
375.753019930847
457.889224519435
457.889224519435
360.822798671293
593.24046924733
457.889224519435
375.753019930847
593.24046924733
360.822798671293
458.931342788093
457.889224519435
457.889224519435
593.24046924733
457.889224519435
375.753019930847
457.889224519435
375.753019930847
457.889224519435
457.889224519435
457.889224519435
457.889224519435
457.889224519435
457.889224519435
457.889224519435
457.889224519435
457.889224519435
375.753019930847
414.312755198718
458.931342788093
375.753019930847
375.753019930847
457.889224519435
457.889224519435
457.889224519435
360.822798671293
457.889224519435
375.753019930847
457.889224519435
414.312755198718
457.889224519435
593.24046924733
375.753019930847
458.931342788093
375.753019930847
458.931342788093
457.889224519435
457.889224519435
458.931342788093
457.889224519435
593.24046924733
458.931342788093
360.822798671293
360.822798671293
457.889224519435
375.753019930847
414.312755198718
457.889224519435
457.889224519435
457.889224519435
457.889224519435
360.822798671293
375.753019930847
375.753019930847
375.753019930847
458.931342788093
457.889224519435
375.753019930847
458.931342788093
375.753019930847
457.889224519435
457.889224519435
375.753019930847
457.889224519435
457.889224519435
457.889224519435
457.889224519435
593.24046924733
360.822798671293
375.753019930847
375.753019930847
457.889224519435
458.931342788093
457.889224519435
593.24046924733
457.889224519435
375.753019930847
414.312755198718
375.753019930847
414.312755198718
458.931342788093
457.889224519435
375.753019930847
457.889224519435
457.889224519435
457.889224519435
457.889224519435
375.753019930847
375.753019930847
375.753019930847
457.889224519435
375.753019930847
375.753019930847
457.889224519435
375.753019930847
360.822798671293
457.889224519435
375.753019930847
457.889224519435
457.889224519435
375.753019930847
458.931342788093
375.753019930847
457.889224519435
457.889224519435
457.889224519435
414.312755198718
457.889224519435
593.24046924733
457.889224519435
457.889224519435
414.312755198718
375.753019930847
458.931342788093
375.753019930847
458.931342788093
375.753019930847
457.889224519435
457.889224519435
458.931342788093
458.931342788093
458.931342788093
458.931342788093
360.822798671293
457.889224519435
457.889224519435
375.753019930847
375.753019930847
360.822798671293
375.753019930847
457.889224519435
458.931342788093
375.753019930847
457.889224519435
458.931342788093
458.931342788093
375.753019930847
457.889224519435
375.753019930847
360.822798671293
375.753019930847
593.24046924733
360.822798671293
593.24046924733
458.931342788093
375.753019930847
375.753019930847
360.822798671293
457.889224519435
457.889224519435
360.822798671293
458.931342788093
593.24046924733
457.889224519435
457.889224519435
414.312755198718
458.931342788093
375.753019930847
458.931342788093
593.24046924733
457.889224519435
458.931342788093
360.822798671293
457.889224519435
375.753019930847
593.24046924733
458.931342788093
457.889224519435
375.753019930847
457.889224519435
457.889224519435
457.889224519435
457.889224519435
375.753019930847
457.889224519435
414.312755198718
593.24046924733
593.24046924733
458.931342788093
375.753019930847
457.889224519435
375.753019930847
457.889224519435
457.889224519435
458.931342788093
457.889224519435
414.312755198718
457.889224519435
593.24046924733
457.889224519435
375.753019930847
457.889224519435
375.753019930847
458.931342788093
593.24046924733
457.889224519435
457.889224519435
360.822798671293
375.753019930847
375.753019930847
375.753019930847
457.889224519435
414.312755198718
457.889224519435
458.931342788093
457.889224519435
457.889224519435
458.931342788093
457.889224519435
457.889224519435
457.889224519435
593.24046924733
458.931342788093
