522.71 370.95 97.2 56.6 35.27 113.06 245.31 336.52 443.8 455.65 582.66 865.14 783.36 603.11 135.18 108.53 182.58 318.71 396.77 453.39 407.59 444.5 435.95 407.27 336.28 176.61 103.82
783.36 603.11 135.18 108.53 182.58 318.71 396.77 453.39 407.59 444.5 435.95 407.27 336.28 176.61 103.82 27.2 85.63 213.36 400.48 623.61 588.73 599.16 365.81 508.23 363 300.57 68.54
336.28 176.61 103.82 27.2 85.63 213.36 400.48 623.61 588.73 599.16 365.81 508.23 363 300.57 68.54 60.33 163.83 316.73 479.53 637.54 657.28 600.37 579.74 815.61 743.03 506.11 109.43
363 300.57 68.54 60.33 163.83 316.73 479.53 637.54 657.28 600.37 579.74 815.61 743.03 506.11 109.43 35 152.76 444.64 553.07 512.57 268.81 300.84 453.85 678.48 659.69 423.74 135.3
743.03 506.11 109.43 35 152.76 444.64 553.07 512.57 268.81 300.84 453.85 678.48 659.69 423.74 135.3 97.88 278.03 440.59 435.88 470.99 486.59 563.09 527.36 549.29 465.13 306.69 104.17
659.69 423.74 135.3 97.88 278.03 440.59 435.88 470.99 486.59 563.09 527.36 549.29 465.13 306.69 104.17 37.23 25.85 190.54 324.74 443.42 387.24 366.01 381.95 452.04 386.12 294.4 139.69
465.13 306.69 104.17 37.23 25.85 190.54 324.74 443.42 387.24 366.01 381.95 452.04 386.12 294.4 139.69 104.63 123.92 216.92 300.49 347.15 360.11 374.56 348.45 372 459.16 374.32 265.08
386.12 294.4 139.69 104.63 123.92 216.92 300.49 347.15 360.11 374.56 348.45 372 459.16 374.32 265.08 92.19 200.86 276.29 347.01 291.22 265.45 336.68 486.56 566.24 513.67 320.64 150.91
459.16 374.32 265.08 92.19 200.86 276.29 347.01 291.22 265.45 336.68 486.56 566.24 513.67 320.64 150.91 43.28 62.73 293.66 376.97 439.99 376.9 524.53 694.98 780.55 625.71 382.35 126.48
513.67 320.64 150.91 43.28 62.73 293.66 376.97 439.99 376.9 524.53 694.98 780.55 625.71 382.35 126.48 46.16 61.15 223.08 306.53 303.32 338.67 334.33 535.52 574.32 610.52 421.12 194.92
625.71 382.35 126.48 46.16 61.15 223.08 306.53 303.32 338.67 334.33 535.52 574.32 610.52 421.12 194.92 85.24 72.03 229.02 262.89 435.04 409.99 562.07 492.5 928.14 739.66 634.67 59.78
610.52 421.12 194.92 85.24 72.03 229.02 262.89 435.04 409.99 562.07 492.5 928.14 739.66 634.67 59.78 56.45 130.95 302.95 360.21 362.52 321.06 428.93 531.95 579.24 406.11 195.25 16.87
739.66 634.67 59.78 56.45 130.95 302.95 360.21 362.52 321.06 428.93 531.95 579.24 406.11 195.25 16.87 30.79 94.61 224.6 239.67 279.6 226.7 391.2 608.01 757.66 654.65 342.99 121.33
406.11 195.25 16.87 30.79 94.61 224.6 239.67 279.6 226.7 391.2 608.01 757.66 654.65 342.99 121.33 50.61 108.81 272.74 331.06 413 398.15 439.26 424.48 369.04 352.1 235.49 147.93
654.65 342.99 121.33 50.61 108.81 272.74 331.06 413 398.15 439.26 424.48 369.04 352.1 235.49 147.93 39.83 54.12 154.64 292.74 365.2 379.49 362.41 643.82 715.43 642.94 280.37 89.54
352.1 235.49 147.93 39.83 54.12 154.64 292.74 365.2 379.49 362.41 643.82 715.43 642.94 280.37 89.54 134.1 188.51 312.75 328.91 366.91 338.01 433.49 567.1 837.48 886.8 643.27 276.54
642.94 280.37 89.54 134.1 188.51 312.75 328.91 366.91 338.01 433.49 567.1 837.48 886.8 643.27 276.54 140.1 192.36 356.25 355.07 425.91 494.11 608.03 660.91 740.7 581.24 417.03 102.54
886.8 643.27 276.54 140.1 192.36 356.25 355.07 425.91 494.11 608.03 660.91 740.7 581.24 417.03 102.54 74.5 96.72 189.17 247.12 391.8 495.4 625.01 578.1 893.25 705.82 602.22 116.01
581.24 417.03 102.54 74.5 96.72 189.17 247.12 391.8 495.4 625.01 578.1 893.25 705.82 602.22 116.01 71.08 235.76 295.12 463.94 405.27 510.76 623.22 729.46 904.04 956.21 711.02 376.85
705.82 602.22 116.01 71.08 235.76 295.12 463.94 405.27 510.76 623.22 729.46 904.04 956.21 711.02 376.85 58.45 129.66 202.88 304.76 479.34 753.14 885.83 824.25 583.48 445.33 263.68 123.34
956.21 711.02 376.85 58.45 129.66 202.88 304.76 479.34 753.14 885.83 824.25 583.48 445.33 263.68 123.34 16.15 30.01 139.19 321.91 438.39 469.9 510.5 787.14 934.06 871.82 540.81 406.84
445.33 263.68 123.34 16.15 30.01 139.19 321.91 438.39 469.9 510.5 787.14 934.06 871.82 540.81 406.84 328.51 445.05 468.16 476.4 418.75 333.3 429.39 532.65 595.54 551.41 350.87 226.19
871.82 540.81 406.84 328.51 445.05 468.16 476.4 418.75 333.3 429.39 532.65 595.54 551.41 350.87 226.19 233.03 351.51 521.78 529.04 433.97 442.52 409.37 553.61 687.15 657.85 574.31 257.16
551.41 350.87 226.19 233.03 351.51 521.78 529.04 433.97 442.52 409.37 553.61 687.15 657.85 574.31 257.16 330.71 248.2 384.32 340.28 425.55 367.66 400.04 465.29 542.53 456.59 262.99 80.22
657.85 574.31 257.16 330.71 248.2 384.32 340.28 425.55 367.66 400.04 465.29 542.53 456.59 262.99 80.22 38.11 70.3 157.2 209.07 256.13 275.04 289.51 393.65 612.28 650.54 494.4 180.72
456.59 262.99 80.22 38.11 70.3 157.2 209.07 256.13 275.04 289.51 393.65 612.28 650.54 494.4 180.72 83.61 82.9 173.15 240.83 362.77 358.16 398.74 567.55 708.34 763.15 449.06 224.98
650.54 494.4 180.72 83.61 82.9 173.15 240.83 362.77 358.16 398.74 567.55 708.34 763.15 449.06 224.98 60.1 83.11 154.5 246.57 354.65 378.88 352.44 374.69 394.46 329.85 179.62 51.08
763.15 449.06 224.98 60.1 83.11 154.5 246.57 354.65 378.88 352.44 374.69 394.46 329.85 179.62 51.08 20.87 49.15 164.4 295.93 335.81 325.6 289.88 489.73 662.95 773.78 544.67 335.02
329.85 179.62 51.08 20.87 49.15 164.4 295.93 335.81 325.6 289.88 489.73 662.95 773.78 544.67 335.02 171.71 255.93 407.88 466.98 450.44 361.5 454.77 492.71 479.08 337.62 213.76 97.67
773.78 544.67 335.02 171.71 255.93 407.88 466.98 450.44 361.5 454.77 492.71 479.08 337.62 213.76 97.67 66.98 138.4 317.38 380.73 423.16 307.08 328.68 460.94 615.26 545.39 320.96 117.19
337.62 213.76 97.67 66.98 138.4 317.38 380.73 423.16 307.08 328.68 460.94 615.26 545.39 320.96 117.19 95.29 124.22 254.42 338.17 342.31 264.47 245.5 273.83 682.06 659.3 574.18 99.51
545.39 320.96 117.19 95.29 124.22 254.42 338.17 342.31 264.47 245.5 273.83 682.06 659.3 574.18 99.51 133.13 205.75 344.33 283.68 288.05 235.56 289.5 274.69 294.53 265.18 215.05 120.49
659.3 574.18 99.51 133.13 205.75 344.33 283.68 288.05 235.56 289.5 274.69 294.53 265.18 215.05 120.49 59.39 63.36 146.69 217.21 272.37 305.88 376.34 502.18 808.38 835.19 747.62 328.94
