0.102 0.254 -0.082 -0.254666666666667 -0.133333333333333 0.152 0.339333333333333 0.322 0.427 0.409 0.166 0.00566666666666666 0.0886666666666667 -0.216333333333333 -0.06 -0.143666666666667 0.258 0.389666666666667 0.553333333333333 0.671666666666667 0.336333333333333 -0.0593333333333333 -0.240333333333333 -0.107333333333333 0.334333333333333 0.381 0.301
0.0886666666666667 -0.216333333333333 -0.06 -0.143666666666667 0.258 0.389666666666667 0.553333333333333 0.671666666666667 0.336333333333333 -0.0593333333333333 -0.240333333333333 -0.107333333333333 0.334333333333333 0.381 0.301 -0.198333333333333 0.022 0.264666666666667 0.498666666666667 0.406666666666667 0.232 0.46 0.423 0.4 0.324 0.424666666666667 0.670333333333333
0.334333333333333 0.381 0.301 -0.198333333333333 0.022 0.264666666666667 0.498666666666667 0.406666666666667 0.232 0.46 0.423 0.4 0.324 0.424666666666667 0.670333333333333 0.479 0.427 0.402 0.391 0.434666666666667 0.096 0.220666666666667 0.332 0.676666666666667 0.745666666666667 0.284333333333333 -0.298
0.324 0.424666666666667 0.670333333333333 0.479 0.427 0.402 0.391 0.434666666666667 0.096 0.220666666666667 0.332 0.676666666666667 0.745666666666667 0.284333333333333 -0.298 -0.551333333333333 -0.104333333333333 0.291333333333333 0.507 0.223333333333333 0.012 -0.214666666666667 -0.149 0.311333333333333 0.577666666666667 0.422333333333333 -0.0236666666666667
0.745666666666667 0.284333333333333 -0.298 -0.551333333333333 -0.104333333333333 0.291333333333333 0.507 0.223333333333333 0.012 -0.214666666666667 -0.149 0.311333333333333 0.577666666666667 0.422333333333333 -0.0236666666666667 -0.220666666666667 -0.082 0.0566666666666667 0.0973333333333333 -0.00533333333333333 -0.0723333333333333 -0.139666666666667 -0.0503333333333333 0.079 0.141666666666667 -0.130333333333333 -0.41
0.577666666666667 0.422333333333333 -0.0236666666666667 -0.220666666666667 -0.082 0.0566666666666667 0.0973333333333333 -0.00533333333333333 -0.0723333333333333 -0.139666666666667 -0.0503333333333333 0.079 0.141666666666667 -0.130333333333333 -0.41 -0.527666666666667 -0.38 0.186 0.394333333333333 0.499 -0.0826666666666667 -0.375666666666667 -0.365666666666667 -0.216666666666667 0.0956666666666667 0.00133333333333333 0.369
0.141666666666667 -0.130333333333333 -0.41 -0.527666666666667 -0.38 0.186 0.394333333333333 0.499 -0.0826666666666667 -0.375666666666667 -0.365666666666667 -0.216666666666667 0.0956666666666667 0.00133333333333333 0.369 0.021 0.0313333333333333 0.063 0.542666666666667 0.682 0.0863333333333333 -0.385666666666667 -0.582666666666667 -0.107 0.0493333333333333 -0.0673333333333334 -0.538
0.0956666666666667 0.00133333333333333 0.369 0.021 0.0313333333333333 0.063 0.542666666666667 0.682 0.0863333333333333 -0.385666666666667 -0.582666666666667 -0.107 0.0493333333333333 -0.0673333333333334 -0.538 -0.606333333333333 -0.359333333333333 -0.00266666666666667 0.289666666666667 0.273 -0.0196666666666667 -0.293 -0.269333333333333 0.0996666666666666 -0.161333333333333 -0.205666666666667 -0.149333333333333
0.0493333333333333 -0.0673333333333334 -0.538 -0.606333333333333 -0.359333333333333 -0.00266666666666667 0.289666666666667 0.273 -0.0196666666666667 -0.293 -0.269333333333333 0.0996666666666666 -0.161333333333333 -0.205666666666667 -0.149333333333333 -0.0266666666666667 0.044 -0.0353333333333333 0.308333333333333 0.238 -0.151333333333333 -0.407666666666667 -0.366 0.100333333333333 0.177 0.241 0.037
-0.161333333333333 -0.205666666666667 -0.149333333333333 -0.0266666666666667 0.044 -0.0353333333333333 0.308333333333333 0.238 -0.151333333333333 -0.407666666666667 -0.366 0.100333333333333 0.177 0.241 0.037 -0.076 -0.208 0.106 0.507 0.322666666666667 -0.233333333333333 -0.597333333333333 -0.343666666666667 -0.245 -0.102666666666667 -0.052 -0.0793333333333333
0.177 0.241 0.037 -0.076 -0.208 0.106 0.507 0.322666666666667 -0.233333333333333 -0.597333333333333 -0.343666666666667 -0.245 -0.102666666666667 -0.052 -0.0793333333333333 -0.025 -0.192666666666667 0.205 0.104666666666667 0.132666666666667 -0.212 -0.341333333333333 -0.361333333333333 -0.0456666666666667 0.184 0.187666666666667 -0.145666666666667
-0.102666666666667 -0.052 -0.0793333333333333 -0.025 -0.192666666666667 0.205 0.104666666666667 0.132666666666667 -0.212 -0.341333333333333 -0.361333333333333 -0.0456666666666667 0.184 0.187666666666667 -0.145666666666667 -0.430666666666667 -0.430666666666667 -0.156333333333333 0.286666666666667 0.315 -0.165666666666667 -0.499 -0.489666666666667 0.0926666666666667 0.35 0.204 -0.304666666666667
0.184 0.187666666666667 -0.145666666666667 -0.430666666666667 -0.430666666666667 -0.156333333333333 0.286666666666667 0.315 -0.165666666666667 -0.499 -0.489666666666667 0.0926666666666667 0.35 0.204 -0.304666666666667 -0.587 -0.310666666666667 -0.205 0.215666666666667 0.0273333333333333 -0.127333333333333 -0.591666666666667 -0.381 -0.0603333333333333 0.345 -0.0526666666666666 -0.180666666666667
0.35 0.204 -0.304666666666667 -0.587 -0.310666666666667 -0.205 0.215666666666667 0.0273333333333333 -0.127333333333333 -0.591666666666667 -0.381 -0.0603333333333333 0.345 -0.0526666666666666 -0.180666666666667 -0.414333333333333 -0.180333333333333 -0.117 -0.243666666666667 -0.254666666666667 -0.504333333333333 -0.479666666666667 -0.136333333333333 0.541333333333333 0.775333333333333 0.55 -0.00833333333333334
0.345 -0.0526666666666666 -0.180666666666667 -0.414333333333333 -0.180333333333333 -0.117 -0.243666666666667 -0.254666666666667 -0.504333333333333 -0.479666666666667 -0.136333333333333 0.541333333333333 0.775333333333333 0.55 -0.00833333333333334 -0.128666666666667 -0.220333333333333 0.00933333333333334 0.0196666666666667 -0.0286666666666667 -0.196 -0.449333333333333 -0.292666666666667 0.226 0.494333333333333 0.133 -0.239666666666667
0.775333333333333 0.55 -0.00833333333333334 -0.128666666666667 -0.220333333333333 0.00933333333333334 0.0196666666666667 -0.0286666666666667 -0.196 -0.449333333333333 -0.292666666666667 0.226 0.494333333333333 0.133 -0.239666666666667 -0.586666666666667 -0.391 -0.556 -0.184 -0.146666666666667 -0.334333333333333 -0.543 -0.391 0.365333333333333 0.764666666666667 0.659333333333333 -0.0426666666666667
0.494333333333333 0.133 -0.239666666666667 -0.586666666666667 -0.391 -0.556 -0.184 -0.146666666666667 -0.334333333333333 -0.543 -0.391 0.365333333333333 0.764666666666667 0.659333333333333 -0.0426666666666667 -0.199 -0.039 0.213333333333333 0.2 -0.00733333333333333 -0.306666666666667 -0.521666666666667 -0.412666666666667 -0.056 0.161666666666667 0.078 0.0246666666666667
0.764666666666667 0.659333333333333 -0.0426666666666667 -0.199 -0.039 0.213333333333333 0.2 -0.00733333333333333 -0.306666666666667 -0.521666666666667 -0.412666666666667 -0.056 0.161666666666667 0.078 0.0246666666666667 0.0106666666666667 0.015 0.0493333333333333 0.038 -0.255666666666667 -0.574 -1.01066666666667 -0.69 -0.0436666666666667 0.478666666666667 0.82 0.388
0.161666666666667 0.078 0.0246666666666667 0.0106666666666667 0.015 0.0493333333333333 0.038 -0.255666666666667 -0.574 -1.01066666666667 -0.69 -0.0436666666666667 0.478666666666667 0.82 0.388 0.265666666666667 -0.142 -0.0913333333333333 0.0773333333333333 0.201666666666667 -0.089 -0.310666666666667 -0.361333333333333 0.341666666666667 0.622333333333333 0.679666666666667 0.220666666666667
0.478666666666667 0.82 0.388 0.265666666666667 -0.142 -0.0913333333333333 0.0773333333333333 0.201666666666667 -0.089 -0.310666666666667 -0.361333333333333 0.341666666666667 0.622333333333333 0.679666666666667 0.220666666666667 -0.0843333333333333 -0.165333333333333 -0.160666666666667 0.196666666666667 0.207 -0.112333333333333 -0.418333333333333 -0.0956666666666666 0.523 1.008 1.02866666666667 0.853666666666667
0.622333333333333 0.679666666666667 0.220666666666667 -0.0843333333333333 -0.165333333333333 -0.160666666666667 0.196666666666667 0.207 -0.112333333333333 -0.418333333333333 -0.0956666666666666 0.523 1.008 1.02866666666667 0.853666666666667 0.303 -0.267333333333333 -0.538333333333333 -0.343666666666667 -0.412333333333333 -0.364666666666667 -0.682 -0.187333333333333 0.258333333333333 0.677333333333333 0.340333333333333 0.00133333333333334
1.008 1.02866666666667 0.853666666666667 0.303 -0.267333333333333 -0.538333333333333 -0.343666666666667 -0.412333333333333 -0.364666666666667 -0.682 -0.187333333333333 0.258333333333333 0.677333333333333 0.340333333333333 0.00133333333333334 -0.00733333333333334 0.375333333333333 0.299666666666667 -0.00633333333333334 -0.198333333333333 -0.376 -0.417666666666667 -0.276333333333333 0.616666666666667 1.18466666666667 1.15533333333333 0.622
0.677333333333333 0.340333333333333 0.00133333333333334 -0.00733333333333334 0.375333333333333 0.299666666666667 -0.00633333333333334 -0.198333333333333 -0.376 -0.417666666666667 -0.276333333333333 0.616666666666667 1.18466666666667 1.15533333333333 0.622 0.397 0.241333333333333 -0.0183333333333334 -0.0513333333333333 -0.215666666666667 -0.177333333333333 -0.534 -0.203666666666667 0.0533333333333334 0.706 0.575333333333333 0.731333333333333
1.18466666666667 1.15533333333333 0.622 0.397 0.241333333333333 -0.0183333333333334 -0.0513333333333333 -0.215666666666667 -0.177333333333333 -0.534 -0.203666666666667 0.0533333333333334 0.706 0.575333333333333 0.731333333333333 0.301333333333333 0.380666666666667 0.338333333333333 0.222666666666667 -0.211333333333333 -0.590666666666667 -0.598666666666667 -0.127 0.236 0.447666666666667 0.446 0.264666666666667
0.706 0.575333333333333 0.731333333333333 0.301333333333333 0.380666666666667 0.338333333333333 0.222666666666667 -0.211333333333333 -0.590666666666667 -0.598666666666667 -0.127 0.236 0.447666666666667 0.446 0.264666666666667 0.306666666666667 0.558666666666667 0.674666666666667 0.456666666666667 -0.377666666666667 -0.830666666666667 -0.924333333333333 -0.449666666666667 0.0563333333333333 0.365333333333333 0.418333333333333 0.330666666666667
0.447666666666667 0.446 0.264666666666667 0.306666666666667 0.558666666666667 0.674666666666667 0.456666666666667 -0.377666666666667 -0.830666666666667 -0.924333333333333 -0.449666666666667 0.0563333333333333 0.365333333333333 0.418333333333333 0.330666666666667 0.278333333333333 0.181 0.081 0.0503333333333333 -0.250333333333333 -0.678333333333333 -0.914333333333333 -0.312333333333333 0.392 0.473333333333333 0.289666666666667 0.036
0.365333333333333 0.418333333333333 0.330666666666667 0.278333333333333 0.181 0.081 0.0503333333333333 -0.250333333333333 -0.678333333333333 -0.914333333333333 -0.312333333333333 0.392 0.473333333333333 0.289666666666667 0.036 0.0893333333333333 0.0626666666666667 0.112333333333333 0.13 -0.0123333333333333 -0.447 -0.750666666666667 -0.570666666666667 -0.0426666666666666 0.186666666666667 -0.0163333333333333 -0.252333333333333
0.473333333333333 0.289666666666667 0.036 0.0893333333333333 0.0626666666666667 0.112333333333333 0.13 -0.0123333333333333 -0.447 -0.750666666666667 -0.570666666666667 -0.0426666666666666 0.186666666666667 -0.0163333333333333 -0.252333333333333 -0.146666666666667 -0.166 -0.193666666666667 -0.311333333333333 -0.482 -0.623 -0.855 -0.587333333333333 -0.0446666666666667 0.183 0.111666666666667 -0.438333333333333
0.186666666666667 -0.0163333333333333 -0.252333333333333 -0.146666666666667 -0.166 -0.193666666666667 -0.311333333333333 -0.482 -0.623 -0.855 -0.587333333333333 -0.0446666666666667 0.183 0.111666666666667 -0.438333333333333 -0.528666666666667 -0.507666666666667 -0.265666666666667 -0.0626666666666667 -0.114333333333333 -0.345666666666667 -0.638 -0.427666666666667 -0.00833333333333332 0.537 0.148 -0.170666666666667
0.183 0.111666666666667 -0.438333333333333 -0.528666666666667 -0.507666666666667 -0.265666666666667 -0.0626666666666667 -0.114333333333333 -0.345666666666667 -0.638 -0.427666666666667 -0.00833333333333332 0.537 0.148 -0.170666666666667 -0.535 -0.251333333333333 -0.167333333333333 -0.0776666666666667 -0.515333333333333 -0.840333333333333 -1.27566666666667 -0.682333333333334 -0.146333333333333 0.308333333333333 0.198333333333333 0.109333333333333
0.537 0.148 -0.170666666666667 -0.535 -0.251333333333333 -0.167333333333333 -0.0776666666666667 -0.515333333333333 -0.840333333333333 -1.27566666666667 -0.682333333333334 -0.146333333333333 0.308333333333333 0.198333333333333 0.109333333333333 -0.06 -0.285 -0.7 -0.6 -0.712 -0.768333333333333 -0.946 -0.820333333333333 -0.250666666666667 -0.0933333333333333 -0.333333333333333 -0.617
0.308333333333333 0.198333333333333 0.109333333333333 -0.06 -0.285 -0.7 -0.6 -0.712 -0.768333333333333 -0.946 -0.820333333333333 -0.250666666666667 -0.0933333333333333 -0.333333333333333 -0.617 -0.462666666666667 0.0593333333333333 0.074 -0.082 -0.540666666666667 -0.818 -0.958666666666667 -0.581 -0.345 -0.217333333333333 -0.369 -0.304666666666667
-0.0933333333333333 -0.333333333333333 -0.617 -0.462666666666667 0.0593333333333333 0.074 -0.082 -0.540666666666667 -0.818 -0.958666666666667 -0.581 -0.345 -0.217333333333333 -0.369 -0.304666666666667 -0.254 -0.519666666666667 -0.517666666666667 -0.633333333333333 -0.466 -0.764333333333333 -0.873333333333333 -0.608333333333333 -0.102 0.341333333333333 0.360666666666667 0.212
-0.217333333333333 -0.369 -0.304666666666667 -0.254 -0.519666666666667 -0.517666666666667 -0.633333333333333 -0.466 -0.764333333333333 -0.873333333333333 -0.608333333333333 -0.102 0.341333333333333 0.360666666666667 0.212 0.0726666666666667 -0.0696666666666667 -0.0346666666666667 -0.148333333333333 -0.374333333333333 -0.895333333333333 -1.189 -0.704 -0.00833333333333334 0.836333333333333 0.582 0.217
0.341333333333333 0.360666666666667 0.212 0.0726666666666667 -0.0696666666666667 -0.0346666666666667 -0.148333333333333 -0.374333333333333 -0.895333333333333 -1.189 -0.704 -0.00833333333333334 0.836333333333333 0.582 0.217 -0.456333333333333 -0.302 0.196333333333333 0.563 0.317666666666667 -0.363333333333333 -0.808333333333333 -0.725666666666667 -0.614333333333333 -0.588666666666667 -0.394333333333333 -0.398333333333333
0.836333333333333 0.582 0.217 -0.456333333333333 -0.302 0.196333333333333 0.563 0.317666666666667 -0.363333333333333 -0.808333333333333 -0.725666666666667 -0.614333333333333 -0.588666666666667 -0.394333333333333 -0.398333333333333 -0.125333333333333 -0.152666666666667 0.238 0.452333333333333 0.327 0.0983333333333333 -0.240333333333333 0.166333333333333 0.739666666666667 1.213 1.21333333333333 0.702666666666667
-0.588666666666667 -0.394333333333333 -0.398333333333333 -0.125333333333333 -0.152666666666667 0.238 0.452333333333333 0.327 0.0983333333333333 -0.240333333333333 0.166333333333333 0.739666666666667 1.213 1.21333333333333 0.702666666666667 0.403666666666667 0.0703333333333333 0.284 0.38 0.289666666666667 -0.185333333333333 -0.264666666666667 -0.183666666666667 0.402666666666667 0.282 0.448666666666667 0.0453333333333333
