"L" "L.1" "L.2" "L.3" "L.4" "L.5" "L.6" "L.7" "L.8" "L.9" "L.10" "L.11"
"1" 1974.15543011374 1650.73511014488 1926.53199825792 2401.92298807225 2592.97319687084 2658.51147868101 2896.28231432991 3132.32423809813 2681.00917669396 2779.31205016915 2727.51257173566 2747.43923225015
"2" 1972.50072872647 2001.13512334313 2165.92458335814 2329.50520054028 2445.84383182144 3078.0213620343 2626.06706496588 2781.89675527881 2887.01920190208 2706.10901666078 2904.78766622158 2838.08747113206
"3" 2826.34272271917 2506.44701278547 1692.25459617043 1418.31136438111 1927.13535651387 2174.79970254268 2542.48524612193 2473.15221161294 2541.73214071176 2576.57328592148 2598.46454361249 2609.71676996713
"4" 1692.49960967873 1682.78452822686 1815.09836973142 1815.26076879248 1549.29350623671 1746.93140851804 2197.54572755146 2501.36871059107 2614.94207182973 2624.68038999594 2916.70276862219 2605.85755531683
"5" 1888.1699927773 2278.31276946889 2585.03248595293 2670.62645624126 2431.53457060919 2660.0593931197 2618.5693745501 2760.85903389406 2199.50248078606 2758.22340777193 2638.11910409908 2563.83847191739
"6" 1912.85941496546 1803.42498962048 2982.57899289404 2569.77502729449 2102.03679183334 2795.09717163447 2741.83262516156 2614.38199608165 2776.45863530032 2726.02966621176 2766.33427865011 3030.78465871029
"7" 2661.01062549669 2482.76954874647 1940.58644214209 2014.7816977137 1802.85640068826 2178.72433730101 2142.0380566321 2377.60506289402 2520.10843741805 2700.17659182248 2594.7812741113 2448.37090025337
"8" 1998.51664465222 1774.19155267803 2074.1584962222 2536.67629256473 2782.66998532457 3094.20638439572 2882.4140833738 3238.0500167252 2931.9739645843 3157.87356774155 3088.54984227541 3226.18805217413
"9" 2099.34678584026 1843.8778738932 1688.07260927234 1700.00593819751 2120.59327641619 2416.34458298331 2588.63129914749 2891.91225291586 2965.3743555393 3188.9956119171 3086.60590706954 3084.31727256249
"10" 1629.66554870294 1776.21760555752 1984.73306555723 2067.15096846655 1874.62264409768 2140.30036172357 2804.43623740013 3148.07739607904 3112.17374605915 3099.05765871358 3383.28916036007 3516.6596496246
"11" 1493.95493989129 1785.51031544402 2081.64162140206 2666.98021719428 2798.51878626735 2985.27129835563 3067.2043916096 2867.41404076183 2997.95651983852 3205.50106345744 3250.19921974461 3601.89554351666
"12" 2023.27964027863 1863.46998212481 2065.80885454475 2599.51315649472 2670.71217012962 2997.7405642211 3092.47527904806 3055.31883786594 3218.1751468831 3368.12364105167 3213.22630269096 3555.97271269922
"13" 2493.56060846659 1934.99950871495 1994.68903341679 2156.3562334849 2212.02199732394 2539.81696313663 2752.05760378108 2917.78345443998 2879.92503238935 2811.10663024239 3270.83129244285 3305.82051296509
"14" 2245.4370272666 1641.42931755265 1720.26598461803 1706.87962460355 1817.80203666076 2249.77831416318 2511.5870944455 2639.02025976304 2765.84568071102 2688.62794412202 2731.75749170774 2709.21178664241
"15" 2067.29805176161 1975.06958129025 2094.24666448962 2022.72652841836 1734.55979994134 2436.4104038365 2878.13901610423 3141.02094208555 3147.03247007762 3228.70555168767 3332.36134273187 3511.51930855817
"16" 1786.87077647555 2165.47543713519 2504.18684109089 2667.97957292887 2736.3834175553 3231.63919816381 2956.2132172429 2660.59296519853 2668.61580975406 3149.06920499077 2948.77458481085 3032.40799195883
"17" 2128.81507246349 2166.99490047916 2363.34208982401 2241.29128595473 2461.97489658428 2879.42715238719 3227.78159049623 3014.01441186675 3243.39462142657 3321.94190795994 3466.61195759576 3738.03947805116
"18" 2589.34311288966 2203.61047733794 2155.9890262794 1918.70975855646 1966.87845623445 2726.42251783906 2660.15593224186 2680.26871326519 2567.30198459416 2403.28442305554 2865.2240672644 3122.26668051452
"19" 1884.97717200041 1809.34783369449 1817.79736083457 1775.10837247399 1738.40761331243 2051.76002131472 2534.09925272334 2721.20169556479 2506.46808936714 2512.6607106817 2598.58459745659 3058.98919579905
"20" 2038.67094837182 1980.99813031374 1700.49536370046 1649.81454317289 1813.09381241469 2177.5749739252 2433.42107245223 2910.27303533518 2521.91257559302 3417.65944303505 3361.0284918996 3021.22904818815
"21" 2081.6774704224 1802.8481207942 1886.48675498824 1945.62340111356 2056.02759195639 2517.6196580219 2607.69990840849 2414.54373775957 2730.54149564058 2769.0563326716 3015.97858887141 2463.22193599798
"22" 2759.05428970099 2149.44483576036 1479.72526981055 1506.16235436379 1447.66775394934 2079.23325918225 2278.25815067236 2562.27264681181 2293.31574746978 2358.90422603092 2986.77552665365 3208.87784372978
"23" 1515.38462360314 1823.41927451696 2055.71849258259 2092.28582442115 1741.87643744084 1856.7849656666 2417.32317453522 2725.00514786557 2571.06562732017 3127.69389950818 3543.62393567168 3130.11138767042
"24" 1951.53709522302 1810.87100619749 1942.74939301187 1709.52096350958 1538.52079106852 1863.58330057662 2300.75395890072 2880.07981023178 3085.42701724788 3337.64161549718 4014.02749309266 3657.91198566643
"25" 2344.56931132738 1825.14983114571 1684.16652059596 1663.14934715981 1487.98476086774 1826.29734512351 2387.65845602983 2748.11311200726 2847.35016594415 2220.44560619547 2338.84659425702 2616.05679304537
"26" 1714.09550551161 2149.06198475805 2746.77692065128 2708.25255158052 2603.8642520591 3123.00619591781 2792.47689220184 2721.7604659599 2534.25473522655 3209.61211896535 3208.45772744667 3762.45531615218
"27" 2139.48212434035 2260.33644815341 2368.41696690392 2186.00127962265 1973.38510945025 2317.44610684596 2399.411544108 2444.63537144012 2286.76394917516 2878.55919555166 2943.13617978318 3221.09754301766
"28" 2593.77440637824 2113.85814626132 2324.69883307339 2183.26566861513 2133.7947666327 2436.47003314339 2556.39607792906 2464.79167389489 2770.69081059398 2534.00318816736 2550.15413602646 2889.61132511121
"29" 2201.3169090623 1664.43040689887 1862.72507744298 1847.57845263887 2079.42054230661 2393.45428103789 2627.04520940335 2909.86855162668 3167.87364607907 3149.15632099153 3407.41912939092 3461.98108040353
"30" 1918.41254784605 1847.82869981351 2132.46420738915 2227.23797455707 1967.91573302684 2467.24773974211 2908.07515390337 3192.35146416579 3353.93739421491 3522.52582168459 3426.31679747712 3753.11263484787
"31" 1624.57481390301 1865.14926431994 2266.12891278864 2861.92776932661 2940.86128598682 3427.65916469748 3180.64689142206 3048.38075393403 3218.01372514436 3582.14906335878 3398.30706298405 3462.37054787392
"32" 2127.91070307754 1981.21061910308 2279.50900013247 2477.00897442647 2775.50299293559 3309.30897388575 3178.71929657329 3288.91160923919 3357.87012752574 3556.53686222815 3342.25062024872 3665.52100624184
"33" 2308.19765533453 2061.16496150716 2164.52798541668 2240.18864929923 2241.90630635807 2734.01669562604 2779.27837723862 2974.90561506315 3094.5724555125 3174.87708798927 3256.21196883492 3601.77967220496
"34" 1766.79457563284 1764.33779061125 1965.69916249631 1872.50372259083 1861.83398250351 2092.94281742791 2687.91378584389 3166.22419164711 3150.07488126822 3307.37542375033 3039.89869055917 3373.31678349043
"35" 1655.63482055816 1742.09444096463 1740.77565993345 1763.39800520777 2268.69204656521 2644.17137089677 2662.40859959734 3215.52389362762 3048.99647421497 3628.03597692361 3293.68528148249 3404.11741364659
"36" 2072.00855934687 2033.92004205261 1871.6412087011 1896.96155138278 2333.74896505737 2905.57608921522 2873.72323585967 3190.92716359432 3258.56688377754 3343.56585366876 3053.84187295763 2990.2555179243
"37" 2279.63407156386 1919.43034322133 1705.72558593035 1632.37454622333 1651.53827871507 2274.79894364937 2477.28962055965 3083.05969267192 3025.39177045237 3379.78343918167 3381.2129223484 3622.1402491991
"38" 1364.59333789758 1826.59123121414 2122.47432002087 2291.32086824791 1944.85586275583 2102.29135108071 2726.84138153857 3076.76315239882 3131.7902295003 3464.33366351052 3468.00179169511 3474.66198703412
"39" 2002.23030819077 1789.91227044615 1808.9285241366 1874.54608247268 1660.93134217133 2216.62357285779 2650.23666917172 3222.70714509291 3325.89385079828 3507.95839858963 3592.45907739914 3477.50586657422
"40" 1963.34806298183 1912.17734218076 1850.678951427 1796.81171135028 1576.88222212134 1949.78744838709 2532.10951044001 2985.08711371303 3000.19103001924 2920.10490582729 2981.83703597768 3101.1444183786
"41" 1539.29496623242 1894.78175337107 2183.57100561642 2703.86122615967 2773.03342526441 3387.67342876336 3345.57936288043 3196.01961640301 3320.95347530933 3544.93156809776 3114.06263912093 3539.7400941963
"42" 1746.61306231967 1942.5691826249 2069.51711064867 2234.68270917529 2053.23574571526 2450.2547001373 2681.91363284404 2838.01054329909 2897.70513891605 3502.99727535641 3139.85294963833 3494.136995616
"43" 2388.60280227295 2040.58078252719 2163.09518836064 2345.7805077402 2207.55082955039 2649.24403936158 2749.75005660863 2777.725975146 3060.97698597675 3189.95048591921 3045.45210862927 3204.14993472036
"44" 2105.74390155432 1957.40594760375 2031.46203639402 1911.24322020052 1860.93593574391 2344.37138869348 2928.57588881827 2905.62804998126 2944.41275618377 2812.86378816261 2688.82515536101 3040.30381355553
"45" 1782.5698461497 1714.44766443656 1774.23961952633 1916.23366714121 2027.82575907288 2481.49993922019 2663.26169289445 2677.21351034326 3075.07143244817 3058.41212559583 3042.87417221453 3060.48349956317
"46" 2207.97869623347 1793.63151303644 1913.7329652914 2023.91528033222 2070.66220888559 2418.60203178077 2842.40030050375 2503.67326636258 3103.76966042227 2893.16137265685 2933.83958854689 2586.22407828312
"47" 2258.89170481288 1797.60294305738 1656.06928552317 1592.42426393084 1619.5976492886 2251.87877083462 2610.4266637443 2810.21023824742 2893.44009542496 2970.04487492711 3248.86965595599 3218.55137891907
"48" 1747.53447588158 2022.36511521495 2323.3167941748 2282.60346986334 2030.56261186055 2175.42749509688 2823.75025821529 2790.88353547177 3001.09097140243 3140.63043242878 3277.36363006193 3147.62592404235
"49" 2078.20656571128 2036.6678019385 2050.30662909722 1946.17985359903 1716.46160477797 2129.73557687999 2672.28125890636 3039.7554871337 3345.0159097028 3432.61511188809 3468.03103705324 3937.91471008817
"50" 2150.90244287627 1946.81607052122 1704.42701095344 1436.7788421283 1485.3917425142 2087.23149625456 2611.79781471548 2753.36550758392 2901.33914145193 2805.71486880362 2807.43621404044 2978.21241615684
"51" 1772.95014894194 2255.4221428132 2609.56881216293 2543.218319919 2492.88380180107 2970.19474357137 3345.53689636375 2878.99089269211 2903.06876422678 3164.62052861953 3253.23465174376 3353.47957921867
"52" 1951.06119085252 2246.78022883283 2246.14981952332 2126.28821636383 2141.81272761932 2583.51648732897 2656.06385473195 2670.82915466671 2672.47748478831 2958.6817748563 3092.22588472416 3158.934526759
"53" 2259.93969375223 2348.3096903861 2369.60079952777 2222.81205326004 2135.34278368071 2709.50974827254 2809.82078128065 2855.17382271301 3151.80683367867 2830.65697520187 2989.56539230225 3074.04637427047
"54" 1671.3202506811 1862.43922967948 1852.47031322417 1943.66895673008 1807.63321203631 2039.30744928765 2707.65083210351 3110.09222077027 3021.87170658133 3280.22418407643 3024.0500574537 3237.15622671296
"55" 2021.57254856345 1914.24505947994 1917.36702468701 1799.53385629143 1803.60963016731 2175.69237599185 2655.93075808652 2889.76307703967 3183.02679030571 3242.46172357789 3093.0757754202 3084.65554642363
"56" 2050.72195381482 1886.92334591152 1641.17514267796 1583.58472293234 1482.55153515773 1964.33352216554 2395.87083265543 2685.21067969777 2616.71109531076 2754.4944150167 2730.93405523737 3128.24712302444
"57" 1883.31067578258 2054.83914755842 1776.1344883172 1845.96168111313 2011.17171031118 2694.32890059705 2806.03355804436 2942.27254544681 3197.51255838306 3503.54461042369 3268.79449857209 3190.59184128592
"58" 2086.43775722464 1846.62386512672 1374.52316071596 1583.3391519601 1405.37567623851 2065.61386140003 2334.5313032478 2771.05219624427 2744.06733325745 3196.70946271956 3352.85018641217 3243.47693257504
"59" 2291.68911071163 2074.09430644572 1602.70212389632 1665.09238212246 1611.19646374821 2396.84939948011 2514.02716056841 2425.80327301036 2634.92258752137 2798.5507042189 3144.88774377769 3133.72145439437
"60" 1769.02315426914 2053.62772385854 2035.97031164397 2005.95244355181 1680.6177673818 1898.59298288548 2443.22660279108 3060.48802155955 3146.64675827821 3328.07758248467 3500.76525732192 3317.09037688822
"61" 1691.24919145904 1884.03526969934 1880.34024773641 1800.79804744562 1483.22886723473 1876.65803986862 2376.24608986324 2731.80284667956 2688.67414446356 2871.61544176023 2833.3849301423 2997.71680846254
"62" 2306.65854806927 1965.94363918779 1658.28898538935 1660.79560360074 1636.24621527115 2068.49511351864 2507.69330774658 2687.23620380073 2963.783942933 2896.22341282571 2981.98555088279 3045.55011579951
"63" 1713.82126899824 2197.29757232425 2362.76380878434 2161.52412470256 2038.78702899933 2381.37671988032 2592.77048254716 2543.79053380104 3021.78391802965 3018.79973576242 3070.11501929592 3189.20801878853
"64" 1988.21979105791 2011.84881954043 2306.76415583189 2141.25815430796 2049.17629374656 2566.35383434346 3223.93200936266 3169.61856534426 3366.25743663313 3248.252390205 3316.49064140572 3744.68731553777
"65" 1802.64868240196 1745.66816545698 1904.34820195706 2041.15050183199 2329.18999121525 2828.07383122976 2949.66372074419 2901.69309480922 3574.52458751866 3624.35443925198 3809.73520665169 3802.3578040637
"66" 2362.6910696465 1802.34819449666 2049.41338730887 2213.82349650264 2395.25197374242 2789.36941043341 3081.98420656176 3029.8108575815 3761.72398783478 3398.26583054194 3352.61399388792 3200.6266425734
"67" 2432.97657265523 1840.7465003496 2121.13635079116 1836.64935991872 1822.12518645547 2489.78737418464 2752.36135677122 3212.06983871213 3475.87880067281 3595.63448130124 3912.36937379871 4091.42181062448
"68" 1666.34169149622 2002.48548635092 2358.29511460197 2447.0006600086 2278.57038189776 2550.03484685229 3115.57629868353 2993.70089437987 3714.34376656969 3880.15025215856 3660.18475733457 3975.50162080302
"69" 2511.47820282877 2045.53010934274 2026.41959831842 2134.04218845341 1849.40257291195 2481.30523897448 3148.49147146378 3645.6140859281 3844.55922154299 4152.94881862844 3728.02451619339 4032.14274784783
"70" 2399.72850645961 2210.03294302366 2099.49674978154 1632.5315097955 1742.2427337063 2387.95918747215 2961.81690147162 3195.87838836147 3397.78369284037 3407.07486112471 3289.16194215079 3720.43554761177
"71" 2047.49986447437 2098.13079128633 2356.6575674834 2779.09316723354 2793.16366635632 3527.38851318238 3636.48316298086 3265.53771250634 3812.12980641737 3922.79846475188 3555.76811509506 4047.64948107341
"72" 1931.67676982611 2110.64309646434 2281.94699594271 2420.37357020446 2463.35803106187 2998.61396783083 3047.66761603777 2925.52178176528 3502.5666889417 3638.56082412885 3823.21691277101 4062.6007101783
"73" 2574.27319054056 2291.50244547601 2420.86351160736 2624.66172772803 2478.53211138818 3267.77613436426 3131.7212638481 3212.91790898482 3598.15406542749 3618.55303300662 3452.31785662677 3820.00391126761
"74" 1712.10773089382 1853.77717294699 2105.95827246064 2132.04124992062 2091.35552874297 2226.75035106531 3031.61469884749 3508.99401874916 3808.47392880332 3951.36667804936 3357.22131987502 3881.40745672766
"75" 2288.11267924351 1954.92416104205 2085.75010876944 2032.38141939538 1929.87184646954 2592.08586395135 2954.90521200656 3592.30296629538 3821.53869458812 3682.45219592755 3250.71984237905 3479.23257586345
"76" 2072.96781970089 1975.37156654108 2015.28542049978 1812.46374076857 1657.0476568548 2145.22847026236 2783.84317526535 3208.01300102028 3091.75428651136 3258.81906250391 3282.42991986132 4033.93090998374
"77" 1882.22299143656 1932.02077314075 1827.93540942027 1994.27349311967 2426.06002941676 3301.3342020115 3187.77829412861 3594.14351620251 4105.73902669609 4370.58242294552 3346.72662924012 3882.06764086171
"78" 1922.64992203736 1904.57355163449 1657.86358880601 1774.86067639791 1744.5427405141 2501.92861201691 2666.59572788611 3194.50202038912 3437.68821901943 3900.46215958804 3737.98136029999 4190.3228348477
"79" 2289.72602221728 2185.03671400686 1781.41469685025 1884.92805719427 1855.03161376221 2829.91909172096 2843.45659178063 2931.31448673061 3167.37733499247 3281.6524824155 3168.76938452454 3876.66252411797
"80" 1797.67700172859 1918.31666266443 2002.37256669237 2150.27296556915 1719.91444754824 2198.67746877577 2894.47228475674 3751.55185113739 3921.7300141608 3868.55066763099 3619.91530824578 3731.52342674575
"81" 1779.39892612387 1998.58224589609 2040.8083020305 2079.09926580402 1713.25126971242 2092.37568936647 2665.74005517853 3110.98056320084 3340.0840440337 3594.49453348316 3314.00934283422 3689.78973363069
"82" 2482.51580526757 1991.70050376106 1829.41276551406 1865.27027743392 1833.63989438739 2376.19813443966 2805.0144499501 3206.43447327689 3537.96765581656 3496.18276274194 3522.82942014414 3458.05188428358
"83" 1992.20154686414 2081.4440754803 2230.81633127168 2410.39155395791 2301.23779893991 2720.8329399244 2959.06091628223 3037.9973781891 3814.32229590567 3797.95111830425 3301.52086439755 3782.46743972819
"84" 1806.18558860092 2038.95101055658 2075.38153928537 2303.46170773095 2214.4525320452 2558.93221339722 3811.72807171894 3164.66766440932 3705.45545906864 3137.15492537816 2944.22600691256 3416.71997688039
"85" 2280.19219375948 2155.71210709842 2073.75917393583 2121.24680081447 1942.63097067566 2610.95097879579 3571.45584182128 2973.82823276078 3612.90396894908 3139.17856364449 3086.73679334557 3051.93790769389
"86" 2353.89076159728 2139.97454169325 1813.19911938438 1660.33501721257 1678.48022093971 2507.12108393267 3193.64776872124 2844.55186607925 2611.22057214022 2774.92971751464 2945.63453468707 3434.88683899758
"87" 1951.61124994368 1976.70895390233 1904.36081762202 2367.05536533141 2188.11218123253 2782.74849931861 3567.2149310445 3125.67506110119 3898.85985510185 3381.13900899436 3359.69543098739 3272.39985513705
"88" 1921.67648975208 1854.23222810107 1634.29048324865 1786.88805665531 1733.63359006365 2467.57474085179 2800.32191606714 2803.97243236113 3042.36103476903 3260.64487881498 3539.64096516416 3490.53967224121
"89" 2344.73475138414 2026.64252050106 1943.82939385757 1987.27684400841 1776.54456898092 2633.05166798596 2868.76780915406 2620.98475906044 2969.22675964907 2791.061551544 3212.52140365871 3165.19021412646
"90" 1920.36111701174 2265.49958160287 2211.44962384712 2201.20050543742 1948.14846996886 2385.18534150361 3185.6055478715 3159.68611973234 3446.73408947481 3501.85099164446 3600.5056810232 3733.90104827528
"91" 1795.71848118197 1989.7131864773 1784.70295740442 1617.69806701946 1638.60825890409 2368.84353277837 2879.71488910514 2690.23303884343 3150.35105798955 3023.97209991741 3052.16317157034 3323.54048117075
"92" 2411.2223595706 2123.9497665947 1753.08425631352 1820.50976222124 1765.81490795178 2462.78610572557 2947.50452625178 3017.66502535679 3384.58924511347 3263.27357805409 3342.11508506512 3479.31195536145
"93" 1859.74082271841 2412.43697100403 2487.56000326979 2479.4665202876 2457.48520770577 2771.74995990937 3191.44046627531 2823.50491349325 3267.10768579239 3134.25117041171 3308.22889633773 3452.57366204117
"94" 1841.25512604615 2134.84787240765 1987.54511958704 2193.91611014612 1943.3406716359 2307.08367114885 3372.44320424415 3740.75419294152 4002.76149181659 3702.99442195986 3475.66179615981 3611.27262148693
"95" 1819.49936047129 1899.32437111531 1696.26120595412 1860.93760222002 1602.26346908007 2184.9009300666 2941.69247637882 2938.07057923926 2981.59056014337 3141.43307086112 3515.00155454584 3674.64735026373
"96" 2316.69446763589 2033.08233306833 1722.98869215473 1804.55690587784 1744.68685342774 2532.25475551272 2862.31287600992 2982.80548944821 2948.90181777048 3045.08299885774 3381.38714884226 3786.5546346147
"97" 1900.15247551064 2088.62168598504 1460.16206398327 1815.02712720263 1642.92043796436 2435.02012073292 2903.94506901469 2896.13692786292 3344.55101895316 3354.17013576025 3548.84522027252 3793.85027949973
"98" 1877.40417352494 2132.06625043494 1807.21481363422 1963.28912951629 1690.32548259303 2113.97429259885 2805.14256815342 3216.94500397903 3552.98010434833 3306.55505751827 3463.343647322 3444.98601124101
"99" 38 14 58 3 58 4 7 7 5 25 25 7
