216.12
120.803761390701
216.12
216.12
145.117339825528
145.117339825528
216.12
216.12
145.117339825528
216.12
216.12
141.286368979069
120.803761390701
216.12
120.803761390701
216.12
216.12
216.12
216.12
120.803761390701
216.12
216.12
145.117339825528
120.803761390701
99.8567772827016
141.286368979069
141.286368979069
216.12
138.334341173475
145.117339825528
141.286368979069
145.117339825528
216.12
216.12
99.8567772827016
120.803761390701
145.117339825528
145.117339825528
99.8567772827016
145.117339825528
141.286368979069
145.117339825528
120.803761390701
216.12
145.117339825528
216.12
216.12
120.803761390701
216.12
216.12
216.12
216.12
145.117339825528
138.334341173475
141.286368979069
145.117339825528
145.117339825528
216.12
120.803761390701
216.12
120.803761390701
216.12
120.803761390701
145.117339825528
145.117339825528
145.117339825528
141.286368979069
216.12
145.117339825528
145.117339825528
145.117339825528
145.117339825528
145.117339825528
138.334341173475
216.12
145.117339825528
216.12
216.12
141.286368979069
99.8567772827016
138.334341173475
216.12
141.286368979069
145.117339825528
145.117339825528
216.12
99.8567772827016
138.334341173475
145.117339825528
145.117339825528
216.12
138.334341173475
216.12
145.117339825528
216.12
145.117339825528
145.117339825528
141.286368979069
99.8567772827016
216.12
141.286368979069
216.12
120.803761390701
216.12
145.117339825528
216.12
141.286368979069
216.12
216.12
216.12
216.12
141.286368979069
138.334341173475
141.286368979069
99.8567772827016
141.286368979069
141.286368979069
216.12
216.12
216.12
216.12
216.12
216.12
145.117339825528
145.117339825528
141.286368979069
141.286368979069
141.286368979069
120.803761390701
145.117339825528
145.117339825528
141.286368979069
120.803761390701
99.8567772827016
216.12
120.803761390701
145.117339825528
99.8567772827016
216.12
141.286368979069
145.117339825528
141.286368979069
216.12
145.117339825528
141.286368979069
120.803761390701
216.12
120.803761390701
99.8567772827016
216.12
99.8567772827016
99.8567772827016
216.12
216.12
99.8567772827016
216.12
216.12
99.8567772827016
145.117339825528
120.803761390701
216.12
145.117339825528
216.12
216.12
216.12
216.12
145.117339825528
145.117339825528
216.12
216.12
216.12
145.117339825528
145.117339825528
99.8567772827016
216.12
216.12
216.12
120.803761390701
216.12
141.286368979069
141.286368979069
216.12
141.286368979069
99.8567772827016
138.334341173475
141.286368979069
141.286368979069
216.12
141.286368979069
216.12
145.117339825528
216.12
216.12
216.12
216.12
216.12
141.286368979069
141.286368979069
145.117339825528
99.8567772827016
145.117339825528
99.8567772827016
216.12
216.12
145.117339825528
145.117339825528
141.286368979069
145.117339825528
141.286368979069
120.803761390701
99.8567772827016
216.12
141.286368979069
216.12
216.12
216.12
216.12
145.117339825528
216.12
145.117339825528
216.12
216.12
216.12
141.286368979069
145.117339825528
216.12
216.12
145.117339825528
216.12
120.803761390701
216.12
99.8567772827016
145.117339825528
145.117339825528
216.12
99.8567772827016
145.117339825528
216.12
145.117339825528
216.12
216.12
138.334341173475
216.12
145.117339825528
145.117339825528
145.117339825528
216.12
145.117339825528
141.286368979069
99.8567772827016
216.12
120.803761390701
138.334341173475
99.8567772827016
216.12
141.286368979069
141.286368979069
145.117339825528
216.12
216.12
216.12
216.12
145.117339825528
145.117339825528
138.334341173475
216.12
216.12
141.286368979069
216.12
120.803761390701
145.117339825528
99.8567772827016
216.12
141.286368979069
145.117339825528
120.803761390701
216.12
216.12
216.12
120.803761390701
216.12
145.117339825528
141.286368979069
145.117339825528
216.12
216.12
120.803761390701
216.12
216.12
216.12
145.117339825528
120.803761390701
216.12
216.12
216.12
216.12
138.334341173475
216.12
216.12
138.334341173475
