1980	1.07142857142857	7.45816326530612	15.4014285714286	28.7408866995074	230.477619047619	260.628078817734	260.628078817734	213.739523809524	312.917525773196	95.4453551912568	10.4583783783784	1.08958333333333
1981	0.0238317757009346	5.63181818181818	22.8331818181818	65.0717868338558	232.708181818182	143.237304075235	143.237304075235	162.293181818182	127.039726027397	96.5483412322275	43.5554828150573	0.0497630331753555
1982	0.42	1.79312169312169	12.8521327014218	64.4960720130933	118.423222748815	185.13240589198	185.13240589198	194.596118012422	334.552194357367	94.8495454545454	11.7945141065831	0.172727272727273
1983	10.6270142180095	0.0126984126984127	1.82227272727273	32.6031347962382	189.596818181818	178.41724137931	178.41724137931	230.804545454545	217.282288401254	176.212376237624	87.6129263913824	16.4064356435644
1984	0.000434782608695652	29.2644409937888	7.36173913043478	79.8688155922039	154.762608695652	216.017541229385	216.017541229385	193.962608695653	180.199700149925	107.16	10.6959375	0
1985	12.2012987012987	10.7937198067633	7.97748917748917	111.848598130841	163.442723004695	147.653811659193	147.653811659193	228.233766233766	218.126905829596	177.56981981982	97.6224215246637	0.142477876106195
1986	0.000869565217391304	5.48792270531401	3.54086956521739	100.668665667166	194.352173913044	168.333283358321	168.333283358321	189.931739130435	169.906146926537	72.6117647058824	11.724375	12.3058823529412
1987	0.143913043478261	7.06908212560386	47.4330434782609	57.9616191904048	81.0839130434782	176.332533733134	176.332533733134	229.766086956522	287.954572713643	70.5473913043478	58.87546875	0
1988	0	21.5875	9.85708333333333	129.966810344828	220.03625	157.710647482015	157.710647482015	253.252083333333	85.1668103448276	148.586666666667	9.17990654205607	0.11304347826087
1989	5.05166666666667	0.482407407407407	32.0925	38.3758620689655	226.292083333333	129.510344827586	129.510344827586	167.897916666667	181.975	102.876724137931	8.72543103448276	0.757575757575758
1990	2.65627705627706	10.2333333333333	66.86125	65.6056034482759	248.154166666667	110.314655172414	110.314655172414	150.810212765958	195.358744394619	83.1251082251082	10.4295964125561	0.127027027027027
1991	9.64958333333333	0	14.9333333333333	62.3887892376682	173.528138528139	97.164224137931	97.164224137931	305.61125	152.508620689655	63.9954166666667	2.01120689655172	2.01916666666667
1992	9.83	39.8611607142857	0	12.6538793103448	43.9145833333333	109.684482758621	109.684482758621	181.332467532468	260.203587443947	73.3704166666667	1.74051724137931	65.7870833333333
1993	0.7175	0.279166666666667	44.2020833333333	45.2129310344828	158.065367965368	98.9345291479821	98.9345291479821	172.231168831169	213.948130841122	28.0351351351351	0.0014018691588785	0
1994	0	6.33140096618358	107.035497835498	41.2053811659193	269.655844155845	238.535426008969	238.535426008969	341.935497835498	173.739013452915	53.791341991342	6.31748878923767	17.2308333333333
1995	3.98958333333333	1.56527777777778	13.8195833333333	51.0512931034483	166.315833333333	146.354310344828	146.354310344828	378.46875	224.45474137931	82.0475	49.8	0.729583333333333
1996	0.120833333333333	62.1693023255814	27.0883116883117	171.073094170404	144.095670995671	177.382511210763	177.382511210763	250.301298701299	314.448430493274	102.570562770563	78.5596412556054	0.225974025974026
1997	0.17125	1.6375	38.51625	59.9599137931035	70.84125	48.2581896551724	48.2581896551724	216.230303030303	216.674887892377	80.4298701298701	6.1542600896861	0
1998	1.50125	8.80740740740741	19.6229166666667	53.0418103448276	117.352083333333	98.5172413793103	98.5172413793103	150.212916666667	200.55	71.5073593073593	51.9533632286996	2.47125
1999	16.0475	0.126388888888889	29.7952380952381	162.661883408072	251.198268398268	149.308968609865	149.308968609865	280.039166666667	274.747844827586	141.16875	34.0637931034483	3.79708333333333
2000	0.130416666666667	30.6290178571429	2.15583333333333	138.982327586207	200.635064935065	187.547413793104	187.547413793104	214.675	253.880603448276	123.787916666667	3.42413793103448	0.412916666666667
2001	3.06791666666667	1.38935185185185	101.942916666667	21.8547413793103	236.209583333333	126.183021582734	126.183021582734	289.720833333333	220.094396551724	128.588744588745	2.09641255605381	1.8021645021645
2002	19.7491304347826	0.232367149758454	9.90826086956521	38.3253373313343	201.669565217392	129.507796101949	129.507796101949	278.34	300.992653673163	100.659565217391	28.2710644677661	28.4843478260869
2003	7.62391304347826	21.8705314009662	70.4678260869565	29.6869565217391	106.143913043478	195.048125937032	195.048125937032	167.686521739131	255.814092953523	19.5465217391304	0.536131934032984	0
2004	7.77652173913043	40.1324534161491	8.57652173913043	65.995952023988	197.446521739131	272.030734632684	272.030734632684	148.652173913043	329.864617691154	15.735652173913	6.52488755622189	0
2005	2.75862068965517	0.285714285714286	27.6665094339623	86.8605220228385	77.2986425339367	207.15328125	207.15328125	200.477830188679	339.60046875	41.4493212669683	34.3475849731664	7.14484536082474
2006	0.43	11.5534391534392	32.8880952380952	95.2029556650247	294.339047619048	191.568620689655	191.568620689655	299.459523809524	274.989162561577	148.547777777778	6.41379310344828	0
2007	0.142857142857143	10.4243386243386	9.62952380952381	76.9349753694581	293.925714285714	196.556157635468	196.556157635468	189.5	198.17684729064	161.116190476191	0.980295566502463	0.324285714285714
2008	14.6686363636364	10.5515306122449	6.25142857142857	91.2489028213166	93.45	147.089811912226	147.089811912226	167.123636363636	251.599373040753	134.675714285714	44.1931034482759	4.11619047619048
2009	0	0.237878787878788	30.5018181818182	78.0352664576803	152.94	194.943103448276	194.943103448276	162.052272727273	226.630721003135	94.887	6.81258620689655	1.275
2010	0	0	0	47.6440677966102	23.6	189.620689655172	189.620689655172	-999	-999	-999	-999	43.087619047619
2011	1.24523522316043	10.1392809587217	100.593637454982	112.023970037453	187.801088270859	225.580754716981	225.580754716981	338.873300970874	356.428767123288	107.703971119134	9.59405940594059	0.76978417266187
2012	9.13888888888889	0.83955223880597	26.5838150289017	114.786057692308	199.004836759371	117.247461928934	117.247461928934	222.5	244.814303638645	38.3321299638989	54.2924050632911	2.31818181818182
2013	26.2967479674797	6.83408071748879	21.2031029619182	26.1567567567568	115.369047619048	189.191836734694	189.191836734694	241.985352862849	247.921302578019	126.300970873786	27.7376033057851	42.3799126637555
2014	0	5.09128630705394	31.2716857610475	71.2897196261682	127.818345323741	147.180102915952	147.180102915952	355.458333333333	299.628865979381	107.8125	-999	-999
2015	-999	-999	-999	-999	-999	-999	-999	-999	-999	-999	-999	-999
