
1948   -1.452   -3.817   -2.210   -1.713   -1.519   -0.243   -0.303    0.135   -0.252    0.892    2.300    0.907
1949   -0.909   -4.773   -4.327   -4.691   -3.294   -2.262   -0.993   -0.467   -0.688   -1.369   -1.714   -4.447
1950   -5.168   -4.978   -4.731   -3.426   -1.624   -2.039    1.138   -0.603   -0.680   -0.659   -1.720   -1.267
1951   -3.573   -2.806   -1.923   -2.568   -1.565   -0.771   -0.539    0.767    0.554    0.848   -0.843   -1.452
1952   -4.122   -4.047   -3.478   -2.889   -1.931   -1.423   -0.177    0.322    0.612    1.450    0.266    1.125
1953   -3.174   -4.408   -2.991   -2.833   -2.129   -2.132   -0.131    0.807   -0.008   -0.052    0.725   -0.101
1954   -3.965   -3.564   -3.217   -3.204   -2.465   -1.385   -0.674   -1.143   -0.922   -1.455   -0.865   -2.530
1955   -3.562   -4.518   -2.062   -2.814   -2.642   -1.929   -0.536   -0.837   -0.936   -1.845   -1.053   -0.801
1956   -3.855   -4.420   -3.169   -2.476   -2.476   -1.898   -0.384   -0.312    0.038   -0.865    0.036   -3.779
1957   -3.739   -2.763   -3.863   -2.661   -1.675   -0.713   -0.610    1.125    1.128    0.928    0.943   -3.645
1958   -3.419   -2.478   -4.218   -3.225   -1.976   -1.025    0.925   -0.128   -0.019    0.283    0.115   -0.435
1959   -4.236   -3.162   -3.074   -2.814   -2.765   -0.668    0.565    0.308    1.286   -0.055   -0.256   -1.115
1960   -3.419   -4.040   -2.980   -2.189   -1.221   -0.984   -0.540   -0.488    0.639    0.347    0.710   -0.825
1961   -0.851   -3.110   -1.733   -2.751   -1.000    1.039    0.977    1.258    1.456    1.543   -1.340   -2.686
1962   -3.171   -3.205   -3.378    0.023   -1.499   -0.833    0.916   -0.150    0.710   -0.966    0.850   -1.043
1963   -2.883   -2.674   -1.957   -1.160   -0.977    0.739    0.685    2.592    1.417    2.958   -0.584   -0.225
1964   -3.900   -4.128   -3.596   -2.959   -1.961   -1.767   -1.801   -1.250   -1.866   -1.030   -1.030   -1.560
1965   -2.520   -3.719   -3.872   -3.101   -2.369   -0.535    0.423   -0.123    1.013    0.239   -0.861   -3.182
1966   -4.232   -3.694   -2.282   -2.075   -1.523   -0.910    0.058   -0.506   -0.796    1.054   -0.110   -1.222
1967   -2.628   -3.459   -1.833   -1.108   -0.441   -0.806    0.720    1.222    0.706    1.174    0.255   -1.675
1968   -2.901   -2.734   -3.112   -0.781   -1.207   -2.016   -0.731    0.227    0.010    0.460    1.804   -0.456
1969   -2.645   -2.629   -2.754   -2.079   -2.034   -0.820    0.398   -0.064    1.097    0.194    0.679   -1.012
1970   -2.176   -2.066   -3.278   -3.347   -2.910   -1.397   -0.774   -1.196   -1.590   -1.054   -1.532   -2.040
1971   -1.680   -3.236   -1.522    0.890   -0.922   -0.854   -1.191   -1.680   -1.149   -1.535    0.506   -2.461
1972   -0.783   -2.363   -1.576   -0.677    1.525    0.753    1.987    1.001    1.748    1.663   -0.940   -1.425
1973   -3.558   -3.963   -4.391   -4.398   -3.273   -2.892   -2.245   -2.310   -2.727   -2.811   -2.576   -2.534
1974   -2.853   -3.484   -1.639   -0.620   -1.076   -0.746   -0.350   -1.085   -1.435   -0.756    0.513   -1.246
1975   -2.953   -4.035   -3.669   -4.071   -3.157   -2.193   -1.781   -2.223   -2.966   -1.918    0.157   -3.534
1976   -2.983   -2.339   -2.097    0.282    0.770   -0.357    1.577    0.803    1.854   -0.844   -0.515   -1.139
1977   -4.104   -4.304   -2.994   -2.044   -2.241   -0.635    0.477    0.728   -0.222    1.643    0.782   -1.618
1978   -2.624   -3.191   -3.967   -2.555   -3.120   -1.082   -1.013   -0.501   -0.084   -0.177    1.398   -3.261
1979   -2.063   -3.079   -3.099   -3.022   -1.841   -1.661    0.079    0.427   -0.610    1.144    0.374    1.127
1980   -3.160   -3.708   -2.236   -1.192    0.067   -0.201    0.715    0.849    1.339    0.716   -0.598   -1.832
1981   -1.887   -3.058   -2.565   -1.659   -2.982   -0.673   -1.371   -0.627   -0.657    0.162   -0.657   -0.516
1982   -2.721   -2.336   -2.081   -1.907   -0.753    1.052    2.894    2.783    1.522    1.723    0.922   -3.523
1983   -4.567   -4.863   -4.590   -4.487   -3.937   -1.902   -0.536   -0.791   -0.643   -0.147   -0.106   -1.609
1984   -2.907   -4.096   -4.609   -4.448   -3.913   -2.155   -1.520   -0.546   -1.020    1.558    0.407   -1.609
1985   -0.096   -4.246   -2.772   -1.481   -1.840   -0.349   -0.197   -0.697    0.247   -0.304   -0.899   -0.717
1986   -3.756   -1.400   -3.169   -2.711    0.655   -0.353    0.624    0.241    1.574   -0.075    0.531    1.681
1987   -3.645   -2.822   -3.437   -1.911   -1.780   -1.061    0.474    0.486    0.471   -0.215    0.283   -2.534
1988   -3.496   -3.808   -4.558   -3.377   -3.539   -1.599   -1.379   -2.699   -2.437   -1.002   -2.575   -1.618
1989   -3.876   -2.618   -3.009   -1.736   -2.764   -0.934   -1.372   -0.789   -1.444    0.153    1.811    0.118
1990   -2.136   -2.603   -1.388   -2.171   -1.290   -0.115    1.172    0.442    0.475   -0.060    3.478   -0.376
1991   -2.907   -3.050   -0.906   -1.245   -0.853   -0.352    0.742    1.437    1.928    0.961    1.464   -2.485
1992   -2.057   -4.418   -4.622   -2.863   -2.387   -1.393    0.178    0.943    0.091    1.453    1.466   -1.774
1993   -2.206   -2.147   -0.847   -1.104   -1.743   -0.680    0.064    0.421   -0.099    0.776   -0.874   -0.878
1994   -1.980   -2.659   -2.618   -1.580   -0.765   -0.226    1.601    1.920    1.549    0.878    0.461    0.726
1995   -2.455   -2.320   -3.191   -1.701   -1.270   -2.628   -1.452   -1.716   -0.621   -0.660   -1.784   -2.009
1996   -2.140   -2.428   -3.186   -2.612   -1.525   -2.630   -1.273   -2.263   -0.696   -1.333   -0.306    1.049
1997   -0.026   -2.006    0.995    1.488    0.544    0.595    1.483    2.177    1.921    1.112   -1.376   -1.281
1998   -3.951   -3.984   -3.639   -4.456   -3.976   -3.314   -3.198   -1.868   -2.586   -2.104   -2.024   -2.143
1999   -4.548   -2.184   -4.000   -3.430   -3.090   -1.890   -0.777   -1.023   -1.717   -2.485   -0.716   -2.972
2000   -2.983   -3.774   -3.567   -3.780   -2.342   -2.527   -1.104   -0.010   -1.278   -0.757   -1.455   -2.390
2001   -3.852   -4.137   -3.498   -3.523   -1.443    0.020    0.131    0.700   -0.432    0.950    0.281    0.134
2002   -3.076   -1.278   -2.364   -1.293   -0.034   -0.334    2.153    2.527    2.698    3.295    0.109   -1.407
2003   -2.210   -3.618   -2.684   -0.898   -0.252   -0.788    1.031    0.595    1.226    1.013    1.607   -0.863
2004   -2.675   -1.312   -1.641    0.070   -1.767    2.390    0.502    2.064    0.793    2.324    1.332   -0.107
2005   -1.052   -3.016   -2.572   -1.000   -1.271   -1.802   -0.035    0.668    1.038   -0.647   -0.338   -2.348
2006   -3.013   -3.681   -2.754   -2.734   -1.471   -0.700    1.351    2.565    2.155    1.692   -0.321   -1.813
2007   -3.338   -2.817   -1.768   -1.907   -1.208   -2.790   -0.847   -0.516   -0.356   -1.058    0.442   -4.074
2008   -3.097   -4.281   -4.236   -3.353   -2.091   -2.473   -2.295   -2.087   -1.170   -2.578   -3.824   -2.641
2009   -2.948   -3.950   -2.677   -3.027   -2.157   -0.508    2.441    0.853    1.933    1.920    0.010   -0.293
2010   -2.566   -3.383   -2.350   -3.346   -3.813   -3.645   -3.854   -2.872   -3.953   -2.976   -3.637   -3.153
2011   -3.168   -2.362   -2.566   -2.100   -1.774   -1.630   -0.304    0.042   -0.750   -1.997   -1.658   -3.910
2012   -3.552   -4.054   -3.377   -2.182   -0.748   -0.807   -0.383    0.411    1.448   -0.643   -1.856   -3.101
2013   -3.199   -4.066   -2.768   -3.590   -3.898   -1.950   -1.433   -1.384   -0.135    0.997   -2.732   -3.506
2014   -1.028   -0.584   -0.907   -0.381   -2.422   -0.632    0.618   -0.209 -999.999 -999.999 -999.999 -999.999