
1948   -1.687   -0.693    1.376    2.671    4.383    4.790    4.350    4.713    3.823    2.802   -0.296   -1.955
1949   -3.585   -1.572   -1.563    1.704    3.346    2.051    1.164    1.825    1.318    3.501    0.366   -1.881
1950   -2.548   -1.459   -0.467    1.437    3.703    3.637    2.041    2.125    3.497    3.763    2.249   -1.374
1951   -3.116   -1.111   -2.456    0.941    2.865    2.749    2.075    2.886    2.249    0.896    0.844   -1.858
1952   -2.735   -1.791   -1.126   -0.225    2.801    2.354    2.393    2.338    2.287    4.870    2.626   -2.485
1953   -2.207   -3.173   -0.244    1.356    2.118    1.376    0.972    0.818    2.192    2.061    1.277   -2.365
1954   -1.051   -0.396    0.174    3.086    3.699    4.044    2.880    4.405    3.583    3.544    0.995    0.342
1955   -3.256   -0.630    0.713    2.657    5.575    4.924    3.621    3.397    2.292    3.967    3.798   -1.545
1956   -2.265   -1.170    1.255    3.817    3.739    3.264    3.434    4.174    4.040    3.952    1.722   -0.615
1957   -1.003   -0.722    0.715    1.758    4.598    4.569    4.835    4.511    4.858    2.660    0.738    0.108
1958   -2.429   -1.255   -0.016    1.324    5.187    4.905    3.302    4.065    3.845    5.007    2.261   -1.410
1959   -2.153   -1.371   -0.241    2.228    3.305    4.299    4.002    3.679    3.074    3.498    1.626   -0.916
1960   -0.689   -1.281    0.029    2.083    4.995    4.281    3.951    4.413    5.324    3.656    3.280   -0.906
1961   -1.750    1.022    0.226    2.409    4.542    3.564    1.284    2.084    0.263    1.462    0.028   -0.755
1962   -1.451   -2.316   -0.780    0.287    4.332    2.655    3.411    2.711    3.172    4.311   -0.965   -1.070
1963   -2.371   -3.045   -0.982   -0.565    3.159    3.063    2.249    1.903    2.957    3.046   -0.441   -0.651
1964   -2.152   -2.994   -1.950    0.543    5.414    3.767    3.422    2.770    4.611    5.400    4.015   -1.516
1965   -3.317   -1.838   -0.229    0.841    5.384    4.699    3.511    4.359    3.837    2.245   -0.200    1.116
1966   -1.914   -2.437    0.439    1.879    4.127    3.112    3.091    4.248    3.498    2.978    2.213    0.421
1967   -0.863   -2.246   -2.112    0.458    4.143    2.922    3.135    2.808    2.514    2.255   -1.212   -1.877
1968   -2.526   -2.603   -1.086    0.324    4.479    4.365    3.989    4.751    4.506    2.530    0.615    0.063
1969   -1.943   -1.520   -0.317    1.427    4.580    5.227    4.183    3.204    4.947    2.644    1.817   -0.337
1970   -1.746   -2.937   -0.101    1.578    3.731    4.947    3.540    4.121    3.718    4.831    2.852    0.206
1971   -1.002   -1.699    0.031    1.558    4.549    3.702    4.245    4.046    5.063    4.971    0.823    0.953
1972   -2.501   -1.092   -0.795    1.075    4.187    4.026    3.309    4.140    3.876    0.779    0.661   -0.343
1973   -3.004   -2.853   -0.425    2.452    3.947    4.227    3.974    4.914    4.865    4.114    3.494   -0.014
1974   -1.611   -1.539   -1.396    2.932    4.277    4.628    4.327    3.772    4.807    5.536    3.165   -1.529
1975   -1.335   -0.820    0.540    2.754    3.715    4.953    2.963    4.794    4.582    6.157    2.707   -0.157
1976   -2.905   -1.583   -0.744    2.264    4.116    3.615    3.874    3.737    3.660    3.282    3.158   -0.904
1977   -2.027   -2.054   -1.564    0.250    3.818    3.033    4.311    2.848    3.889    1.238    1.181   -2.164
1978   -2.102   -2.346   -0.807    1.492    5.278    3.609    5.081    3.983    4.357    3.273    1.353   -2.135
1979   -2.478   -1.729   -0.753    2.146    3.925    3.555    4.641    3.967    5.176    2.067    2.275   -2.272
1980   -2.631   -2.640   -0.624    2.398    4.125    4.715    4.863    3.952    4.496    4.251    1.679    0.877
1981   -1.881   -1.420   -1.675    2.212    4.366    5.375    4.680    3.619    4.606    3.895    3.597   -1.272
1982   -2.910   -1.913    0.469    2.300    3.466    5.323    3.896    3.098    3.710    0.996   -0.322   -3.390
1983   -3.673   -1.887   -0.748    1.131    3.915    3.631    3.622    3.414    2.586    4.020    2.973   -1.140
1984   -2.215   -1.302    0.834    2.764    4.594    4.738    5.291    5.590    5.423    4.474    1.261    0.185
1985   -2.647   -0.593   -0.227    3.335    5.483    6.299    4.741    4.533    4.300    4.309    2.490   -1.323
1986   -1.687   -2.251   -0.672    1.990    4.929    4.348    5.272    5.203    5.375    4.221    1.142   -2.825
1987   -2.919   -2.826   -1.836    0.542    1.993    5.863    4.140    3.267    3.139    2.609    3.261   -0.272
1988   -2.634   -1.385    0.568    0.599    6.225    4.046    3.150    3.219    3.686    3.517    2.380   -2.360
1989   -2.812   -2.330   -0.654    2.243    6.527    4.446    4.679    4.808    3.459    4.757    0.455   -3.532
1990   -2.948   -2.762   -0.967    2.178    4.271    5.408    4.343    5.144    3.863    2.951    1.625   -3.039
1991   -3.015   -2.690   -0.517    2.113    2.414    4.643    2.990    3.558    3.984    3.361   -0.717   -2.761
1992   -3.960   -2.353   -1.548    1.475    4.221    5.642    4.503    5.029    4.937    4.649    0.780   -3.026
1993   -3.094   -1.966   -0.482    1.517    4.371    4.789    5.084    4.103    3.758    3.667    1.753   -0.251
1994   -2.872   -1.407    0.125    1.662    4.001    3.822    2.642    2.012    1.962    0.350   -1.500   -2.211
1995   -3.125   -3.122   -0.582    1.009    4.813    5.475    3.796    4.148    4.624    3.791    3.723   -2.085
1996   -3.213   -3.051   -0.590    2.549    4.467    3.759    5.282    5.263    5.483    5.481    2.735    0.206
1997   -3.101   -1.830   -1.465    1.121    4.713    2.655    2.936    2.823    1.680   -0.655   -1.782   -2.413
1998   -3.303   -2.630   -2.059   -0.216    4.534    4.982    5.007    3.795    4.596    4.872    4.492    0.832
1999   -0.953   -1.929    0.745    5.636    3.941    3.872    4.538    2.701    2.288    4.444    1.844   -0.856
2000   -3.299   -0.902    0.768    4.697    4.009    5.023    4.683    3.762    3.146    4.834    1.518   -0.042
2001   -1.814   -0.362    1.307    1.520    4.720    4.763    4.913    4.505    4.198    5.017    2.422   -2.037
2002   -2.815   -3.118   -1.297    1.026    4.549    4.905    6.021    3.936    3.124    2.214    1.671   -0.684
2003   -2.609   -2.300   -0.874    1.231    4.615    2.333    2.353    4.513    4.085    3.946    0.037   -1.563
2004   -2.688   -1.495    0.261    2.026    6.228    5.119    4.933    4.676    3.088    1.414   -0.326   -2.202
2005   -1.723   -2.772   -0.888    1.212    4.409    5.639    4.504    4.237    4.906    5.224    3.087    1.917
2006   -1.597   -2.659    0.790    3.681    3.290    4.133    4.529    2.398    2.576    0.508   -1.214   -3.130
2007   -3.341   -2.690   -0.742    1.420    2.893    2.070    2.864    2.034    2.430    3.217    1.236   -1.615
2008   -1.421   -1.419    0.615    2.878    3.116    2.683    2.789    3.273    3.351    2.636    2.431   -0.377
2009   -2.429   -1.248   -0.566    2.220    4.286    4.671    3.284    4.296    4.951    1.544    1.504   -1.045
2010   -1.869   -2.097   -0.778    1.643    4.206    4.514    4.417    5.588    4.693    5.695    4.133    1.568
2011   -0.610   -1.176    0.590    2.823    4.169    5.332    3.846    3.303    3.335    1.907    0.015   -0.285
2012   -1.997   -2.015    0.719    2.715    4.841    4.851    4.664    2.920    3.454    1.981    1.597   -1.332
2013   -0.995   -1.314   -0.442    2.169    5.801    5.960    4.309    4.751    4.538    4.030    0.832   -0.468
2014   -2.039   -2.611   -2.688    2.317    4.146    6.042    6.204    3.893 -999.999 -999.999 -999.999 -999.999