47.6440677966102
47.6440677966102
193.372255588744
47.6440677966102
47.6440677966102
47.6440677966102
47.6440677966102
193.372255588744
71.7033446236048
71.7033446236048
71.7033446236048
71.7033446236048
77.9604697743191
71.7033446236048
47.6440677966102
96.1947003746506
96.1947003746506
77.9604697743191
141.126242026864
77.9604697743191
71.7033446236048
47.6440677966102
47.6440677966102
47.6440677966102
96.1947003746506
193.372255588744
193.372255588744
71.7033446236048
47.6440677966102
71.7033446236048
96.1947003746506
47.6440677966102
71.7033446236048
47.6440677966102
193.372255588744
96.1947003746506
71.7033446236048
77.9604697743191
193.372255588744
47.6440677966102
193.372255588744
96.1947003746506
141.126242026864
47.6440677966102
71.7033446236048
71.7033446236048
47.6440677966102
141.126242026864
47.6440677966102
47.6440677966102
47.6440677966102
47.6440677966102
47.6440677966102
47.6440677966102
193.372255588744
77.9604697743191
71.7033446236048
96.1947003746506
193.372255588744
96.1947003746506
47.6440677966102
71.7033446236048
47.6440677966102
96.1947003746506
141.126242026864
47.6440677966102
47.6440677966102
193.372255588744
47.6440677966102
71.7033446236048
96.1947003746506
47.6440677966102
141.126242026864
71.7033446236048
193.372255588744
47.6440677966102
47.6440677966102
47.6440677966102
71.7033446236048
47.6440677966102
47.6440677966102
47.6440677966102
141.126242026864
71.7033446236048
193.372255588744
193.372255588744
141.126242026864
47.6440677966102
47.6440677966102
77.9604697743191
47.6440677966102
47.6440677966102
96.1947003746506
47.6440677966102
71.7033446236048
47.6440677966102
47.6440677966102
71.7033446236048
47.6440677966102
47.6440677966102
71.7033446236048
47.6440677966102
71.7033446236048
71.7033446236048
47.6440677966102
47.6440677966102
71.7033446236048
47.6440677966102
47.6440677966102
47.6440677966102
96.1947003746506
71.7033446236048
47.6440677966102
77.9604697743191
47.6440677966102
71.7033446236048
47.6440677966102
96.1947003746506
47.6440677966102
71.7033446236048
96.1947003746506
71.7033446236048
77.9604697743191
96.1947003746506
193.372255588744
96.1947003746506
71.7033446236048
193.372255588744
77.9604697743191
71.7033446236048
47.6440677966102
47.6440677966102
77.9604697743191
96.1947003746506
47.6440677966102
47.6440677966102
193.372255588744
47.6440677966102
47.6440677966102
77.9604697743191
141.126242026864
47.6440677966102
96.1947003746506
193.372255588744
71.7033446236048
47.6440677966102
47.6440677966102
47.6440677966102
96.1947003746506
71.7033446236048
71.7033446236048
141.126242026864
47.6440677966102
77.9604697743191
47.6440677966102
47.6440677966102
47.6440677966102
71.7033446236048
193.372255588744
47.6440677966102
47.6440677966102
47.6440677966102
141.126242026864
71.7033446236048
96.1947003746506
47.6440677966102
47.6440677966102
193.372255588744
47.6440677966102
71.7033446236048
47.6440677966102
193.372255588744
141.126242026864
193.372255588744
71.7033446236048
193.372255588744
96.1947003746506
71.7033446236048
47.6440677966102
77.9604697743191
71.7033446236048
71.7033446236048
141.126242026864
71.7033446236048
141.126242026864
96.1947003746506
71.7033446236048
96.1947003746506
47.6440677966102
47.6440677966102
47.6440677966102
193.372255588744
71.7033446236048
47.6440677966102
96.1947003746506
77.9604697743191
96.1947003746506
71.7033446236048
47.6440677966102
47.6440677966102
96.1947003746506
47.6440677966102
71.7033446236048
47.6440677966102
141.126242026864
47.6440677966102
71.7033446236048
193.372255588744
96.1947003746506
47.6440677966102
47.6440677966102
71.7033446236048
141.126242026864
47.6440677966102
47.6440677966102
71.7033446236048
71.7033446236048
96.1947003746506
96.1947003746506
47.6440677966102
96.1947003746506
47.6440677966102
96.1947003746506
193.372255588744
71.7033446236048
71.7033446236048
96.1947003746506
77.9604697743191
71.7033446236048
47.6440677966102
47.6440677966102
141.126242026864
96.1947003746506
193.372255588744
47.6440677966102
96.1947003746506
193.372255588744
47.6440677966102
47.6440677966102
141.126242026864
96.1947003746506
141.126242026864
47.6440677966102
71.7033446236048
71.7033446236048
47.6440677966102
96.1947003746506
77.9604697743191
47.6440677966102
141.126242026864
96.1947003746506
47.6440677966102
71.7033446236048
71.7033446236048
47.6440677966102
47.6440677966102
96.1947003746506
96.1947003746506
47.6440677966102
77.9604697743191
47.6440677966102
77.9604697743191
47.6440677966102
77.9604697743191
96.1947003746506
47.6440677966102
47.6440677966102
71.7033446236048
47.6440677966102
71.7033446236048
47.6440677966102
141.126242026864
77.9604697743191
71.7033446236048
47.6440677966102
71.7033446236048
193.372255588744
47.6440677966102
47.6440677966102
47.6440677966102
141.126242026864
96.1947003746506
71.7033446236048
47.6440677966102
77.9604697743191
47.6440677966102
193.372255588744
71.7033446236048
71.7033446236048
96.1947003746506
71.7033446236048
47.6440677966102
47.6440677966102
96.1947003746506
47.6440677966102
47.6440677966102
47.6440677966102
96.1947003746506
47.6440677966102
96.1947003746506
