117.33 22.8 31.8 49.4 112.75 295.89 411.68 590.62 660.78 803.52 681.05 421.86 143.37 42.57 20.64 43.51 91.6 230.94 277.75 405.67 498.56 699.73 593.38 368.11 108.46 25.26 41.54
143.37 42.57 20.64 43.51 91.6 230.94 277.75 405.67 498.56 699.73 593.38 368.11 108.46 25.26 41.54 40.02 91.06 178.94 329.61 640.66 783.7 909.51 646.23 395.25 107.75 5.04 22.96
108.46 25.26 41.54 40.02 91.06 178.94 329.61 640.66 783.7 909.51 646.23 395.25 107.75 5.04 22.96 24.73 83.23 170.77 419.33 457.4 551.57 472.35 405.79 202.99 31.6 0.74 7.14
107.75 5.04 22.96 24.73 83.23 170.77 419.33 457.4 551.57 472.35 405.79 202.99 31.6 0.74 7.14 30.87 71.49 278.65 515.81 800.71 805.42 847.67 603.2 395.54 95.3 13.52 8.5
31.6 0.74 7.14 30.87 71.49 278.65 515.81 800.71 805.42 847.67 603.2 395.54 95.3 13.52 8.5 28.3 100 314.44 432.51 660.42 598.02 589.92 392.21 271.91 139.43 38 2.49
95.3 13.52 8.5 28.3 100 314.44 432.51 660.42 598.02 589.92 392.21 271.91 139.43 38 2.49 16.95 83.31 207.06 357.1 441.91 503.84 677.1 620.06 445.31 108.05 26.61 14.05
139.43 38 2.49 16.95 83.31 207.06 357.1 441.91 503.84 677.1 620.06 445.31 108.05 26.61 14.05 16.15 36.43 236.15 408.98 563.83 607.73 642.67 628.4 457.77 261.46 87.44 41.84
108.05 26.61 14.05 16.15 36.43 236.15 408.98 563.83 607.73 642.67 628.4 457.77 261.46 87.44 41.84 34.18 117.9 250.37 459.47 545.5 594.49 579.9 526.54 326.54 125.44 18.46 19.68
261.46 87.44 41.84 34.18 117.9 250.37 459.47 545.5 594.49 579.9 526.54 326.54 125.44 18.46 19.68 27.94 128.01 274.4 429.93 520.81 597.49 650.53 621.91 485.42 268.94 97.2 5
125.44 18.46 19.68 27.94 128.01 274.4 429.93 520.81 597.49 650.53 621.91 485.42 268.94 97.2 5 8.33 114.7 313.63 466.48 522.33 521.86 532.37 441.19 247.62 93.24 22.98 21.28
268.94 97.2 5 8.33 114.7 313.63 466.48 522.33 521.86 532.37 441.19 247.62 93.24 22.98 21.28 53.85 113.51 194.97 328.92 343.65 493.48 598.23 598.77 419.85 135.92 60.26 21.72
93.24 22.98 21.28 53.85 113.51 194.97 328.92 343.65 493.48 598.23 598.77 419.85 135.92 60.26 21.72 30.48 167.78 383.02 529.47 572.53 594.67 522 485.12 234.95 152.51 14.06 7.48
135.92 60.26 21.72 30.48 167.78 383.02 529.47 572.53 594.67 522 485.12 234.95 152.51 14.06 7.48 36.04 73.05 323.29 442.2 540.22 462.16 491.57 459.3 293.8 117.32 12.97 17.23
152.51 14.06 7.48 36.04 73.05 323.29 442.2 540.22 462.16 491.57 459.3 293.8 117.32 12.97 17.23 84.09 146.63 403.62 458.2 572.76 450.01 514.32 442.11 310.55 124.38 24.65 9.67
117.32 12.97 17.23 84.09 146.63 403.62 458.2 572.76 450.01 514.32 442.11 310.55 124.38 24.65 9.67 25.55 78.28 269.58 356.2 421.19 553.34 609.33 559.79 237.52 84.77 20.86 57.51
124.38 24.65 9.67 25.55 78.28 269.58 356.2 421.19 553.34 609.33 559.79 237.52 84.77 20.86 57.51 52.02 54.82 63.82 181.96 403.92 568.42 704.26 549.42 339.06 154.97 74.33 72.62
84.77 20.86 57.51 52.02 54.82 63.82 181.96 403.92 568.42 704.26 549.42 339.06 154.97 74.33 72.62 51.99 96.96 263.54 320.51 418.09 434.88 546.07 435.28 251.75 34 0.04 6.33
154.97 74.33 72.62 51.99 96.96 263.54 320.51 418.09 434.88 546.07 435.28 251.75 34 0.04 6.33 118.56 165.13 437.5 563.71 728.42 811.56 755.78 605.41 249.07 94.28 38.22 34.29
34 0.04 6.33 118.56 165.13 437.5 563.71 728.42 811.56 755.78 605.41 249.07 94.28 38.22 34.29 20.65 65.4 234 367.35 597.92 820.47 896.36 714.04 373.43 150.47 52.76 54.5
94.28 38.22 34.29 20.65 65.4 234 367.35 597.92 820.47 896.36 714.04 373.43 150.47 52.76 54.5 86.9 248.97 337.04 484.44 453.7 576.58 700.64 670.33 484.85 182.88 81.93 4.21
150.47 52.76 54.5 86.9 248.97 337.04 484.44 453.7 576.58 700.64 670.33 484.85 182.88 81.93 4.21 41.85 108.84 190.58 207.16 320.57 470.96 639.17 558.68 331.58 106.75 9.11 11.33
182.88 81.93 4.21 41.85 108.84 190.58 207.16 320.57 470.96 639.17 558.68 331.58 106.75 9.11 11.33 30.66 85.43 204.74 306.45 450.84 505.04 601.9 476.23 340.62 125.77 65.13 18.91
106.75 9.11 11.33 30.66 85.43 204.74 306.45 450.84 505.04 601.9 476.23 340.62 125.77 65.13 18.91 44.6 184.93 447.37 576.32 586.41 615.68 732.56 722.18 471.72 201.32 46.07 35.92
125.77 65.13 18.91 44.6 184.93 447.37 576.32 586.41 615.68 732.56 722.18 471.72 201.32 46.07 35.92 35.53 169.52 369.97 571.28 616.24 613.42 653.1 606.81 381.11 136.67 7.18 4.5
201.32 46.07 35.92 35.53 169.52 369.97 571.28 616.24 613.42 653.1 606.81 381.11 136.67 7.18 4.5 108.82 139.89 390.8 425.7 591.34 640.25 713.11 641.07 342.88 132.7 20.86 18.57
136.67 7.18 4.5 108.82 139.89 390.8 425.7 591.34 640.25 713.11 641.07 342.88 132.7 20.86 18.57 26.79 57.07 270.75 397.13 513.59 589.45 771.02 713.35 458.84 173.37 76.17 59.91
132.7 20.86 18.57 26.79 57.07 270.75 397.13 513.59 589.45 771.02 713.35 458.84 173.37 76.17 59.91 101.44 123.14 211.46 348.88 512.81 594.26 645.12 478.68 290.3 27.59 9.14 39.75
173.37 76.17 59.91 101.44 123.14 211.46 348.88 512.81 594.26 645.12 478.68 290.3 27.59 9.14 39.75 46.87 116.97 288.66 540.31 698.1 662.54 710.24 495.89 337 30.5 11.18 3.75
27.59 9.14 39.75 46.87 116.97 288.66 540.31 698.1 662.54 710.24 495.89 337 30.5 11.18 3.75 27.38 107.76 203.28 401.96 530.96 655.22 779.34 611.39 422.64 86.79 42.68 24.96
30.5 11.18 3.75 27.38 107.76 203.28 401.96 530.96 655.22 779.34 611.39 422.64 86.79 42.68 24.96 52.44 160.25 413.18 557.93 654.5 715.92 792.17 721.66 398.88 139.82 5.87 7.69
86.79 42.68 24.96 52.44 160.25 413.18 557.93 654.5 715.92 792.17 721.66 398.88 139.82 5.87 7.69 21.01 96.33 381.23 556.5 594.67 504.42 532.08 584.32 384.01 168.07 19.95 46.59
139.82 5.87 7.69 21.01 96.33 381.23 556.5 594.67 504.42 532.08 584.32 384.01 168.07 19.95 46.59 57.81 137.15 227.35 385.17 490.1 580.23 659.08 600.46 438.72 196.53 59.92 27.78
168.07 19.95 46.59 57.81 137.15 227.35 385.17 490.1 580.23 659.08 600.46 438.72 196.53 59.92 27.78 60.93 198.13 446.44 728.68 921.44 987.66 1091.45 974 684.6 260.72 68.77 58.79
196.53 59.92 27.78 60.93 198.13 446.44 728.68 921.44 987.66 1091.45 974 684.6 260.72 68.77 58.79 64.07 84.97 116.3 232.91 375.38 718.43 776.75 729.92 325.46 188.05 45.48 57.83
260.72 68.77 58.79 64.07 84.97 116.3 232.91 375.38 718.43 776.75 729.92 325.46 188.05 45.48 57.83 114.95 216.12 399.29 519.11 685.39 828.4 950.46 792.3 462.28 120.17 20.17 19.94
