-1.34
-1.34
1.55
-1.34
-1.34
-1.34
-1.34
1.55
-0.7
-0.7
-0.7
-0.7
-0.6
-0.7
-1.34
-0.35
-0.35
-0.6
0.7
-0.6
-0.7
-1.34
-1.34
-1.34
-0.35
1.55
1.55
-0.7
-1.34
-0.7
-0.35
-1.34
-0.7
-1.34
1.55
-0.35
-0.7
-0.6
1.55
-1.34
1.55
-0.35
0.7
-1.34
-0.7
-0.7
-1.34
0.7
-1.34
-1.34
-1.34
-1.34
-1.34
-1.34
1.55
-0.6
-0.7
-0.35
1.55
-0.35
-1.34
-0.7
-1.34
-0.35
0.7
-1.34
-1.34
1.55
-1.34
-0.7
-0.35
-1.34
0.7
-0.7
1.55
-1.34
-1.34
-1.34
-0.7
-1.34
-1.34
-1.34
0.7
-0.7
1.55
1.55
0.7
-1.34
-1.34
-0.6
-1.34
-1.34
-0.35
-1.34
-0.7
-1.34
-1.34
-0.7
-1.34
-1.34
-0.7
-1.34
-0.7
-0.7
-1.34
-1.34
-0.7
-1.34
-1.34
-1.34
-0.35
-0.7
-1.34
-0.6
-1.34
-0.7
-1.34
-0.35
-1.34
-0.7
-0.35
-0.7
-0.6
-0.35
1.55
-0.35
-0.7
1.55
-0.6
-0.7
-1.34
-1.34
-0.6
-0.35
-1.34
-1.34
1.55
-1.34
-1.34
-0.6
0.7
-1.34
-0.35
1.55
-0.7
-1.34
-1.34
-1.34
-0.35
-0.7
-0.7
0.7
-1.34
-0.6
-1.34
-1.34
-1.34
-0.7
1.55
-1.34
-1.34
-1.34
0.7
-0.7
-0.35
-1.34
-1.34
1.55
-1.34
-0.7
-1.34
1.55
0.7
1.55
-0.7
1.55
-0.35
-0.7
-1.34
-0.6
-0.7
-0.7
0.7
-0.7
0.7
-0.35
-0.7
-0.35
-1.34
-1.34
-1.34
1.55
-0.7
-1.34
-0.35
-0.6
-0.35
-0.7
-1.34
-1.34
-0.35
-1.34
-0.7
-1.34
0.7
-1.34
-0.7
1.55
-0.35
-1.34
-1.34
-0.7
0.7
-1.34
-1.34
-0.7
-0.7
-0.35
-0.35
-1.34
-0.35
-1.34
-0.35
1.55
-0.7
-0.7
-0.35
-0.6
-0.7
-1.34
-1.34
0.7
-0.35
1.55
-1.34
-0.35
1.55
-1.34
-1.34
0.7
-0.35
0.7
-1.34
-0.7
-0.7
-1.34
-0.35
-0.6
-1.34
0.7
-0.35
-1.34
-0.7
-0.7
-1.34
-1.34
-0.35
-0.35
-1.34
-0.6
-1.34
-0.6
-1.34
-0.6
-0.35
-1.34
-1.34
-0.7
-1.34
-0.7
-1.34
0.7
-0.6
-0.7
-1.34
-0.7
1.55
-1.34
-1.34
-1.34
0.7
-0.35
-0.7
-1.34
-0.6
-1.34
1.55
-0.7
-0.7
-0.35
-0.7
-1.34
-1.34
-0.35
-1.34
-1.34
-1.34
-0.35
-1.34
-0.35
