-1.765 -2.12 -2.952 -2.473 -1.38466666666667 -0.348333333333333 0.231666666666667 0.663333333333333 0.674333333333333 1.41133333333333 0.604333333333333 0.165 -0.832666666666667 -1.91933333333333 -3.18233333333333 -3.80066666666667 -3.114 -2.42633333333333 -1.64 -0.799666666666667 0.19 0.327666666666667 0.716333333333333 0.734333333333333 0.269 -1.15333333333333 -2.47766666666667
-0.832666666666667 -1.91933333333333 -3.18233333333333 -3.80066666666667 -3.114 -2.42633333333333 -1.64 -0.799666666666667 0.19 0.327666666666667 0.716333333333333 0.734333333333333 0.269 -1.15333333333333 -2.47766666666667 -3.26066666666667 -3.23766666666667 -3.214 -2.25233333333333 -1.73833333333333 -0.865333333333333 -0.532666666666667 -0.254 0.379 -0.68 -1.30866666666667 -2.801
0.269 -1.15333333333333 -2.47766666666667 -3.26066666666667 -3.23766666666667 -3.214 -2.25233333333333 -1.73833333333333 -0.865333333333333 -0.532666666666667 -0.254 0.379 -0.68 -1.30866666666667 -2.801 -2.747 -3.06666666666667 -2.654 -2.17466666666667 -1.141 -0.385 -0.0346666666666667 0.320333333333333 0.302666666666667 0.881666666666666 -0.553 -1.91366666666667
-0.68 -1.30866666666667 -2.801 -2.747 -3.06666666666667 -2.654 -2.17466666666667 -1.141 -0.385 -0.0346666666666667 0.320333333333333 0.302666666666667 0.881666666666666 -0.553 -1.91366666666667 -3.03466666666667 -2.37866666666667 -1.12033333333333 -0.442 0.193666666666667 0.454333333333333 0.967666666666667 0.968 0.485666666666667 -0.571333333333333 -1.439 -2.259
0.881666666666666 -0.553 -1.91366666666667 -3.03466666666667 -2.37866666666667 -1.12033333333333 -0.442 0.193666666666667 0.454333333333333 0.967666666666667 0.968 0.485666666666667 -0.571333333333333 -1.439 -2.259 -2.50333333333333 -2.42733333333333 -2.402 -1.77133333333333 -1.67533333333333 -0.890333333333333 -0.885 -0.374 -0.384 -0.337 -1.298 -1.85766666666667
-0.571333333333333 -1.439 -2.259 -2.50333333333333 -2.42733333333333 -2.402 -1.77133333333333 -1.67533333333333 -0.890333333333333 -0.885 -0.374 -0.384 -0.337 -1.298 -1.85766666666667 -2.37933333333333 -2.108 -1.58033333333333 -0.536 1.06433333333333 2.243 2.39966666666667 2.00933333333333 1.389 -0.292666666666667 -2.38933333333333 -4.31766666666667
-0.337 -1.298 -1.85766666666667 -2.37933333333333 -2.108 -1.58033333333333 -0.536 1.06433333333333 2.243 2.39966666666667 2.00933333333333 1.389 -0.292666666666667 -2.38933333333333 -4.31766666666667 -4.67333333333333 -4.64666666666667 -4.338 -3.442 -2.125 -1.07633333333333 -0.656666666666667 -0.527 -0.298666666666667 -0.620666666666667 -1.54066666666667 -2.87066666666667
-0.292666666666667 -2.38933333333333 -4.31766666666667 -4.67333333333333 -4.64666666666667 -4.338 -3.442 -2.125 -1.07633333333333 -0.656666666666667 -0.527 -0.298666666666667 -0.620666666666667 -1.54066666666667 -2.87066666666667 -3.87066666666667 -4.38433333333333 -4.32333333333333 -3.50533333333333 -2.52933333333333 -1.407 -1.02866666666667 -0.00266666666666667 0.315 0.118666666666667 -0.432666666666667 -1.98366666666667
-0.620666666666667 -1.54066666666667 -2.87066666666667 -3.87066666666667 -4.38433333333333 -4.32333333333333 -3.50533333333333 -2.52933333333333 -1.407 -1.02866666666667 -0.00266666666666667 0.315 0.118666666666667 -0.432666666666667 -1.98366666666667 -2.37133333333333 -2.833 -2.031 -1.22333333333333 -0.795333333333333 -0.414333333333333 -0.215666666666667 -0.251333333333333 -0.318666666666667 -0.64 -1.79066666666667 -1.95766666666667
0.118666666666667 -0.432666666666667 -1.98366666666667 -2.37133333333333 -2.833 -2.031 -1.22333333333333 -0.795333333333333 -0.414333333333333 -0.215666666666667 -0.251333333333333 -0.318666666666667 -0.64 -1.79066666666667 -1.95766666666667 -2.775 -2.42666666666667 -1.74166666666667 -0.803 0.308666666666667 0.170666666666667 0.813 0.58 0.676666666666667 0.712333333333333 -0.477666666666667 -1.59533333333333
-0.64 -1.79066666666667 -1.95766666666667 -2.775 -2.42666666666667 -1.74166666666667 -0.803 0.308666666666667 0.170666666666667 0.813 0.58 0.676666666666667 0.712333333333333 -0.477666666666667 -1.59533333333333 -3.30133333333333 -2.72333333333333 -2.376 -1.584 -0.789 -0.0336666666666667 0.477 0.247333333333333 0.179666666666667 -0.822 -1.91566666666667 -3.27933333333333
0.712333333333333 -0.477666666666667 -1.59533333333333 -3.30133333333333 -2.72333333333333 -2.376 -1.584 -0.789 -0.0336666666666667 0.477 0.247333333333333 0.179666666666667 -0.822 -1.91566666666667 -3.27933333333333 -3.954 -3.91433333333333 -3.82466666666667 -2.83833333333333 -2.17233333333333 -1.89233333333333 -2.17166666666667 -2.046 -2.00466666666667 -1.73166666666667 -2.68966666666667 -2.704
-0.822 -1.91566666666667 -3.27933333333333 -3.954 -3.91433333333333 -3.82466666666667 -2.83833333333333 -2.17233333333333 -1.89233333333333 -2.17166666666667 -2.046 -2.00466666666667 -1.73166666666667 -2.68966666666667 -2.704 -3.16766666666667 -2.45433333333333 -2.503 -1.81133333333333 -1.69 -1.03166666666667 -1.20166666666667 -0.693333333333333 0.173333333333333 0.694 -0.0690000000000001 -1.54033333333333
-1.73166666666667 -2.68966666666667 -2.704 -3.16766666666667 -2.45433333333333 -2.503 -1.81133333333333 -1.69 -1.03166666666667 -1.20166666666667 -0.693333333333333 0.173333333333333 0.694 -0.0690000000000001 -1.54033333333333 -2.04233333333333 -2.054 -1.61633333333333 -1.192 -0.0776666666666667 0.499666666666667 0.696333333333333 0.285666666666667 1.29766666666667 1.014 0.0650000000000001 -2.111
0.694 -0.0690000000000001 -1.54033333333333 -2.04233333333333 -2.054 -1.61633333333333 -1.192 -0.0776666666666667 0.499666666666667 0.696333333333333 0.285666666666667 1.29766666666667 1.014 0.0650000000000001 -2.111 -2.28766666666667 -1.73366666666667 -1.00133333333333 -0.816666666666667 -0.154333333333333 0.609 1.369 1.442 1.451 -0.02 -1.026 -2.98666666666667
1.014 0.0650000000000001 -2.111 -2.28766666666667 -1.73366666666667 -1.00133333333333 -0.816666666666667 -0.154333333333333 0.609 1.369 1.442 1.451 -0.02 -1.026 -2.98666666666667 -3.699 -3.96766666666667 -3.29066666666667 -2.21433333333333 -1.20066666666667 -0.0906666666666667 0.404 0.829 1.00333333333333 0.381666666666667 -0.838 -2.04233333333333
-0.02 -1.026 -2.98666666666667 -3.699 -3.96766666666667 -3.29066666666667 -2.21433333333333 -1.20066666666667 -0.0906666666666667 0.404 0.829 1.00333333333333 0.381666666666667 -0.838 -2.04233333333333 -1.73333333333333 -1.366 -1.23133333333333 -1.17566666666667 -0.786333333333333 -0.065 0.128666666666667 0.366 -0.0656666666666667 -0.325333333333333 -1.244 -1.839
0.381666666666667 -0.838 -2.04233333333333 -1.73333333333333 -1.366 -1.23133333333333 -1.17566666666667 -0.786333333333333 -0.065 0.128666666666667 0.366 -0.0656666666666667 -0.325333333333333 -1.244 -1.839 -2.419 -2.28566666666667 -1.65433333333333 -0.857 0.203333333333333 1.09833333333333 1.69 1.449 0.962666666666667 0.688333333333333 -0.422666666666667 -1.34966666666667
-0.325333333333333 -1.244 -1.839 -2.419 -2.28566666666667 -1.65433333333333 -0.857 0.203333333333333 1.09833333333333 1.69 1.449 0.962666666666667 0.688333333333333 -0.422666666666667 -1.34966666666667 -2.65533333333333 -2.404 -2.054 -1.86633333333333 -1.78333333333333 -1.932 -1.263 -0.999 -1.02166666666667 -1.48433333333333 -1.97766666666667 -2.19233333333333
0.688333333333333 -0.422666666666667 -1.34966666666667 -2.65533333333333 -2.404 -2.054 -1.86633333333333 -1.78333333333333 -1.932 -1.263 -0.999 -1.02166666666667 -1.48433333333333 -1.97766666666667 -2.19233333333333 -2.58466666666667 -2.742 -2.441 -2.25566666666667 -1.80933333333333 -2.05533333333333 -1.41066666666667 -1.43066666666667 -0.778333333333333 -0.196666666666667 0.239 -0.327666666666667
-1.48433333333333 -1.97766666666667 -2.19233333333333 -2.58466666666667 -2.742 -2.441 -2.25566666666667 -1.80933333333333 -2.05533333333333 -1.41066666666667 -1.43066666666667 -0.778333333333333 -0.196666666666667 0.239 -0.327666666666667 -0.345666666666667 0.159 1.009 0.875666666666667 0.874 1.41833333333333 1.86033333333333 1.73666666666667 0.552333333333333 -0.515 -2.20266666666667 -3.072
-0.196666666666667 0.239 -0.327666666666667 -0.345666666666667 0.159 1.009 0.875666666666667 0.874 1.41833333333333 1.86033333333333 1.73666666666667 0.552333333333333 -0.515 -2.20266666666667 -3.072 -3.858 -4.02633333333333 -4.02366666666667 -3.91533333333333 -3.496 -2.79333333333333 -2.55066666666667 -2.186 -2.238 -2.09033333333333 -2.905 -2.95833333333333
-0.515 -2.20266666666667 -3.072 -3.858 -4.02633333333333 -4.02366666666667 -3.91533333333333 -3.496 -2.79333333333333 -2.55066666666667 -2.186 -2.238 -2.09033333333333 -2.905 -2.95833333333333 -3.57733333333333 -3.20466666666667 -3.50666666666667 -2.80333333333333 -1.919 -1.23 -1.17233333333333 -1.74166666666667 -1.63933333333333 -2.05766666666667 -2.22366666666667 -3.243
-2.09033333333333 -2.905 -2.95833333333333 -3.57733333333333 -3.20466666666667 -3.50666666666667 -2.80333333333333 -1.919 -1.23 -1.17233333333333 -1.74166666666667 -1.63933333333333 -2.05766666666667 -2.22366666666667 -3.243 -3.44133333333333 -3.707 -3.22966666666667 -2.883 -1.991 -1.21366666666667 -0.797333333333333 -0.681666666666667 -1.16333333333333 -1.534 -2.56566666666667 -3.45966666666667
-2.05766666666667 -2.22366666666667 -3.243 -3.44133333333333 -3.707 -3.22966666666667 -2.883 -1.991 -1.21366666666667 -0.797333333333333 -0.681666666666667 -1.16333333333333 -1.534 -2.56566666666667 -3.45966666666667 -3.829 -3.71933333333333 -2.82133333333333 -1.64866666666667 -0.430666666666667 0.283666666666667 0.133 0.406 0.266333333333333 0.455 -0.887 -1.40666666666667
-1.534 -2.56566666666667 -3.45966666666667 -3.829 -3.71933333333333 -2.82133333333333 -1.64866666666667 -0.430666666666667 0.283666666666667 0.133 0.406 0.266333333333333 0.455 -0.887 -1.40666666666667 -2.23933333333333 -1.645 -1.23033333333333 -0.553666666666667 0.595 1.44866666666667 2.45933333333333 2.84 2.034 0.665666666666667 -1.16933333333333 -2.41166666666667
0.455 -0.887 -1.40666666666667 -2.23933333333333 -1.645 -1.23033333333333 -0.553666666666667 0.595 1.44866666666667 2.45933333333333 2.84 2.034 0.665666666666667 -1.16933333333333 -2.41166666666667 -2.83733333333333 -2.4 -1.278 -0.646 -0.00300000000000004 0.279333333333333 0.950666666666667 0.944666666666667 1.282 0.585666666666667 -0.643666666666667 -1.61666666666667
0.665666666666667 -1.16933333333333 -2.41166666666667 -2.83733333333333 -2.4 -1.278 -0.646 -0.00300000000000004 0.279333333333333 0.950666666666667 0.944666666666667 1.282 0.585666666666667 -0.643666666666667 -1.61666666666667 -1.876 -0.961 -1.11266666666667 0.231 0.375 1.652 1.11966666666667 1.727 1.483 1.183 0.0576666666666667 -1.39166666666667
0.585666666666667 -0.643666666666667 -1.61666666666667 -1.876 -0.961 -1.11266666666667 0.231 0.375 1.652 1.11966666666667 1.727 1.483 1.183 0.0576666666666667 -1.39166666666667 -2.21333333333333 -2.196 -1.61433333333333 -1.35766666666667 -1.036 -0.389666666666667 0.557 0.353 0.0176666666666667 -1.111 -1.89966666666667 -3.014
1.183 0.0576666666666667 -1.39166666666667 -2.21333333333333 -2.196 -1.61433333333333 -1.35766666666667 -1.036 -0.389666666666667 0.557 0.353 0.0176666666666667 -1.111 -1.89966666666667 -3.014 -3.14933333333333 -3.05633333333333 -2.31966666666667 -1.635 -0.273333333333333 1.072 2.02366666666667 2.13733333333333 1.17533333333333 -0.147333333333333 -1.824 -2.656
-1.111 -1.89966666666667 -3.014 -3.14933333333333 -3.05633333333333 -2.31966666666667 -1.635 -0.273333333333333 1.072 2.02366666666667 2.13733333333333 1.17533333333333 -0.147333333333333 -1.824 -2.656 -2.641 -2.164 -1.62766666666667 -1.96833333333333 -1.615 -1.38433333333333 -0.573 -0.643333333333333 -0.324 -1.56333333333333 -2.243 -3.81733333333333
-0.147333333333333 -1.824 -2.656 -2.641 -2.164 -1.62766666666667 -1.96833333333333 -1.615 -1.38433333333333 -0.573 -0.643333333333333 -0.324 -1.56333333333333 -2.243 -3.81733333333333 -3.87133333333333 -3.95666666666667 -3.22666666666667 -2.639 -2.28633333333333 -2.285 -1.85066666666667 -1.945 -2.524 -3.01433333333333 -3.13766666666667 -3.17966666666667
-1.56333333333333 -2.243 -3.81733333333333 -3.87133333333333 -3.95666666666667 -3.22666666666667 -2.639 -2.28633333333333 -2.285 -1.85066666666667 -1.945 -2.524 -3.01433333333333 -3.13766666666667 -3.17966666666667 -3.19166666666667 -3.218 -2.62033333333333 -1.89733333333333 -0.0746666666666667 0.928666666666667 1.74233333333333 1.56866666666667 1.28766666666667 0.545666666666667 -0.949666666666667 -2.08066666666667
-3.01433333333333 -3.13766666666667 -3.17966666666667 -3.19166666666667 -3.218 -2.62033333333333 -1.89733333333333 -0.0746666666666667 0.928666666666667 1.74233333333333 1.56866666666667 1.28766666666667 0.545666666666667 -0.949666666666667 -2.08066666666667 -2.76633333333333 -3.02633333333333 -3.16966666666667 -3.60133333333333 -3.77066666666667 -3.457 -3.55966666666667 -3.267 -3.522 -3.25533333333333 -3.31933333333333 -2.89433333333333
0.545666666666667 -0.949666666666667 -2.08066666666667 -2.76633333333333 -3.02633333333333 -3.16966666666667 -3.60133333333333 -3.77066666666667 -3.457 -3.55966666666667 -3.267 -3.522 -3.25533333333333 -3.31933333333333 -2.89433333333333 -2.69866666666667 -2.34266666666667 -2.14666666666667 -1.83466666666667 -1.236 -0.630666666666667 -0.337333333333333 -0.901666666666667 -1.46833333333333 -2.52166666666667 -3.04 -3.83866666666667
-3.25533333333333 -3.31933333333333 -2.89433333333333 -2.69866666666667 -2.34266666666667 -2.14666666666667 -1.83466666666667 -1.236 -0.630666666666667 -0.337333333333333 -0.901666666666667 -1.46833333333333 -2.52166666666667 -3.04 -3.83866666666667 -3.661 -3.20433333333333 -2.10233333333333 -1.24566666666667 -0.646 -0.259666666666667 0.492 0.405333333333333 -0.350333333333333 -1.86666666666667 -2.71866666666667 -3.45533333333333
-2.52166666666667 -3.04 -3.83866666666667 -3.661 -3.20433333333333 -2.10233333333333 -1.24566666666667 -0.646 -0.259666666666667 0.492 0.405333333333333 -0.350333333333333 -1.86666666666667 -2.71866666666667 -3.45533333333333 -3.34433333333333 -3.47466666666667 -3.41866666666667 -3.146 -2.427 -1.589 -0.984 -0.174 -0.623333333333333 -1.747 -2.422 -1.706
