2.90233333333333 -0.118333333333333 -1.54833333333333 -1.744 -0.0210000000000001 1.87866666666667 3.33166666666667 3.86833333333333 3.742 3.757 3.55966666666667 3.36666666666667 1.84533333333333 0.0756666666666666 -1.66166666666667 -1.88166666666667 -1.12266666666667 0.834666666666667 2.367 3.72066666666667 3.39733333333333 3.68266666666667 2.65833333333333 2.10266666666667 0.085 -1.02833333333333 -2.204
1.84533333333333 0.0756666666666666 -1.66166666666667 -1.88166666666667 -1.12266666666667 0.834666666666667 2.367 3.72066666666667 3.39733333333333 3.68266666666667 2.65833333333333 2.10266666666667 0.085 -1.02833333333333 -2.204 -1.75166666666667 -0.553666666666667 1.98766666666667 3.45966666666667 4.656 4.22433333333333 4.47366666666667 3.871 2.99433333333333 0.830333333333333 -1.08666666666667 -2.114
0.085 -1.02833333333333 -2.204 -1.75166666666667 -0.553666666666667 1.98766666666667 3.45966666666667 4.656 4.22433333333333 4.47366666666667 3.871 2.99433333333333 0.830333333333333 -1.08666666666667 -2.114 -1.65333333333333 -0.112 1.77266666666667 3.20866666666667 4.04033333333333 4.05433333333333 4.59466666666667 3.73666666666667 3.17266666666667 0.69 -0.876 -2.51433333333333
0.830333333333333 -1.08666666666667 -2.114 -1.65333333333333 -0.112 1.77266666666667 3.20866666666667 4.04033333333333 4.05433333333333 4.59466666666667 3.73666666666667 3.17266666666667 0.69 -0.876 -2.51433333333333 -1.965 -0.288666666666667 1.96633333333333 3.746 4.56766666666667 4.51 4.437 4.233 3.47533333333333 2.269 0.225 -0.808
0.69 -0.876 -2.51433333333333 -1.965 -0.288666666666667 1.96633333333333 3.746 4.56766666666667 4.51 4.437 4.233 3.47533333333333 2.269 0.225 -0.808 -1.65866666666667 -0.294333333333333 1.63433333333333 3.98433333333333 4.807 4.558 4.30166666666667 4.04 4.03266666666667 2.07333333333333 -0.195 -2.03166666666667
2.269 0.225 -0.808 -1.65866666666667 -0.294333333333333 1.63433333333333 3.98433333333333 4.807 4.558 4.30166666666667 4.04 4.03266666666667 2.07333333333333 -0.195 -2.03166666666667 -1.45133333333333 0.285333333333333 2.07833333333333 3.69633333333333 4.22833333333333 4.10566666666667 3.568 2.60133333333333 1.46133333333333 -0.905333333333333 -2.46166666666667 -2.98333333333333
2.07333333333333 -0.195 -2.03166666666667 -1.45133333333333 0.285333333333333 2.07833333333333 3.69633333333333 4.22833333333333 4.10566666666667 3.568 2.60133333333333 1.46133333333333 -0.905333333333333 -2.46166666666667 -2.98333333333333 -2.10266666666667 -0.501333333333333 1.43266666666667 2.89233333333333 3.72266666666667 3.55566666666667 3.20733333333333 3.34 3.193 1.951 -0.127333333333333 -1.55233333333333
-0.905333333333333 -2.46166666666667 -2.98333333333333 -2.10266666666667 -0.501333333333333 1.43266666666667 2.89233333333333 3.72266666666667 3.55566666666667 3.20733333333333 3.34 3.193 1.951 -0.127333333333333 -1.55233333333333 -0.894333333333333 0.765333333333333 2.73066666666667 4.032 4.87433333333333 5.20633333333333 5.43466666666667 5.16233333333333 3.71933333333333 1.97333333333333 -0.400333333333333 -1.01833333333333
1.951 -0.127333333333333 -1.55233333333333 -0.894333333333333 0.765333333333333 2.73066666666667 4.032 4.87433333333333 5.20633333333333 5.43466666666667 5.16233333333333 3.71933333333333 1.97333333333333 -0.400333333333333 -1.01833333333333 -1.15566666666667 0.838333333333333 2.86366666666667 5.039 5.50766666666667 5.191 4.52466666666667 4.38066666666667 3.69966666666667 1.82533333333333 -0.173333333333333 -1.75366666666667
1.97333333333333 -0.400333333333333 -1.01833333333333 -1.15566666666667 0.838333333333333 2.86366666666667 5.039 5.50766666666667 5.191 4.52466666666667 4.38066666666667 3.69966666666667 1.82533333333333 -0.173333333333333 -1.75366666666667 -1.53666666666667 -0.311 2.08233333333333 3.75566666666667 4.84966666666667 4.941 5.28333333333333 4.933 3.57933333333333 0.846 -1.534 -2.85666666666667
1.82533333333333 -0.173333333333333 -1.75366666666667 -1.53666666666667 -0.311 2.08233333333333 3.75566666666667 4.84966666666667 4.941 5.28333333333333 4.933 3.57933333333333 0.846 -1.534 -2.85666666666667 -2.527 -1.37333333333333 0.233 2.79933333333333 3.99866666666667 4.42333333333333 3.51533333333333 3.005 3.003 1.866 0.118333333333333 -1.43033333333333
0.846 -1.534 -2.85666666666667 -2.527 -1.37333333333333 0.233 2.79933333333333 3.99866666666667 4.42333333333333 3.51533333333333 3.005 3.003 1.866 0.118333333333333 -1.43033333333333 -1.15033333333333 -0.0726666666666667 2.464 3.62333333333333 4.47366666666667 3.47166666666667 3.35166666666667 3.474 3.19433333333333 1.179 -0.930666666666667 -2.50066666666667
1.866 0.118333333333333 -1.43033333333333 -1.15033333333333 -0.0726666666666667 2.464 3.62333333333333 4.47366666666667 3.47166666666667 3.35166666666667 3.474 3.19433333333333 1.179 -0.930666666666667 -2.50066666666667 -1.932 -0.247 2.70533333333333 4.40533333333333 5.21733333333333 4.64433333333333 4.31533333333333 4.34133333333333 2.89033333333333 0.56 -2.00833333333333 -3.08066666666667
1.179 -0.930666666666667 -2.50066666666667 -1.932 -0.247 2.70533333333333 4.40533333333333 5.21733333333333 4.64433333333333 4.31533333333333 4.34133333333333 2.89033333333333 0.56 -2.00833333333333 -3.08066666666667 -2.22566666666667 -0.517 1.82733333333333 3.95233333333333 4.674 4.965 4.45 3.986 2.813 0.512333333333333 -1.47633333333333 -2.91466666666667
0.56 -2.00833333333333 -3.08066666666667 -2.22566666666667 -0.517 1.82733333333333 3.95233333333333 4.674 4.965 4.45 3.986 2.813 0.512333333333333 -1.47633333333333 -2.91466666666667 -2.074 -0.364666666666667 1.33666666666667 3.05666666666667 3.349 3.73033333333333 3.51066666666667 3.63433333333333 2.20933333333333 -0.039 -2.47933333333333 -3.02466666666667
0.512333333333333 -1.47633333333333 -2.91466666666667 -2.074 -0.364666666666667 1.33666666666667 3.05666666666667 3.349 3.73033333333333 3.51066666666667 3.63433333333333 2.20933333333333 -0.039 -2.47933333333333 -3.02466666666667 -2.62033333333333 -0.808666666666667 1.38266666666667 3.77933333333333 4.78866666666667 5.058 4.823 4.87166666666667 3.45533333333333 0.801 -1.78 -2.69533333333333
-0.039 -2.47933333333333 -3.02466666666667 -2.62033333333333 -0.808666666666667 1.38266666666667 3.77933333333333 4.78866666666667 5.058 4.823 4.87166666666667 3.45533333333333 0.801 -1.78 -2.69533333333333 -1.84733333333333 -0.310333333333333 1.802 3.559 4.748 4.65866666666667 4.315 3.84266666666667 3.05933333333333 1.723 -0.456666666666667 -1.51
0.801 -1.78 -2.69533333333333 -1.84733333333333 -0.310333333333333 1.802 3.559 4.748 4.65866666666667 4.315 3.84266666666667 3.05933333333333 1.723 -0.456666666666667 -1.51 -1.38466666666667 0.126666666666667 1.92933333333333 3.16166666666667 3.48833333333333 2.82533333333333 2.20533333333333 1.44133333333333 0.270666666666667 -1.12033333333333 -2.27866666666667 -2.81933333333333
1.723 -0.456666666666667 -1.51 -1.38466666666667 0.126666666666667 1.92933333333333 3.16166666666667 3.48833333333333 2.82533333333333 2.20533333333333 1.44133333333333 0.270666666666667 -1.12033333333333 -2.27866666666667 -2.81933333333333 -2.27633333333333 -0.898333333333333 1.74666666666667 3.76566666666667 4.69466666666667 4.473 4.18933333333333 4.18766666666667 4.046 1.80966666666667 -0.525 -2.783
-1.12033333333333 -2.27866666666667 -2.81933333333333 -2.27633333333333 -0.898333333333333 1.74666666666667 3.76566666666667 4.69466666666667 4.473 4.18933333333333 4.18766666666667 4.046 1.80966666666667 -0.525 -2.783 -2.28466666666667 -0.364 2.142 3.59166666666667 4.50266666666667 4.768 5.34266666666667 5.409 4.56633333333333 2.80733333333333 -0.0533333333333334 -1.575
1.80966666666667 -0.525 -2.783 -2.28466666666667 -0.364 2.142 3.59166666666667 4.50266666666667 4.768 5.34266666666667 5.409 4.56633333333333 2.80733333333333 -0.0533333333333334 -1.575 -2.132 -0.724666666666667 1.45633333333333 2.82966666666667 3.43466666666667 2.80466666666667 2.47966666666667 1.28266666666667 -0.252333333333333 -1.61666666666667 -2.49933333333333 -2.782
2.80733333333333 -0.0533333333333334 -1.575 -2.132 -0.724666666666667 1.45633333333333 2.82966666666667 3.43466666666667 2.80466666666667 2.47966666666667 1.28266666666667 -0.252333333333333 -1.61666666666667 -2.49933333333333 -2.782 -2.664 -1.635 0.753 3.1 4.841 4.59466666666667 4.466 4.421 4.65333333333333 3.39866666666667 1.457 -0.683333333333333
-1.61666666666667 -2.49933333333333 -2.782 -2.664 -1.635 0.753 3.1 4.841 4.59466666666667 4.466 4.421 4.65333333333333 3.39866666666667 1.457 -0.683333333333333 -0.712333333333333 1.484 3.44066666666667 4.483 4.117 3.70366666666667 3.17566666666667 3.14433333333333 2.85866666666667 1.81066666666667 -0.770333333333333 -1.68566666666667
3.39866666666667 1.457 -0.683333333333333 -0.712333333333333 1.484 3.44066666666667 4.483 4.117 3.70366666666667 3.17566666666667 3.14433333333333 2.85866666666667 1.81066666666667 -0.770333333333333 -1.68566666666667 -1.14433333333333 1.521 3.158 4.57633333333333 4.57166666666667 4.48933333333333 3.86366666666667 3.914 3.166 2.10333333333333 -0.112666666666667 -0.739333333333333
1.81066666666667 -0.770333333333333 -1.68566666666667 -1.14433333333333 1.521 3.158 4.57633333333333 4.57166666666667 4.48933333333333 3.86366666666667 3.914 3.166 2.10333333333333 -0.112666666666667 -0.739333333333333 -0.289666666666667 0.821666666666667 2.51566666666667 3.66766666666667 4.79866666666667 4.727 4.53866666666667 4.57333333333333 3.879 1.80066666666667 -0.81 -2.65666666666667
2.10333333333333 -0.112666666666667 -0.739333333333333 -0.289666666666667 0.821666666666667 2.51566666666667 3.66766666666667 4.79866666666667 4.727 4.53866666666667 4.57333333333333 3.879 1.80066666666667 -0.81 -2.65666666666667 -2.41 -1.12966666666667 1.426 3.49333333333333 5.15833333333333 4.954 4.36033333333333 3.09133333333333 2.33633333333333 1.067 -0.540666666666667 -1.86433333333333
1.80066666666667 -0.81 -2.65666666666667 -2.41 -1.12966666666667 1.426 3.49333333333333 5.15833333333333 4.954 4.36033333333333 3.09133333333333 2.33633333333333 1.067 -0.540666666666667 -1.86433333333333 -1.92766666666667 -0.647666666666667 1.65733333333333 2.72633333333333 3.10033333333333 3.06633333333333 3.65033333333333 4.18133333333333 2.68933333333333 0.806666666666667 -1.40466666666667 -1.91533333333333
1.067 -0.540666666666667 -1.86433333333333 -1.92766666666667 -0.647666666666667 1.65733333333333 2.72633333333333 3.10033333333333 3.06633333333333 3.65033333333333 4.18133333333333 2.68933333333333 0.806666666666667 -1.40466666666667 -1.91533333333333 -1.30733333333333 0.264 2.83833333333333 4.45766666666667 5.42666666666667 4.90933333333333 4.23233333333333 3.05933333333333 1.392 -0.371333333333333 -1.417 -2.23233333333333
0.806666666666667 -1.40466666666667 -1.91533333333333 -1.30733333333333 0.264 2.83833333333333 4.45766666666667 5.42666666666667 4.90933333333333 4.23233333333333 3.05933333333333 1.392 -0.371333333333333 -1.417 -2.23233333333333 -1.79433333333333 -0.816 1.57766666666667 3.75333333333333 4.85066666666667 4.79333333333333 4.549 4.789 4.40566666666667 3.40933333333333 1.13566666666667 -0.779666666666667
-0.371333333333333 -1.417 -2.23233333333333 -1.79433333333333 -0.816 1.57766666666667 3.75333333333333 4.85066666666667 4.79333333333333 4.549 4.789 4.40566666666667 3.40933333333333 1.13566666666667 -0.779666666666667 -1.15533333333333 0.604 2.587 3.70133333333333 3.984 3.68666666666667 3.16766666666667 1.82733333333333 0.623333333333333 -1.27866666666667 -2.56166666666667 -3.05366666666667
3.40933333333333 1.13566666666667 -0.779666666666667 -1.15533333333333 0.604 2.587 3.70133333333333 3.984 3.68666666666667 3.16766666666667 1.82733333333333 0.623333333333333 -1.27866666666667 -2.56166666666667 -3.05366666666667 -2.25766666666667 -0.670666666666667 1.19033333333333 2.12766666666667 2.609 2.32266666666667 2.44266666666667 2.56033333333333 2.29433333333333 0.946 -0.6 -1.485
-1.27866666666667 -2.56166666666667 -3.05366666666667 -2.25766666666667 -0.670666666666667 1.19033333333333 2.12766666666667 2.609 2.32266666666667 2.44266666666667 2.56033333333333 2.29433333333333 0.946 -0.6 -1.485 -0.741666666666667 0.691333333333333 2.203 2.89233333333333 2.86266666666667 2.915 3.13766666666667 3.08666666666667 2.806 1.56333333333333 -0.125 -1.35133333333333
0.946 -0.6 -1.485 -0.741666666666667 0.691333333333333 2.203 2.89233333333333 2.86266666666667 2.915 3.13766666666667 3.08666666666667 2.806 1.56333333333333 -0.125 -1.35133333333333 -1.41433333333333 0.135333333333333 1.98 3.72566666666667 4.08033333333333 4.08366666666667 4.177 3.597 2.66633333333333 0.667666666666667 -0.47 -1.67033333333333
1.56333333333333 -0.125 -1.35133333333333 -1.41433333333333 0.135333333333333 1.98 3.72566666666667 4.08033333333333 4.08366666666667 4.177 3.597 2.66633333333333 0.667666666666667 -0.47 -1.67033333333333 -1.58133333333333 -0.410666666666667 1.69033333333333 3.45433333333333 4.379 4.83966666666667 4.89933333333333 5.32533333333333 4.84033333333333 3.79866666666667 1.697 -0.0726666666666666
0.667666666666667 -0.47 -1.67033333333333 -1.58133333333333 -0.410666666666667 1.69033333333333 3.45433333333333 4.379 4.83966666666667 4.89933333333333 5.32533333333333 4.84033333333333 3.79866666666667 1.697 -0.0726666666666666 -0.398666666666667 0.745666666666667 2.52733333333333 4.108 4.449 4.16033333333333 3.49466666666667 2.84833333333333 1.75233333333333 0.545666666666667 -0.755666666666667 -1.43233333333333
3.79866666666667 1.697 -0.0726666666666666 -0.398666666666667 0.745666666666667 2.52733333333333 4.108 4.449 4.16033333333333 3.49466666666667 2.84833333333333 1.75233333333333 0.545666666666667 -0.755666666666667 -1.43233333333333 -1.09766666666667 0.473 2.75833333333333 4.13566666666667 4.78533333333333 4.145 3.67933333333333 2.785 2.344 0.748666666666667 -0.243333333333333 -1.21366666666667
0.545666666666667 -0.755666666666667 -1.43233333333333 -1.09766666666667 0.473 2.75833333333333 4.13566666666667 4.78533333333333 4.145 3.67933333333333 2.785 2.344 0.748666666666667 -0.243333333333333 -1.21366666666667 -0.917 0.137666666666667 2.50933333333333 4.64333333333333 5.35666666666667 5.00666666666667 4.53266666666667 4.43966666666667 3.13333333333333 1.46466666666667 -0.558333333333333 -1.706
