84.2212370311605
67.1916029141948
66.5213999342492
84.2212370311605
84.5692878998974
84.2212370311605
84.2212370311605
84.2212370311605
84.2212370311605
84.2212370311605
67.1916029141948
84.2212370311605
84.2212370311605
84.5692878998974
84.2212370311605
84.5692878998974
84.2212370311605
67.1916029141948
84.5692878998974
67.1916029141948
84.5692878998974
84.5692878998974
84.5692878998974
84.2212370311605
99.8128513417956
84.2212370311605
66.5213999342492
84.2212370311605
84.2212370311605
66.5213999342492
84.5692878998974
67.1916029141948
84.5692878998974
84.2212370311605
84.5692878998974
84.5692878998974
99.8128513417956
67.1916029141948
84.2212370311605
84.2212370311605
84.2212370311605
84.2212370311605
84.2212370311605
84.2212370311605
84.2212370311605
84.5692878998974
84.5692878998974
84.5692878998974
84.2212370311605
67.1916029141948
82.1160695401578
82.1160695401578
84.2212370311605
66.5213999342492
84.5692878998974
66.5213999342492
99.8128513417956
66.5213999342492
67.1916029141948
84.2212370311605
67.1916029141948
82.1160695401578
82.1160695401578
99.8128513417956
82.1160695401578
66.5213999342492
84.2212370311605
66.5213999342492
82.1160695401578
66.5213999342492
67.1916029141948
84.2212370311605
66.5213999342492
84.2212370311605
99.8128513417956
84.2212370311605
67.1916029141948
84.5692878998974
82.1160695401578
84.5692878998974
84.5692878998974
66.5213999342492
67.1916029141948
82.1160695401578
84.2212370311605
67.1916029141948
84.2212370311605
84.5692878998974
66.5213999342492
84.2212370311605
84.2212370311605
84.2212370311605
99.8128513417956
84.2212370311605
84.5692878998974
84.2212370311605
67.1916029141948
84.2212370311605
84.5692878998974
67.1916029141948
66.5213999342492
84.5692878998974
84.2212370311605
67.1916029141948
84.5692878998974
84.2212370311605
84.2212370311605
84.2212370311605
84.5692878998974
82.1160695401578
66.5213999342492
99.8128513417956
84.2212370311605
66.5213999342492
67.1916029141948
84.5692878998974
84.2212370311605
84.2212370311605
84.2212370311605
84.2212370311605
84.2212370311605
84.5692878998974
99.8128513417956
84.5692878998974
82.1160695401578
84.5692878998974
66.5213999342492
84.5692878998974
84.5692878998974
84.5692878998974
99.8128513417956
84.2212370311605
82.1160695401578
99.8128513417956
84.5692878998974
82.1160695401578
84.2212370311605
84.2212370311605
82.1160695401578
67.1916029141948
84.2212370311605
84.5692878998974
84.2212370311605
84.5692878998974
84.2212370311605
84.2212370311605
66.5213999342492
84.2212370311605
99.8128513417956
84.2212370311605
84.5692878998974
84.5692878998974
99.8128513417956
84.2212370311605
99.8128513417956
84.5692878998974
67.1916029141948
84.2212370311605
84.5692878998974
84.5692878998974
82.1160695401578
84.2212370311605
67.1916029141948
84.5692878998974
84.2212370311605
84.2212370311605
84.2212370311605
84.2212370311605
84.2212370311605
84.5692878998974
99.8128513417956
67.1916029141948
84.5692878998974
84.2212370311605
82.1160695401578
99.8128513417956
67.1916029141948
66.5213999342492
84.5692878998974
84.2212370311605
67.1916029141948
84.5692878998974
84.5692878998974
67.1916029141948
82.1160695401578
84.2212370311605
84.5692878998974
84.2212370311605
84.2212370311605
84.5692878998974
67.1916029141948
84.2212370311605
84.2212370311605
84.2212370311605
99.8128513417956
84.2212370311605
84.2212370311605
84.2212370311605
84.2212370311605
84.5692878998974
84.5692878998974
82.1160695401578
84.2212370311605
67.1916029141948
84.2212370311605
84.2212370311605
84.2212370311605
84.2212370311605
84.5692878998974
66.5213999342492
84.2212370311605
67.1916029141948
84.2212370311605
67.1916029141948
99.8128513417956
67.1916029141948
82.1160695401578
84.2212370311605
84.2212370311605
84.2212370311605
66.5213999342492
66.5213999342492
67.1916029141948
66.5213999342492
84.2212370311605
99.8128513417956
84.2212370311605
66.5213999342492
84.2212370311605
82.1160695401578
84.2212370311605
82.1160695401578
84.2212370311605
99.8128513417956
67.1916029141948
84.5692878998974
82.1160695401578
84.2212370311605
99.8128513417956
67.1916029141948
67.1916029141948
84.2212370311605
82.1160695401578
66.5213999342492
84.2212370311605
84.2212370311605
84.2212370311605
84.2212370311605
67.1916029141948
84.5692878998974
66.5213999342492
66.5213999342492
84.2212370311605
84.2212370311605
84.2212370311605
84.5692878998974
84.5692878998974
82.1160695401578
84.2212370311605
66.5213999342492
84.2212370311605
67.1916029141948
84.5692878998974
84.2212370311605
84.2212370311605
84.5692878998974
84.2212370311605
84.5692878998974
84.2212370311605
67.1916029141948
84.5692878998974
84.2212370311605
99.8128513417956
84.5692878998974
67.1916029141948
84.2212370311605
84.5692878998974
84.2212370311605
82.1160695401578
66.5213999342492
84.2212370311605
84.5692878998974
84.2212370311605
99.8128513417956
84.5692878998974
84.2212370311605
84.5692878998974
66.5213999342492
84.2212370311605
84.5692878998974
84.2212370311605
66.5213999342492
84.5692878998974
84.5692878998974
67.1916029141948
67.1916029141948
67.1916029141948
66.5213999342492
67.1916029141948
84.2212370311605
