1948	1	704.793	704.793	-1.129	-3.308	0
1948	2	702.924	702.924	-1.908	-3.605	0
1948	3	703.134	703.134	-2.027	-0.555	0
1948	4	705.048	705.048	-1.774	1.467	0
1948	5	705.565	705.565	-1.571	2.683	0
1948	6	704.436	704.436	-1.641	3.137	0
1948	7	705.171	705.171	-1.232	3.772	0
1948	8	705.276	705.276	-1.002	2.421	0
1948	9	707.153	707.153	-1.681	0.435	0
1948	10	708.841	708.841	-1.37	-1.854	0
1948	11	708.205	708.205	-2.586	-4.774	0
1948	12	703.866	703.866	-1.923	-3.834	0
1949	1	705.818	705.818	-0.892	-2.872	0
1949	2	702.553	702.553	-2.189	-3.965	0
1949	3	703.656	703.656	-1.899	-1.833	0
1949	4	706.705	706.705	-1.147	1.428	0
1949	5	707.515	707.515	-0.1	3.806	0
1949	6	705.933	705.933	-1.285	2.879	0
1949	7	703.722	703.722	-0.961	4.148	0
1949	8	704.037	704.037	-1.328	3.095	0
1949	9	706.133	706.133	-1.812	1.072	0
1949	10	707.928	707.928	-2.589	-2.816	0
1949	11	707.818	707.818	-2.144	-4.579	0
1949	12	704.166	704.166	-1.81	-5.476	0
1950	1	700.692	700.692	-1.584	-4.263	0
1950	2	701.663	701.663	-2.154	-3.85	0
1950	3	702.863	702.863	-1.683	-1.169	0
1950	4	703.754	703.754	-1.113	1.668	0
1950	5	705.032	705.032	-0.927	2.626	0
1950	6	705.085	705.085	-0.952	3.957	0
1950	7	705.585	705.585	-0.811	1.868	0
1950	8	705.93	705.93	-1.125	0.584	0
1950	9	707.452	707.452	-1.932	-0.803	0
1950	10	707.531	707.531	-2.363	-0.69	0
1950	11	706.743	706.743	-1.725	-4.568	0
1950	12	706.306	706.306	-0.629	-3.689	0
1951	1	702.985	702.985	-1.911	-5.323	0
1951	2	701.85	701.85	-2.503	-4.154	0
1951	3	705.553	705.553	-1.759	-1.769	0
1951	4	704.154	704.154	-1.762	0.403	0
1951	5	707.286	707.286	-0.534	2.928	0
1951	6	705.274	705.274	-1.038	2.977	0
1951	7	705.988	705.988	-0.767	3.618	0
1951	8	706.273	706.273	-1.197	2.308	0
1951	9	708.43	708.43	-1.471	0.77	0
1951	10	708.872	708.872	-1.719	-1.891	0
1951	11	708.588	708.588	-1.566	-3.303	0
1951	12	707.648	707.648	-0.622	-3.142	0
1952	1	705.825	705.825	-1.053	-3.757	0
1952	2	703.617	703.617	-2.891	-5.352	0
1952	3	702.669	702.669	-2.286	-2.368	0
1952	4	708.212	708.212	-0.823	0.851	0
1952	5	706.988	706.988	-1.212	1.34	0
1952	6	706.778	706.778	-0.815	2.382	0
1952	7	706.101	706.101	-0.937	2.906	0
1952	8	706.243	706.243	-1.289	1.965	0
1952	9	708.169	708.169	-1.422	1.096	0
1952	10	709.335	709.335	-1.519	-1.77	0
1952	11	706.896	706.896	-2.337	-4.709	0
1952	12	707.596	707.596	-1.39	-5.647	0
1953	1	704.113	704.113	-1.701	-5.523	0
1953	2	706.717	706.717	-2.043	-4.149	0
1953	3	703.682	703.682	-2.339	-2.047	0
1953	4	706.599	706.599	-1.922	-0.31	0
1953	5	707.053	707.053	-0.259	3.202	0
1953	6	706.297	706.297	-0.378	2.974	0
1953	7	705.888	705.888	-0.454	4.357	0
1953	8	705.79	705.79	-0.917	2.709	0
1953	9	708.122	708.122	-2.254	-1.176	0
1953	10	708.25	708.25	-1.971	-1.043	0
1953	11	707.863	707.863	-1.538	-3.838	0
1953	12	708.115	708.115	-1.045	-4.754	0
1954	1	701.018	701.018	-2.114	-4.662	0
1954	2	702.934	702.934	-1.95	-2.832	0
1954	3	705.934	705.934	-2.172	-2.736	0
1954	4	705.93	705.93	-1.695	0.2	0
1954	5	706.209	706.209	-0.864	2.308	0
1954	6	704.746	704.746	-0.682	2.766	0
1954	7	704.208	704.208	-0.702	3.492	0
1954	8	704.716	704.716	-1.399	2.014	0
1954	9	706.267	706.267	-1.555	-0.54	0
1954	10	707.404	707.404	-2.062	-1.974	0
1954	11	706.898	706.898	-2.09	-3.395	0
1954	12	704.793	704.793	-2.333	-6.091	0
1955	1	705.144	705.144	-0.938	-4.535	0
1955	2	703.102	703.102	-1.486	-3.52	0
1955	3	703.559	703.559	-2.062	-2.722	0
1955	4	704.401	704.401	-1.52	0.654	0
1955	5	705.125	705.125	-0.863	2.486	0
1955	6	705.104	705.104	-0.652	4.239	0
1955	7	704.679	704.679	-0.563	4.34	0
1955	8	706.036	706.036	-1.091	1.758	0
1955	9	707.745	707.745	-1.102	0.933	0
1955	10	707.815	707.815	-2.163	-2.836	0
1955	11	708.201	708.201	-0.777	-3.014	0
1955	12	704.889	704.889	-1.013	-3.671	0
1956	1	702.812	702.812	-1.295	-5.207	0
1956	2	702.629	702.629	-2.434	-5.155	0
1956	3	703.173	703.173	-2.26	-2.25	0
1956	4	705.892	705.892	-1.048	1.098	0
1956	5	705.803	705.803	-1.016	2.422	0
1956	6	705.218	705.218	-0.373	4.609	0
1956	7	705.569	705.569	0.081	4.325	0
1956	8	705.097	705.097	-0.704	1.976	0
1956	9	706.597	706.597	-1.324	-0.548	0
1956	10	708.454	708.454	-1.68	-2.28	0
1956	11	708.832	708.832	-1.328	-2.953	0
1956	12	705.684	705.684	-1.371	-3.776	0
1957	1	701.981	701.981	-1.629	-4.202	0
1957	2	702.277	702.277	-1.764	-3.588	0
1957	3	704.675	704.675	-1.566	-1.554	0
1957	4	704.615	704.615	-1.518	0.569	0
1957	5	705.241	705.241	-1.569	1.049	0
1957	6	705.094	705.094	-1.037	0.723	0
1957	7	704.63	704.63	-0.29	4.002	0
1957	8	705.705	705.705	-0.868	0.248	0
1957	9	707.042	707.042	-1.721	-3.01	0
1957	10	707.945	707.945	-0.569	-1.26	0
1957	11	706.694	706.694	-0.577	-1.614	0
1957	12	704.987	704.987	-0.105	-2.162	0
1958	1	705.834	705.834	-0.312	-3.075	0
1958	2	704.55	704.55	-0.428	-1.961	0
1958	3	704.76	704.76	-0.639	-1.154	0
1958	4	706.279	706.279	-0.515	0.373	0
1958	5	704.726	704.726	-1.24	-0.045	0
1958	6	704.776	704.776	-0.996	1.219	0
1958	7	703.898	703.898	-0.614	3.258	0
1958	8	704.564	704.564	-1.152	1.039	0
1958	9	706.452	706.452	-1.265	-1.702	0
1958	10	707.988	707.988	-0.879	-2.79	0
1958	11	707.733	707.733	-0.98	-3.548	0
1958	12	706.318	706.318	-0.146	-2.348	0
1959	1	704.501	704.501	-0.255	-2.847	0
1959	2	700.945	700.945	-1.142	-3.316	0
1959	3	703.991	703.991	-0.918	-1.084	0
1959	4	706.323	706.323	-0.276	0.173	0
1959	5	704.317	704.317	-1.067	0.174	0
1959	6	705.043	705.043	-0.372	1.58	0
1959	7	702.705	702.705	-0.059	3.884	0
1959	8	703.533	703.533	-0.645	1.621	0
1959	9	705.346	705.346	-0.888	-0.931	0
1959	10	707.123	707.123	-0.905	-1.59	0
1959	11	706.158	706.158	-1.097	-3.218	0
1959	12	705.885	705.885	-0.86	-3.386	0
1960	1	704.08	704.08	-0.905	-2.407	0
1960	2	705.744	705.744	-0.727	-1.12	0
1960	3	701.359	701.359	-1.678	-1.714	0
1960	4	703.362	703.362	-1.405	-0.235	0
1960	5	703.75	703.75	-1.325	0.157	0
1960	6	703.921	703.921	-0.877	2.507	0
1960	7	702.947	702.947	-0.706	3.479	0
1960	8	703.351	703.351	-1.464	-0.328	0
1960	9	705.016	705.016	-1.439	-0.169	0
1960	10	706.872	706.872	-1.693	-3.085	0
1960	11	706.418	706.418	-1.142	-2.931	0
1960	12	706.347	706.347	-1.07	-3.051	0
1961	1	704.972	704.972	-0.937	-2.588	0
1961	2	700.15	700.15	-1.331	-1.24	0
1961	3	701.92	701.92	-1.743	-1.767	0
1961	4	702.696	702.696	-1.456	0.504	0
1961	5	704.035	704.035	-0.834	1.138	0
1961	6	703.385	703.385	-1.307	1.757	0
1961	7	702.351	702.351	-0.803	3.826	0
1961	8	702.725	702.725	-1.412	1.908	0
1961	9	704.003	704.003	-1.951	-1.553	0
1961	10	705.95	705.95	-2.591	-3.773	0
1961	11	705.197	705.197	-1.607	-1.869	0
1961	12	702.814	702.814	-1.219	-3.192	0
1962	1	702.691	702.691	-1.088	-4.299	0
1962	2	703.432	703.432	-0.809	-1.794	0
1962	3	703.623	703.623	-0.821	-0.905	0
1962	4	702.778	702.778	-1.444	-0.33	0
1962	5	702.963	702.963	-1.274	0.845	0
1962	6	702.747	702.747	-1.228	0.844	0
1962	7	702.311	702.311	-0.751	3.78	0
1962	8	703.489	703.489	-1.134	1.707	0
1962	9	704.074	704.074	-1.632	-0.597	0
1962	10	706.34	706.34	-2.054	-2.79	0
1962	11	705.895	705.895	-1.499	-3.249	0
1962	12	704.557	704.557	-0.375	-1.968	0
1963	1	705.659	705.659	0.451	-3.693	0
1963	2	705.052	705.052	-1.022	-2.354	0
1963	3	701.838	701.838	-1.486	-1.299	0
1963	4	703.579	703.579	-1.951	-0.27	0
1963	5	703.481	703.481	-2.186	0.31	0
1963	6	704.495	704.495	-1.415	1.107	0
1963	7	702.63	702.63	-1.015	4.339	0
1963	8	703.428	703.428	-0.948	1.791	0
1963	9	705.393	705.393	-2.247	-1.952	0
1963	10	707.741	707.741	-1.756	-2.139	0
1963	11	706.463	706.463	-1.154	-2.094	0
1963	12	705.671	705.671	-0.226	-2.31	0
1964	1	701.038	701.038	-1.736	-4.232	0
1964	2	703.031	703.031	-2.471	-5.039	0
1964	3	704.919	704.919	-1.298	-1.571	0
1964	4	703.224	703.224	-2.069	0.358	0
1964	5	704.732	704.732	-2.023	-0.319	0
1964	6	704.066	704.066	-0.992	1.691	0
1964	7	703.609	703.609	-0.936	4.222	0
1964	8	704.592	704.592	-1.148	1.48	0
1964	9	705.869	705.869	-2.668	-1.504	0
1964	10	707.951	707.951	-2.243	-2.666	0
1964	11	707.214	707.214	-1.081	-2.722	0
1964	12	706.941	706.941	-0.425	-2.529	0
1965	1	705.486	705.486	-1.119	-3.464	0
1965	2	701.41	701.41	-1.897	-3.335	0
1965	3	704.02	704.02	-1.413	-1.975	0
1965	4	704.675	704.675	-1.638	-0.802	0
1965	5	706.219	706.219	-0.425	1.213	0
1965	6	705.094	705.094	-1.122	1.257	0
1965	7	704.942	704.942	-0.558	4.096	0
1965	8	705.834	705.834	-0.329	2.235	0
1965	9	707.283	707.283	-1.087	-1.09	0
1965	10	708.971	708.971	-1.265	-1.005	0
1965	11	708.481	708.481	-0.446	-2.017	0
1965	12	706.064	706.064	-0.789	-3.546	0
1966	1	706.901	706.901	-0.893	-3.446	0
1966	2	704.531	704.531	-0.87	-1.776	0
1966	3	702.104	702.104	-1.292	-1.484	0
1966	4	704.297	704.297	-1.303	-0.416	0
1966	5	706.278	706.278	-1.067	0.365	0
1966	6	706.289	706.289	-0.21	2.29	0
1966	7	704.221	704.221	-0.751	4.325	0
1966	8	704.759	704.759	-0.646	0.877	0
1966	9	707.35	707.35	-1.258	-2.132	0
1966	10	708.225	708.225	-1.069	-1.462	0
1966	11	709.324	709.324	-0.551	-1.933	0
1966	12	704.763	704.763	-1.612	-4.645	0
1967	1	704.201	704.201	-1.126	-3.223	0
1967	2	702.684	702.684	-1.508	-2.892	0
1967	3	703.032	703.032	-1.212	-0.949	0
1967	4	705.087	705.087	-1.529	-0.493	0
1967	5	706.069	706.069	-1.465	0.241	0
1967	6	706.588	706.588	-0.583	1.596	0
1967	7	706.003	706.003	-0.501	1.933	0
1967	8	706.198	706.198	-1.541	2.35	0
1967	9	707.701	707.701	-1.65	-2.466	0
1967	10	708.514	708.514	-1.245	-3.112	0
1967	11	706.453	706.453	-1.635	-3.641	0
1967	12	704.9	704.9	-0.785	-3.319	0
1968	1	701.215	701.215	-1.494	-2.785	0
1968	2	702.243	702.243	-1.659	-3.487	0
1968	3	703.362	703.362	-1.344	-0.801	0
1968	4	707.184	707.184	-0.889	-0.021	0
1968	5	705.979	705.979	-0.874	0.367	0
1968	6	707.538	707.538	-0.759	1.658	0
1968	7	706.926	706.926	-0.502	1.493	0
1968	8	706.346	706.346	-1.569	-0.278	0
1968	9	708.622	708.622	-1.414	-1.951	0
1968	10	707.818	707.818	-1.767	-2.785	0
1968	11	708.48	708.48	-0.707	-0.805	0
1968	12	703.734	703.734	-1.249	-2.568	0
1969	1	700.487	700.487	-1.351	-3.589	0
1969	2	702.065	702.065	-1.721	-3.809	0
1969	3	705.857	705.857	-1.6	-1.945	0
1969	4	706.366	706.366	-1.133	0.161	0
1969	5	707.539	707.539	-0.641	0.817	0
1969	6	707.181	707.181	-0.521	1.299	0
1969	7	706.594	706.594	-0.95	3.087	0
1969	8	707.773	707.773	-0.268	2.518	0
1969	9	708.231	708.231	-1.342	-2.024	0
1969	10	708.747	708.747	-1.367	-1.987	0
1969	11	708.515	708.515	-1.099	-2.68	0
1969	12	707.259	707.259	-0.816	-1.85	0
1970	1	703.325	703.325	-1.46	-3.218	0
1970	2	703.913	703.913	-1.462	-1.488	0
1970	3	703.655	703.655	-2.8	-2.483	0
1970	4	708.621	708.621	-1.25	-0.247	0
1970	5	708.065	708.065	-0.994	0.187	0
1970	6	707.79	707.79	-0.937	1.238	0
1970	7	706.045	706.045	-0.604	3.185	0
1970	8	707.774	707.774	-1.294	-0.129	0
1970	9	707.899	707.899	-1.701	-1.281	0
1970	10	709.34	709.34	-1.089	-2.209	0
1970	11	708.249	708.249	-1.079	-2.3	0
1970	12	705.269	705.269	-1.244	-2.563	0
1971	1	703.93	703.93	-1.1	-3.069	0
1971	2	701.316	701.316	-1.951	-2.614	0
1971	3	706.529	706.529	-1.672	-1.931	0
1971	4	706.541	706.541	-1.499	-0.738	0
1971	5	707.654	707.654	-0.778	1.587	0
1971	6	706.438	706.438	-0.892	2.29	0
1971	7	706.222	706.222	-0.22	4.127	0
1971	8	707.009	707.009	-1.031	0.364	0
1971	9	708.14	708.14	-1.806	-2.106	0
1971	10	709.467	709.467	-1.261	-2.826	0
1971	11	709.763	709.763	-1.147	-2.539	0
1971	12	706.622	706.622	-0.873	-2.658	0
1972	1	702.866	702.866	-1.338	-3.115	0
1972	2	699.9	699.9	-2.223	-4.677	0
1972	3	704.445	704.445	-1.696	-1.65	0
1972	4	705.857	705.857	-0.968	0.115	0
1972	5	706.544	706.544	-1.535	0.101	0
1972	6	707.21	707.21	-0.608	1.261	0
1972	7	705.447	705.447	-1.033	0.543	0
1972	8	707.538	707.538	-0.957	1.855	0
1972	9	709.042	709.042	-0.91	-1.148	0
1972	10	708.572	708.572	-1.236	-0.793	0
1972	11	708.483	708.483	-0.926	-1.76	0
1972	12	705.502	705.502	-1.111	-2.696	0
1973	1	701.732	701.732	-1.415	-3.095	0
1973	2	703.193	703.193	-1.385	-2.453	0
1973	3	703.946	703.946	-1.873	-1.448	0
1973	4	705.904	705.904	-1.057	0.918	0
1973	5	707.059	707.059	-1.258	0.07	0
1973	6	707.329	707.329	-1.079	1.232	0
1973	7	706.911	706.911	-0.75	2.396	0
1973	8	707.577	707.577	-1.364	2.05	0
1973	9	708.828	708.828	-1.576	-1.32	0
1973	10	709.536	709.536	-1.371	-2.82	0
1973	11	708.76	708.76	-0.498	-2.134	0
1973	12	706.656	706.656	-0.539	-2.713	0
1974	1	701.222	701.222	-1.655	-3.854	0
1974	2	701.787	701.787	-1.355	-3.143	0
1974	3	706.071	706.071	-1.209	-1.493	0
1974	4	706.048	706.048	-0.413	1.13	0
1974	5	707.088	707.088	-1.022	0.864	0
1974	6	706.079	706.079	-1.087	0.641	0
1974	7	705.859	705.859	-0.528	2.61	0
1974	8	706.075	706.075	-0.671	-0.011	0
1974	9	707.899	707.899	-1.467	-0.924	0
1974	10	708.244	708.244	-1.425	-3.054	0
1974	11	706.923	706.923	-1.494	-2.898	0
1974	12	703.714	703.714	-1.776	-4.213	0
1975	1	703.409	703.409	-1.065	-2.887	0
1975	2	702.001	702.001	-1.373	-2.955	0
1975	3	703.693	703.693	-1.703	-1.827	0
1975	4	706.232	706.232	-1.55	-0.144	0
1975	5	706.857	706.857	-1.286	-0.151	0
1975	6	706.348	706.348	-1.046	1.46	0
1975	7	706.718	706.718	-0.565	2.851	0
1975	8	707.495	707.495	-1.085	-0.006	0
1975	9	708.471	708.471	-1.681	-1.221	0
1975	10	707.946	707.946	-1.539	-3.271	0
1975	11	707.153	707.153	-1.084	-3.11	0
1975	12	705.965	705.965	-0.592	-3.932	0
1976	1	704.346	704.346	-0.725	-2.486	0
1976	2	701.24	701.24	-1.424	-2.125	0
1976	3	702.899	702.899	-1.525	-1.805	0
1976	4	706.327	706.327	-1.217	-0.654	0
1976	5	707.641	707.641	-0.919	0.481	0
1976	6	706.853	706.853	-0.762	1.305	0
1976	7	707.293	707.293	-0.681	1.655	0
1976	8	708.487	708.487	-0.976	1.715	0
1976	9	709.4	709.4	-1.032	-2.163	0
1976	10	708.806	708.806	-1.042	-1.721	0
1976	11	709.054	709.054	-1.1	-3.501	0
1976	12	705.967	705.967	-1.13	-2.996	0
1977	1	702.14	702.14	-1.952	-3.981	0
1977	2	705.98	705.98	-0.804	-1.416	0
1977	3	709.532	709.532	-0.77	-1.166	0
1977	4	706.79	706.79	-0.998	0.921	0
1977	5	707.937	707.937	-1.067	-0.027	0
1977	6	707.995	707.995	-0.656	0.829	0
1977	7	706.774	706.774	-0.796	2.964	0
1977	8	708.392	708.392	-0.469	-0.836	0
1977	9	710.329	710.329	-0.841	-2.518	0
1977	10	711.096	711.096	-0.865	-1.135	0
1977	11	710.158	710.158	-0.781	-3.036	0
1977	12	706.331	706.331	-0.988	-2.148	0
1978	1	704.446	704.446	-0.483	-2.769	0
1978	2	704.585	704.585	-1.059	-3.418	0
1978	3	703.534	703.534	-1.857	-1.939	0
1978	4	707.789	707.789	-0.503	0.678	0
1978	5	708.075	708.075	-1.188	0.338	0
1978	6	707.962	707.962	-0.694	1.933	0
1978	7	708.341	708.341	-0.619	1.838	0
1978	8	708.338	708.338	-0.895	1.204	0
1978	9	709.916	709.916	-0.793	-1.426	0
1978	10	711.367	711.367	-1.309	-2.859	0
1978	11	708.159	708.159	-1.519	-3.629	0
1978	12	708.289	708.289	-0.886	-2.324	0
1979	1	705.542	705.542	-0.482	-2.003	0
1979	2	703.503	703.503	-1.015	-1.701	0
1979	3	703.796	703.796	-1.701	-1.033	0
1979	4	708.481	708.481	-1.318	-0.167	0
1979	5	708.244	708.244	-1.418	0.11	0
1979	6	709.787	709.787	-0.122	3.161	0
1979	7	708.973	708.973	-0.678	1.852	0
1979	8	708.55	708.55	-1.152	-0.372	0
1979	9	710.74	710.74	-1.352	-2.265	0
1979	10	711.916	711.916	-0.159	-2.061	0
1979	11	710.57	710.57	-0.713	-2.445	0
1979	12	706.792	706.792	-1.142	-2.513	0
1980	1	703.762	703.762	-1.278	-3.637	0
1980	2	703.209	703.209	-1.852	-2.782	0
1980	3	704.303	704.303	-1.864	-2.682	0
1980	4	708.363	708.363	-1.261	0.404	0
1980	5	709.057	709.057	-0.808	1.191	0
1980	6	708.545	708.545	-0.46	2.53	0
1980	7	708.308	708.308	-0.563	1.638	0
1980	8	708.742	708.742	-0.682	0.082	0
1980	9	710.26	710.26	-0.777	-2.131	0
1980	10	710.135	710.135	-1.052	-2.007	0
1980	11	709.766	709.766	-0.844	-1.354	0
1980	12	707.963	707.963	-0.432	-3.023	0
1981	1	704.8	704.8	-1.455	-4.028	0
1981	2	703.97	703.97	-1.511	-2.497	0
1981	3	705.66	705.66	-1.204	-0.553	0
1981	4	707.594	707.594	-1.029	-0.2	0
1981	5	708.948	708.948	-0.409	1.087	0
1981	6	707.608	707.608	-1.024	1.803	0
1981	7	707.412	707.412	-0.883	2.986	0
1981	8	707.988	707.988	-0.921	0.08	0
1981	9	710.52	710.52	-1.098	-2.163	0
1981	10	710.068	710.068	-0.944	-2.189	0
1981	11	708.282	708.282	-1.418	-3.711	0
1981	12	707.878	707.878	-0.671	-3.246	0
1982	1	705.174	705.174	-1.079	-2.853	0
1982	2	702.069	702.069	-1.784	-3.145	0
1982	3	703.795	703.795	-1.602	-1.468	0
1982	4	707.933	707.933	-0.864	-0.774	0
1982	5	710.268	710.268	-0.108	2.59	0
1982	6	708.486	708.486	-0.545	0.309	0
1982	7	707.796	707.796	-0.671	2.089	0
1982	8	708.06	708.06	-0.956	1.059	0
1982	9	710.125	710.125	-1.334	-2.128	0
1982	10	710.921	710.921	-0.948	-1.77	0
1982	11	708.188	708.188	-0.927	-2.209	0
1982	12	707.221	707.221	-0.29	-2.418	0
1983	1	705.281	705.281	-1.032	-2.942	0
1983	2	704.626	704.626	-1.55	-2.691	0
1983	3	703.977	703.977	-1.375	-2.195	0
1983	4	706.052	706.052	-0.78	1.049	0
1983	5	708.63	708.63	-0.919	0.875	0
1983	6	708.796	708.796	-0.783	0.645	0
1983	7	708.103	708.103	-0.44	3.284	0
1983	8	708.855	708.855	-0.732	-0.106	0
1983	9	709.588	709.588	-0.957	-1.127	0
1983	10	710.182	710.182	-1.364	-2.973	0
1983	11	711.183	711.183	-0.645	-2.871	0
1983	12	707.105	707.105	-0.913	-3.514	0
1984	1	703.442	703.442	-1.383	-3.758	0
1984	2	702.394	702.394	-2.129	-3.841	0
1984	3	706.224	706.224	-1.439	-1.041	0
1984	4	706.691	706.691	-1.513	-0.189	0
1984	5	708.257	708.257	-1.128	0.186	0
1984	6	707.579	707.579	-0.617	1.433	0
1984	7	707.251	707.251	-0.649	1.441	0
1984	8	708.509	708.509	-0.877	0.499	0
1984	9	709.26	709.26	-1.14	-1.185	0
1984	10	710.597	710.597	-0.474	-2.01	0
1984	11	708.8	708.8	-1.049	-2.641	0
1984	12	704.303	704.303	-1.652	-4.285	0
1985	1	704.898	704.898	-1.229	-2.974	0
1985	2	702.105	702.105	-1.739	-3.116	0
1985	3	705.792	705.792	-1.86	-3.238	0
1985	4	707.262	707.262	-0.531	0.631	0
1985	5	708.193	708.193	-0.995	0.518	0
1985	6	707.388	707.388	-1.063	0.617	0
1985	7	708.405	708.405	0.002	3.147	0
1985	8	708.265	708.265	-0.926	0.464	0
1985	9	710.276	710.276	-1.274	-1.753	0
1985	10	709.491	709.491	-0.73	-1.904	0
1985	11	709.297	709.297	-0.652	-1.792	0
1985	12	707.095	707.095	-0.833	-3.346	0
1986	1	705.878	705.878	-0.94	-2.535	0
1986	2	705.054	705.054	-1.725	-3.411	0
1986	3	703.912	703.912	-1.315	-1.342	0
1986	4	707.763	707.763	-0.987	0.06	0
1986	5	708.701	708.701	-0.711	0.62	0
1986	6	707.122	707.122	-1.106	1.514	0
1986	7	708.849	708.849	-0.475	2.54	0
1986	8	709.152	709.152	-0.445	-0.028	0
1986	9	711.261	711.261	-0.422	-1.67	0
1986	10	711.389	711.389	-0.988	-1.987	0
1986	11	708.693	708.693	-1.315	-3.095	0
1986	12	706.128	706.128	-1.101	-2.725	0
1987	1	707.62	707.62	-0.746	-2.264	0
1987	2	706.421	706.421	-1.03	-2.221	0
1987	3	704.986	704.986	-1.421	-1.971	0
1987	4	707.51	707.51	-0.711	0.429	0
1987	5	709.556	709.556	-0.977	0.768	0
1987	6	708.449	708.449	-1.165	0.4	0
1987	7	708.483	708.483	-0.387	2.588	0
1987	8	709.471	709.471	-0.055	2.513	0
1987	9	711.262	711.262	-0.659	-1.488	0
1987	10	709.932	709.932	-0.894	-1.632	0
1987	11	710.073	710.073	-1.066	-2.687	0
1987	12	709.868	709.868	-0.106	-1.971	0
1988	1	705.557	705.557	-1.164	-2.967	0
1988	2	705.042	705.042	-2.155	-3.697	0
1988	3	703.036	703.036	-2.065	-2.642	0
1988	4	709.258	709.258	-0.483	0.419	0
1988	5	708.536	708.536	-1.187	0.199	0
1988	6	708.718	708.718	-0.591	0.958	0
1988	7	708.099	708.099	-0.85	2.341	0
1988	8	708.024	708.024	-1.193	0.046	0
1988	9	710.175	710.175	-1.12	-2.462	0
1988	10	710.12	710.12	-1.304	-3.258	0
1988	11	711.487	711.487	-0.236	-2.913	0
1988	12	707.73	707.73	-1.149	-2.729	0
1989	1	702.693	702.693	-1.854	-3.639	0
1989	2	702.435	702.435	-1.983	-3.452	0
1989	3	705.003	705.003	-1.493	-1.747	0
1989	4	706.22	706.22	-1.515	-1.072	0
1989	5	708.438	708.438	-0.894	0.267	0
1989	6	708.337	708.337	-0.898	1.162	0
1989	7	708.379	708.379	-0.678	1.563	0
1989	8	708.573	708.573	-0.927	-1.066	0
1989	9	709.419	709.419	-1.071	-2.063	0
1989	10	710.949	710.949	-0.518	-1.911	0
1989	11	709.793	709.793	-1.245	-3.331	0
1989	12	707.54	707.54	-0.52	-2.631	0
1990	1	705.321	705.321	-1.467	-3.562	0
1990	2	703.439	703.439	-1.94	-2.896	0
1990	3	705.797	705.797	-1.392	-1.206	0
1990	4	706.259	706.259	-1.243	0.165	0
1990	5	709.669	709.669	-0.255	1.445	0
1990	6	708.174	708.174	-0.477	2.299	0
1990	7	707.712	707.712	-0.203	3.489	0
1990	8	709.489	709.489	-0.316	0.015	0
1990	9	710.19	710.19	-0.867	-1.295	0
1990	10	710.205	710.205	-1.085	-2.588	0
1990	11	710.638	710.638	-0.895	-2.037	0
1990	12	706.682	706.682	-0.729	-2.413	0
1991	1	704.537	704.537	-1.56	-3.52	0
1991	2	705.047	705.047	-1.54	-2.806	0
1991	3	705.243	705.243	-1.652	-2.368	0
1991	4	706.911	706.911	-1.093	-0.32	0
1991	5	707.702	707.702	-1.08	0.693	0
1991	6	708.116	708.116	-0.6	1.672	0
1991	7	707.571	707.571	-0.212	3.328	0
1991	8	708.824	708.824	-0.784	-1.402	0
1991	9	710.214	710.214	-0.911	-2.259	0
1991	10	710.252	710.252	-0.653	-2.851	0
1991	11	709.883	709.883	-0.665	-2.022	0
1991	12	706.396	706.396	-0.886	-2.742	0
1992	1	705.621	705.621	-0.737	-3.059	0
1992	2	702.767	702.767	-0.976	-1.491	0
1992	3	703.363	703.363	-1.882	-2.969	0
1992	4	706.98	706.98	-0.828	0.153	0
1992	5	707.93	707.93	-1.19	0.252	0
1992	6	708.005	708.005	-1.071	0.378	0
1992	7	708.32	708.32	-0.318	3.209	0
1992	8	709.124	709.124	-0.512	-0.697	0
1992	9	709.745	709.745	-0.901	-1.791	0
1992	10	710.621	710.621	-0.79	-3.336	0
1992	11	711.701	711.701	-0.09	-1.939	0
1992	12	708.039	708.039	-0.607	-2.06	0
1993	1	704.047	704.047	-1.168	-4.245	0
1993	2	705.359	705.359	-1.067	-1.836	0
1993	3	703.879	703.879	-1.643	-1.583	0
1993	4	708.341	708.341	-1.131	-0.021	0
1993	5	708.484	708.484	-0.872	0.063	0
1993	6	708.774	708.774	-0.346	1.643	0
1993	7	707.623	707.623	-0.625	1.599	0
1993	8	708.915	708.915	-0.793	-0.367	0
1993	9	710.081	710.081	-0.757	-1.191	0
1993	10	711.472	711.472	-0.513	-2.68	0
1993	11	708.854	708.854	-0.857	-2.075	0
1993	12	709.009	709.009	-0.569	-3.076	0
1994	1	704.734	704.734	-0.747	-2.274	0
1994	2	701.543	701.543	-1.848	-3.514	0
1994	3	706.911	706.911	-1.034	-1.263	0
1994	4	706.014	706.014	-1.041	0.069	0
1994	5	709.281	709.281	0.064	1.381	0
1994	6	707.763	707.763	-0.948	1.282	0
1994	7	707.407	707.407	-0.646	2.458	0
1994	8	708.584	708.584	-0.806	1.103	0
1994	9	710.165	710.165	-0.567	-2.078	0
1994	10	711.12	711.12	-0.713	-2.693	0
1994	11	710.591	710.591	-0.814	-1.832	0
1994	12	706.763	706.763	-1.06	-3.503	0
1995	1	705.936	705.936	-0.879	-3.155	0
1995	2	704.256	704.256	-1.252	-2.374	0
1995	3	705.736	705.736	-0.826	-0.942	0
1995	4	706.852	706.852	-1.048	0.097	0
1995	5	708.553	708.553	-0.548	1.376	0
1995	6	707.966	707.966	-0.621	1.019	0
1995	7	707.105	707.105	-0.583	3.479	0
1995	8	708.22	708.22	-0.892	2.891	0
1995	9	709.65	709.65	-0.973	-1.479	0
1995	10	710.399	710.399	-0.961	-2.385	0
1995	11	709.305	709.305	-0.232	-1.812	0
1995	12	707.397	707.397	-0.981	-3.778	0
1996	1	704.271	704.271	-1.327	-2.956	0
1996	2	704.426	704.426	-1.26	-2.979	0
1996	3	703.71	703.71	-1.751	-2.033	0
1996	4	707.033	707.033	-1.239	0.174	0
1996	5	707.715	707.715	-1.067	-0.044	0
1996	6	708.717	708.717	-0.083	2.106	0
1996	7	707.739	707.739	-0.73	2.677	0
1996	8	708.809	708.809	-0.694	-0.476	0
1996	9	709.31	709.31	-0.925	-2.095	0
1996	10	709.914	709.914	-0.685	-2.014	0
1996	11	708.906	708.906	-1.051	-3.673	0
1996	12	708.703	708.703	0.152	-1.059	0
1997	1	704.682	704.682	-0.913	-3.261	0
1997	2	703.339	703.339	-1.6	-2.732	0
1997	3	704.517	704.517	-1.652	-1.495	0
1997	4	707.682	707.682	-1.05	-0.754	0
1997	5	707.939	707.939	-0.548	1.273	0
1997	6	708.047	708.047	-0.761	0.941	0
1997	7	707.596	707.596	-0.775	2.025	0
1997	8	708.918	708.918	-0.517	0.594	0
1997	9	711.195	711.195	-0.44	-2.361	0
1997	10	711.552	711.552	-0.233	-1.522	0
1997	11	708.726	708.726	-0.951	-2.119	0
1997	12	706.15	706.15	-0.886	-2.791	0
1998	1	704.062	704.062	-1.332	-3.423	0
1998	2	703.921	703.921	-1.212	-2.529	0
1998	3	704.638	704.638	-1.454	-1.483	0
1998	4	708.263	708.263	-0.733	0.846	0
1998	5	709.278	709.278	-1.288	-0.369	0
1998	6	708.154	708.154	-0.588	1.229	0
1998	7	708.145	708.145	-0.501	2.473	0
1998	8	709.762	709.762	-0.346	1.617	0
1998	9	711.014	711.014	-0.523	-1.989	0
1998	10	711.02	711.02	-0.893	-2.571	0
1998	11	710.087	710.087	-0.327	-1.347	0
1998	12	710.8	710.8	-0.627	-2.993	0
1999	1	705.47	705.47	-0.916	-2.548	0
1999	2	707.303	707.303	-0.987	-1.976	0
1999	3	703.44	703.44	-1.751	-1.882	0
1999	4	707.392	707.392	-1.268	-0.558	0
1999	5	708.336	708.336	-0.531	0.761	0
1999	6	708.068	708.068	-1.007	0.399	0
1999	7	707.255	707.255	-1.024	0.298	0
1999	8	708.59	708.59	-0.76	-0.447	0
1999	9	709.791	709.791	-1.097	-1.296	0
1999	10	710.679	710.679	-0.958	-2.192	0
1999	11	708.287	708.287	-1.041	-2.371	0
1999	12	710.158	710.158	-0.248	-2.441	0
2000	1	704.713	704.713	-1.585	-4.364	0
2000	2	702.873	702.873	-1.392	-2.753	0
2000	3	705.046	705.046	-1.046	-0.729	0
2000	4	707.825	707.825	-0.501	0.151	0
2000	5	709.51	709.51	-0.158	1.27	0
2000	6	707.769	707.769	-0.778	1.241	0
2000	7	707.534	707.534	-0.367	2.239	0
2000	8	708.399	708.399	-0.629	0.621	0
2000	9	709.482	709.482	-0.882	-2.276	0
2000	10	710.59	710.59	-1.189	-2.872	0
2000	11	708.717	708.717	-1.098	-3.07	0
2000	12	707.907	707.907	-0.464	-2.301	0
2001	1	704.35	704.35	-1.038	-2.836	0
2001	2	704.079	704.079	-1.244	-2.308	0
2001	3	706.625	706.625	-0.303	-1.088	0
2001	4	708.431	708.431	-0.993	-0.753	0
2001	5	709.26	709.26	-0.091	0.583	0
2001	6	707.696	707.696	-0.382	1.715	0
2001	7	707.393	707.393	-0.63	2.809	0
2001	8	709.027	709.027	-0.736	-0.753	0
2001	9	709.363	709.363	-1.531	-3.508	0
2001	10	710.275	710.275	-1.094	-2.57	0
2001	11	709.996	709.996	-0.504	-2.724	0
2001	12	708.817	708.817	-0.903	-4.127	0
2002	1	705.696	705.696	-0.342	-2.408	0
2002	2	705.543	705.543	-1.306	-1.623	0
2002	3	706.614	706.614	-0.534	-0.261	0
2002	4	706.606	706.606	-0.937	0.358	0
2002	5	708.088	708.088	-0.955	-0.436	0
2002	6	707.999	707.999	-0.637	1.254	0
2002	7	707.765	707.765	-0.449	0.88	0
2002	8	708.595	708.595	-0.407	-0.232	0
2002	9	710.574	710.574	-0.693	-2.229	0
2002	10	710.787	710.787	-0.659	-1.738	0
2002	11	709.914	709.914	-0.252	-1.906	0
2002	12	705.955	705.955	-1.22	-3.9	0
2003	1	707.059	707.059	-0.708	-2.876	0
2003	2	703.287	703.287	-1.29	-2.118	0
2003	3	705.35	705.35	-1.617	-1.966	0
2003	4	707.749	707.749	-1.002	-0.383	0
2003	5	707.615	707.615	-1.255	-0.799	0
2003	6	707.793	707.793	-0.375	1.28	0
2003	7	707.631	707.631	-0.286	2.547	0
2003	8	708.65	708.65	-0.98	0.213	0
2003	9	709.602	709.602	-0.872	-1.001	0
2003	10	711.04	711.04	-0.45	-2.218	0
2003	11	708.75	708.75	-1.168	-3.442	0
2003	12	707.734	707.734	-0.871	-3.545	0
2004	1	704.477	704.477	-1.225	-3.037	0
2004	2	706.363	706.363	-0.555	-0.965	0
2004	3	708.333	708.333	-1.172	-0.942	0
2004	4	707.613	707.613	-0.258	0.396	0
2004	5	708.336	708.336	-0.203	0.982	0
2004	6	708.287	708.287	-0.554	0.869	0
2004	7	707.688	707.688	-0.278	3.138	0
2004	8	708.12	708.12	-0.98	-0.704	0
2004	9	710.843	710.843	-0.981	-1.733	0
2004	10	711.034	711.034	-0.88	-3.518	0
2004	11	710.145	710.145	-0.524	-1.54	0
2004	12	707.404	707.404	-0.991	-3.6	0
2005	1	703.3	703.3	-1.332	-3.613	0
2005	2	702.682	702.682	-1.821	-3.641	0
2005	3	706.944	706.944	-1.051	-1.266	0
2005	4	708.26	708.26	-0.241	1.605	0
2005	5	707.128	707.128	-1.234	0.602	0
2005	6	707.703	707.703	-0.561	2.441	0
2005	7	707.887	707.887	-0.422	2.563	0
2005	8	707.904	707.904	-0.861	1.116	0
2005	9	710.733	710.733	-1.089	-1.364	0
2005	10	711.663	711.663	-0.902	-3.11	0
2005	11	709.205	709.205	-0.567	-1.439	0
2005	12	708.172	708.172	-1.002	-3.656	0
2006	1	703.838	703.838	-1.366	-3.348	0
2006	2	707.776	707.776	-1.353	-2.701	0
2006	3	706.439	706.439	-0.762	-0.276	0
2006	4	707.489	707.489	-0.252	0.448	0
2006	5	710.038	710.038	-0.583	0.578	0
2006	6	708.567	708.567	-0.339	2.153	0
2006	7	707.754	707.754	-0.603	2.37	0
2006	8	708.52	708.52	-0.946	0.257	0
2006	9	709.88	709.88	-1.166	-2.721	0
2006	10	711.941	711.941	-0.594	-1.512	0
2006	11	708.132	708.132	-0.643	-1.925	0
2006	12	707.166	707.166	-0.914	-2.851	0
2007	1	707.109	707.109	-0.724	-3.374	0
2007	2	703.478	703.478	-0.928	-0.939	0
2007	3	705	705	-1.255	-0.755	0
2007	4	709.847	709.847	-0.574	0.117	0
2007	5	709.443	709.443	-0.017	1.846	0
2007	6	707.888	707.888	-0.989	1.011	0
2007	7	707.187	707.187	-0.491	1.894	0
2007	8	708.287	708.287	-0.819	1.668	0
2007	9	709.2	709.2	-0.928	-2.172	0
2007	10	710.717	710.717	-1.015	-2.839	0
2007	11	710.059	710.059	-0.874	-2.859	0
2007	12	705.65	705.65	-1.145	-3.191	0
2008	1	702.313	702.313	-1.6	-4.542	0
2008	2	704.494	704.494	-0.837	-2.987	0
2008	3	706.794	706.794	-1.015	-0.774	0
2008	4	706.954	706.954	-0.838	0.402	0
2008	5	708.204	708.204	-0.431	1.121	0
2008	6	708.124	708.124	-0.702	1.063	0
2008	7	707.473	707.473	-0.556	2.931	0
2008	8	708.357	708.357	-0.655	0.605	0
2008	9	709.097	709.097	-1.223	-2.03	0
2008	10	711.278	711.278	-0.889	-1.435	0
2008	11	710.504	710.504	-0.553	-2.296	0
2008	12	708.203	708.203	-0.536	-1.893	0
2009	1	707.017	707.017	-0.859	-2.708	0
2009	2	704.001	704.001	-1.57	-1.729	0
2009	3	706.062	706.062	-1.283	-1.261	0
2009	4	706.557	706.557	-1.239	0.243	0
2009	5	708.421	708.421	-1.05	0.378	0
2009	6	707.803	707.803	-0.193	2.694	0
2009	7	707.04	707.04	-0.763	2.281	0
2009	8	709.311	709.311	-0.814	-0.496	0
2009	9	710	710	-1.267	-1.911	0
2009	10	710.651	710.651	-0.81	-1.211	0
2009	11	708.598	708.598	-0.728	-3.141	0
2009	12	706.589	706.589	-1.024	-2.814	0
2010	1	706.873	706.873	-1.123	-2.223	0
2010	2	703.324	703.324	-1.315	-1.654	0
2010	3	708.365	708.365	-1.303	-1.526	0
2010	4	709.061	709.061	-1.305	-0.566	0
2010	5	707.88	707.88	-1.264	0.904	0
2010	6	707.687	707.687	-0.914	0.686	0
2010	7	707.853	707.853	-0.716	2.827	0
2010	8	709.649	709.649	-0.647	1.775	0
2010	9	709.786	709.786	-1.265	-0.863	0
2010	10	710.66	710.66	-0.882	-2.975	0
2010	11	710.306	710.306	-0.18	-0.953	0
2010	12	706.762	706.762	-0.03	-2.155	0
2011	1	704.697	704.697	-1.433	-4.418	0
2011	2	701.924	701.924	-1.472	-2.224	0
2011	3	707.181	707.181	-0.98	-1.17	0
2011	4	708.655	708.655	-0.471	0.273	0
2011	5	709.655	709.655	-0.653	0.614	0
2011	6	707.772	707.772	-0.882	1.747	0
2011	7	707.797	707.797	-0.383	2.391	0
2011	8	708.571	708.571	-0.581	0.528	0
2011	9	709.229	709.229	-1.486	-2.918	0
2011	10	710.071	710.071	-1.086	-2.195	0
2011	11	708.779	708.779	-1.43	-2.212	0
2011	12	706.719	706.719	-1.312	-3.888	0
2012	1	702.746	702.746	-1.721	-3.777	0
2012	2	701.696	701.696	-2.127	-3.312	0
2012	3	704.229	704.229	-1.507	-1.897	0
2012	4	707.359	707.359	-0.679	1.41	0
2012	5	708.223	708.223	-1.303	0.156	0
2012	6	707.153	707.153	-0.841	1.029	0
2012	7	707.336	707.336	-0.71	2.939	0
2012	8	708.967	708.967	-0.932	-0.637	0
2012	9	710.291	710.291	-0.862	-1.614	0
2012	10	711.227	711.227	-0.899	-1.468	0
2012	11	708.621	708.621	-0.906	-1.999	0
2012	12	706.23	706.23	-0.992	-3.26	0
2013	1	704.968	704.968	-0.903	-2.045	0
2013	2	705.139	705.139	-1.574	-2.198	0
2013	3	707.361	707.361	-0.744	-0.694	0
2013	4	707.461	707.461	-0.65	0.039	0
2013	5	708.612	708.612	-0.809	1.33	0
2013	6	707.862	707.862	-0.96	0.602	0
2013	7	707.482	707.482	-0.51	5.164	0
2013	8	708.763	708.763	-0.61	1.98	0
2013	9	710.316	710.316	-1.038	-1.252	0
2013	10	711.489	711.489	-0.798	-3.2	0
2013	11	709.752	709.752	-0.547	-1.969	0
2013	12	706.381	706.381	-0.303	-2.853	0
2014	1	705.892	705.892	-0.668	-1.189	0
2014	2	702.625	702.625	-1.934	-3.54	0
2014	3	705.766	705.766	-1.093	-0.141	0
2014	4	707.579	707.579	-1.368	-0.388	0
2014	5	708.35	708.35	-0.628	1.705	0
2014	6	708.508	708.508	-0.817	0.097	0
2014	7	NA	NA	NA	NA	0
2014	8	NA	NA	NA	NA	0
2014	9	NA	NA	NA	NA	0
2014	10	NA	NA	NA	NA	0
2014	11	NA	NA	NA	NA	0
2014	12	NA	NA	NA	NA	0
