1948	1	25.633	0.958	0.958	-3.528	0
1948	2	25.775	-0.458	-0.458	-2.773	0
1948	3	26.42	-0.802	-0.802	-2.622	0
1948	4	27.278	-1.697	-1.697	-0.539	0
1948	5	27.939	-0.985	-0.985	1.097	0
1948	6	27.91	1.18	1.18	2.462	0
1948	7	27.065	0.723	0.723	0.781	0
1948	8	26.813	-2.692	-2.692	2.975	0
1948	9	26.656	-2.926	-2.926	-0.23	0
1948	10	26.285	-4.022	-4.022	-0.542	0
1948	11	25.893	-4.78	-4.78	-1.797	0
1948	12	25.823	-2.865	-2.865	-1.788	0
1949	1	25.367	-0.194	-0.194	-3.093	0
1949	2	25.301	0.637	0.637	-3.085	0
1949	3	26.166	-1.042	-1.042	-2.703	0
1949	4	27.111	-1.067	-1.067	-0.543	0
1949	5	27.328	0.486	0.486	0.846	0
1949	6	27.211	0.165	0.165	3.408	0
1949	7	26.934	0.267	0.267	1.909	0
1949	8	26.833	0.213	0.213	2.242	0
1949	9	26.513	-2.947	-2.947	2.187	0
1949	10	26.169	-4.002	-4.002	2.093	0
1949	11	25.838	-3.192	-3.192	-0.845	0
1949	12	25.363	-2.184	-2.184	-2.375	0
1950	1	25.068	-0.528	-0.528	-2.21	0
1950	2	25.497	-0.975	-0.975	-1.686	0
1950	3	26.484	-1.495	-1.495	-1.461	0
1950	4	26.999	-1.758	-1.758	-0.365	0
1950	5	27.309	-1.646	-1.646	1.79	0
1950	6	27.142	-1.069	-1.069	2.504	0
1950	7	26.838	-1.532	-1.532	3.325	0
1950	8	26.636	-0.098	-0.098	4.314	0
1950	9	26.411	-2.163	-2.163	3.41	0
1950	10	26.203	-3.628	-3.628	-0.038	0
1950	11	25.873	-3.049	-3.049	-1.427	0
1950	12	25.321	-1.023	-1.023	-4.606	0
1951	1	25.307	-1.883	-1.883	-3.254	0
1951	2	25.058	-0.994	-0.994	-2.677	0
1951	3	26.021	-1.335	-1.335	-2.917	0
1951	4	26.997	-2.692	-2.692	0.128	0
1951	5	27.419	-1.165	-1.165	1.915	0
1951	6	27.12	-0.128	-0.128	2.433	0
1951	7	26.578	1.044	1.044	1.351	0
1951	8	26.608	-1.788	-1.788	2.377	0
1951	9	26.564	-1.428	-1.428	-0.018	0
1951	10	26.594	-4.524	-4.524	0.966	0
1951	11	26.525	-2.864	-2.864	-2.809	0
1951	12	25.924	-1.935	-1.935	-3.08	0
1952	1	25.899	-0.155	-0.155	-2.931	0
1952	2	26.106	-1.298	-1.298	-2.482	0
1952	3	26.445	-0.402	-0.402	-0.993	0
1952	4	27.381	-1.23	-1.23	-0.403	0
1952	5	27.802	-1.299	-1.299	1.479	0
1952	6	27.373	1.17	1.17	2.291	0
1952	7	26.786	-0.379	-0.379	2.835	0
1952	8	26.454	-1.694	-1.694	2.546	0
1952	9	26.32	-2.486	-2.486	0.781	0
1952	10	26.218	-3.461	-3.461	-0.187	0
1952	11	25.946	-4.467	-4.467	0.705	0
1952	12	25.34	-2.534	-2.534	-3.499	0
1953	1	25.628	0.36	0.36	-4.003	0
1953	2	25.693	-1.412	-1.412	-2.884	0
1953	3	26.552	-0.596	-0.596	-1.107	0
1953	4	27.36	-2.688	-2.688	-0.335	0
1953	5	27.726	-1.798	-1.798	1.816	0
1953	6	27.594	1.867	1.867	1.754	0
1953	7	26.974	-0.266	-0.266	1.79	0
1953	8	26.742	-2.887	-2.887	2.062	0
1953	9	26.476	-1.971	-1.971	1.586	0
1953	10	26.715	-3.388	-3.388	-0.666	0
1953	11	26.46	-4.132	-4.132	-1.991	0
1953	12	25.943	-2.779	-2.779	-4.095	0
1954	1	26.092	-1.042	-1.042	-2.961	0
1954	2	26.192	-1.204	-1.204	-2.868	0
1954	3	26.645	-1.744	-1.744	-2.547	0
1954	4	27.389	-1.572	-1.572	-0.343	0
1954	5	27.685	-0.431	-0.431	0.844	0
1954	6	27.501	1.743	1.743	1.665	0
1954	7	26.859	2.536	2.536	0.694	0
1954	8	26.769	-2.842	-2.842	2.393	0
1954	9	26.412	-1.096	-1.096	3.179	0
1954	10	26.186	-3.966	-3.966	0.062	0
1954	11	25.659	-4.032	-4.032	-0.351	0
1954	12	25.735	-2.898	-2.898	-4.472	0
1955	1	25.47	-0.672	-0.672	-4.453	0
1955	2	25.587	-0.468	-0.468	-1.95	0
1955	3	26.232	-1.675	-1.675	-2.183	0
1955	4	26.938	-2.387	-2.387	0.114	0
1955	5	27.46	-1.212	-1.212	1.941	0
1955	6	27.354	0.948	0.948	1.063	0
1955	7	26.724	0.523	0.523	2.112	0
1955	8	26.502	-0.568	-0.568	1.523	0
1955	9	26.894	-1.264	-1.264	1.402	0
1955	10	26.437	-3.585	-3.585	1.846	0
1955	11	25.729	-4.089	-4.089	-2.242	0
1955	12	24.86	-2.091	-2.091	-2.934	0
1956	1	24.953	0.696	0.696	-3.659	0
1956	2	25.203	-0.587	-0.587	-2.649	0
1956	3	26.281	-1.085	-1.085	-3.331	0
1956	4	27.194	-2.024	-2.024	-0.183	0
1956	5	27.467	-1.501	-1.501	0.849	0
1956	6	27.101	1.262	1.262	0.173	0
1956	7	26.495	-0.548	-0.548	2.039	0
1956	8	26.387	-1.553	-1.553	1.445	0
1956	9	26.292	-4.83	-4.83	1.789	0
1956	10	26.281	-3.906	-3.906	0.032	0
1956	11	26.035	-5.201	-5.201	-1.825	0
1956	12	25.512	-4.751	-4.751	-4.998	0
1957	1	25.672	-1.969	-1.969	-3.453	0
1957	2	25.584	-2.285	-2.285	-3.918	0
1957	3	26.472	-0.826	-0.826	-2.337	0
1957	4	27.48	-1.748	-1.748	-1.449	0
1957	5	28.141	-1.547	-1.547	0.053	0
1957	6	28.063	-0.129	-0.129	2.837	0
1957	7	27.192	2.056	2.056	0.948	0
1957	8	26.722	-1.001	-1.001	2.83	0
1957	9	26.592	-1.765	-1.765	2.543	0
1957	10	26.488	-1.699	-1.699	-1.471	0
1957	11	26.509	-3.471	-3.471	-1.031	0
1957	12	26.538	-1.266	-1.266	-2.055	0
1958	1	25.977	0.33	0.33	-3.631	0
1958	2	26.476	-0.686	-0.686	-2.26	0
1958	3	26.927	-0.194	-0.194	-1.687	0
1958	4	27.762	-0.647	-0.647	-0.601	0
1958	5	28.18	-1.022	-1.022	1.694	0
1958	6	28.028	-1.625	-1.625	3.681	0
1958	7	27.231	-1.189	-1.189	2.939	0
1958	8	26.977	0.34	0.34	0.565	0
1958	9	26.892	-2.981	-2.981	2.105	0
1958	10	26.792	-3.756	-3.756	-1.234	0
1958	11	26.619	-2.708	-2.708	-1.536	0
1958	12	25.834	-1.834	-1.834	-3.546	0
1959	1	25.998	1.095	1.095	-4.566	0
1959	2	26.155	-1.043	-1.043	-2.112	0
1959	3	26.821	-2.007	-2.007	-2.848	0
1959	4	27.687	-1.328	-1.328	-0.451	0
1959	5	28.486	-1.178	-1.178	1.119	0
1959	6	27.79	0.901	0.901	2.051	0
1959	7	27.351	0.596	0.596	0.668	0
1959	8	26.812	-0.725	-0.725	2.139	0
1959	9	26.733	-1.879	-1.879	0.533	0
1959	10	26.936	-3.889	-3.889	1.02	0
1959	11	26.943	-3.341	-3.341	-1.461	0
1959	12	26.52	-2.875	-2.875	-4.285	0
1960	1	25.93	-1.66	-1.66	-3.477	0
1960	2	25.887	-0.894	-0.894	-2.799	0
1960	3	26.173	-1.665	-1.665	-1.989	0
1960	4	27.549	-1.983	-1.983	-0.117	0
1960	5	27.891	-0.452	-0.452	0.863	0
1960	6	27.258	-1.573	-1.573	2.329	0
1960	7	27.081	-1.788	-1.788	0.937	0
1960	8	26.777	-4.951	-4.951	4.134	0
1960	9	26.528	-2.78	-2.78	-0.639	0
1960	10	26.402	-4.053	-4.053	0.64	0
1960	11	26.603	-2.405	-2.405	-2.967	0
1960	12	25.845	-1.983	-1.983	-2.227	0
1961	1	25.504	-0.606	-0.606	-5.835	0
1961	2	25.77	-1.447	-1.447	-4.034	0
1961	3	26.093	-1.655	-1.655	-2.348	0
1961	4	27.166	-1.642	-1.642	-1.115	0
1961	5	27.455	-1.324	-1.324	1.275	0
1961	6	26.761	-0.471	-0.471	2.008	0
1961	7	26.437	-0.864	-0.864	1.355	0
1961	8	26.257	-2.339	-2.339	1.672	0
1961	9	26.104	-3.761	-3.761	1.208	0
1961	10	26.014	-2.32	-2.32	-1.04	0
1961	11	26.11	-3.531	-3.531	-3.961	0
1961	12	25.635	-1.755	-1.755	-3.156	0
1962	1	25.038	1.107	1.107	-4.203	0
1962	2	24.972	0.088	0.088	-4.634	0
1962	3	25.749	0.066	0.066	-1.489	0
1962	4	26.492	-1.663	-1.663	-2.078	0
1962	5	27.488	-0.955	-0.955	1.166	0
1962	6	26.755	1.109	1.109	1.512	0
1962	7	26.647	-2.008	-2.008	1.572	0
1962	8	26.107	-1.084	-1.084	0.578	0
1962	9	26.055	-2.946	-2.946	-0.214	0
1962	10	26.364	-4.259	-4.259	-0.518	0
1962	11	25.629	-3.29	-3.29	-1.903	0
1962	12	25.098	-0.6	-0.6	-4.392	0
1963	1	25.008	5.14	5.14	-6.076	0
1963	2	25.13	1.318	1.318	-5.654	0
1963	3	25.873	0.32	0.32	-3.926	0
1963	4	26.815	-1.455	-1.455	-2.697	0
1963	5	27.674	-0.104	-0.104	-0.483	0
1963	6	27.049	-2.236	-2.236	1.751	0
1963	7	26.868	-1.109	-1.109	0.92	0
1963	8	26.574	1.996	1.996	1.29	0
1963	9	26.599	-2.702	-2.702	1.071	0
1963	10	26.658	-3.188	-3.188	-2.142	0
1963	11	26.414	-2.233	-2.233	-2.812	0
1963	12	25.621	-2.188	-2.188	-3.191	0
1964	1	25.963	-0.252	-0.252	-3.241	0
1964	2	26.58	-0.883	-0.883	-4.701	0
1964	3	26.698	-0.592	-0.592	-3.191	0
1964	4	27.979	-1.684	-1.684	-2.149	0
1964	5	28.127	-3.16	-3.16	0.192	0
1964	6	27.484	0.412	0.412	1.601	0
1964	7	26.939	-1.198	-1.198	0.899	0
1964	8	26.645	-1.468	-1.468	2.775	0
1964	9	26.806	-2.546	-2.546	0.923	0
1964	10	26.637	-4.906	-4.906	-0.037	0
1964	11	25.853	-2.866	-2.866	-1.305	0
1964	12	25.427	-2.816	-2.816	-2.876	0
1965	1	25.36	-0.577	-0.577	-4.197	0
1965	2	26.282	-0.964	-0.964	-3.698	0
1965	3	26.532	-0.415	-0.415	-2.5	0
1965	4	27.508	-1.464	-1.464	-0.87	0
1965	5	28.08	-0.985	-0.985	2.315	0
1965	6	27.572	-0.187	-0.187	2.717	0
1965	7	27	-0.309	-0.309	1.144	0
1965	8	27.002	-0.608	-0.608	0.798	0
1965	9	27.127	-1.557	-1.557	2.423	0
1965	10	27.621	-2.834	-2.834	-2.869	0
1965	11	27.475	-2.598	-2.598	-1.559	0
1965	12	27.048	-0.584	-0.584	-3.534	0
1966	1	26.461	-0.512	-0.512	-3.335	0
1966	2	26.649	-0.694	-0.694	-1.911	0
1966	3	26.998	0.488	0.488	-0.734	0
1966	4	28.297	-0.973	-0.973	0.123	0
1966	5	28.517	-1.127	-1.127	1.603	0
1966	6	28.117	0.384	0.384	2.015	0
1966	7	27.79	-0.524	-0.524	0.575	0
1966	8	27.406	0.963	0.963	2.296	0
1966	9	27.476	-3.662	-3.662	2.676	0
1966	10	27.491	-1.581	-1.581	-1.653	0
1966	11	27.414	-3.302	-3.302	-1.917	0
1966	12	26.883	-3.12	-3.12	-2.761	0
1967	1	26.122	-0.637	-0.637	-5.352	0
1967	2	26.371	-1.324	-1.324	-4.001	0
1967	3	26.617	-0.416	-0.416	-3.998	0
1967	4	27.843	-2.459	-2.459	-0.839	0
1967	5	28.413	-1.323	-1.323	1.254	0
1967	6	27.986	-0	-0	2.281	0
1967	7	27.338	-0.097	-0.097	2.337	0
1967	8	27.271	-1.835	-1.835	2.064	0
1967	9	27.219	-1.367	-1.367	0.848	0
1967	10	27.196	-4.029	-4.029	0.591	0
1967	11	27.083	-4.234	-4.234	-2.36	0
1967	12	26.428	0.062	0.062	-2.983	0
1968	1	25.593	-0.133	-0.133	-4.389	0
1968	2	25.51	-1.464	-1.464	-3.973	0
1968	3	26.863	-0.639	-0.639	-1.207	0
1968	4	27.686	-2.19	-2.19	-2.558	0
1968	5	28.193	-0.487	-0.487	0.592	0
1968	6	27.917	-0.734	-0.734	1.202	0
1968	7	27.513	0.781	0.781	2.711	0
1968	8	27.266	-1.561	-1.561	1.752	0
1968	9	27.134	-3.688	-3.688	1.485	0
1968	10	27.5	-1.152	-1.152	-0.284	0
1968	11	27.1	-2.722	-2.722	-3.67	0
1968	12	26.511	0.012	0.012	-3.401	0
1969	1	26.119	-0.246	-0.246	-3.004	0
1969	2	26.369	-0.855	-0.855	-2.606	0
1969	3	27.344	-0.429	-0.429	-1.383	0
1969	4	28.489	-0.49	-0.49	-1.652	0
1969	5	28.756	-0.162	-0.162	1.817	0
1969	6	28.048	-0.233	-0.233	2.69	0
1969	7	27.56	-1.114	-1.114	1.19	0
1969	8	27.378	0.123	0.123	0.696	0
1969	9	27.294	-4.388	-4.388	1.263	0
1969	10	27.406	-2.552	-2.552	-0.686	0
1969	11	26.957	-3.304	-3.304	-0.549	0
1969	12	26.409	-1.711	-1.711	-3.861	0
1970	1	26.023	-0.932	-0.932	-3.333	0
1970	2	26.167	-1.305	-1.305	-3.23	0
1970	3	27	-3.015	-3.015	-2.418	0
1970	4	28.197	-0.818	-0.818	-1.14	0
1970	5	28.529	-0.254	-0.254	0.02	0
1970	6	28.134	-0.455	-0.455	1.705	0
1970	7	27.475	0.804	0.804	0.532	0
1970	8	27.247	-2.348	-2.348	3.35	0
1970	9	27.243	-3.111	-3.111	0.335	0
1970	10	27.137	-4.626	-4.626	-0.345	0
1970	11	26.919	-3.18	-3.18	-2.57	0
1970	12	25.962	-3.02	-3.02	-3.728	0
1971	1	25.622	0.252	0.252	-5.463	0
1971	2	25.685	-0.907	-0.907	-4.19	0
1971	3	26.613	-1.46	-1.46	-3.771	0
1971	4	27.657	-2.284	-2.284	-1.702	0
1971	5	27.963	-1.962	-1.962	0.183	0
1971	6	27.476	2.219	2.219	1.158	0
1971	7	27.062	-0.411	-0.411	2.209	0
1971	8	27.036	1.899	1.899	1.816	0
1971	9	27.01	-2.956	-2.956	0.77	0
1971	10	26.651	-3.892	-3.892	0.301	0
1971	11	26.126	-3.597	-3.597	-1.772	0
1971	12	26.072	-2.542	-2.542	-3.316	0
1972	1	25.2	-2.011	-2.011	-3.457	0
1972	2	25.519	0.074	0.074	-2.111	0
1972	3	26.146	0.68	0.68	-3.896	0
1972	4	27.458	-0.947	-0.947	-1.511	0
1972	5	28.026	-0.96	-0.96	0.264	0
1972	6	28.058	1.389	1.389	0.869	0
1972	7	27.705	-2.504	-2.504	3.322	0
1972	8	27.457	-2.464	-2.464	0.145	0
1972	9	27.445	-0.712	-0.712	-0.628	0
1972	10	27.75	-1.827	-1.827	-3.021	0
1972	11	27.363	-1.552	-1.552	-2.644	0
1972	12	26.764	-1.677	-1.677	-2.829	0
1973	1	26.355	-1.246	-1.246	-2.414	0
1973	2	26.864	0.236	0.236	-2.292	0
1973	3	27.378	-0.388	-0.388	-3.024	0
1973	4	28.205	-0.647	-0.647	0.109	0
1973	5	28.524	-1.333	-1.333	0.832	0
1973	6	27.989	-0.474	-0.474	2.729	0
1973	7	27.471	-0.826	-0.826	1.744	0
1973	8	26.988	-4.277	-4.277	1.907	0
1973	9	27.191	-0.207	-0.207	0.774	0
1973	10	27.452	-3.921	-3.921	-0.154	0
1973	11	26.706	-2.194	-2.194	-2.129	0
1973	12	25.996	0.257	0.257	-3.987	0
1974	1	25.037	-1.479	-1.479	-5.064	0
1974	2	25.798	-0.693	-0.693	-3.42	0
1974	3	26.385	-1.292	-1.292	-4.131	0
1974	4	27.559	-1.04	-1.04	-1.382	0
1974	5	28.093	-1.602	-1.602	-0.244	0
1974	6	27.77	0.367	0.367	1.488	0
1974	7	27.357	0.669	0.669	1.205	0
1974	8	27.284	-0.976	-0.976	2.37	0
1974	9	27.038	-1.623	-1.623	-0.34	0
1974	10	27.145	-4.074	-4.074	0.445	0
1974	11	27.133	-4.651	-4.651	-2.047	0
1974	12	26.058	-3.08	-3.08	-3.778	0
1975	1	25.695	0.137	0.137	-4.424	0
1975	2	25.715	0.533	0.533	-3.337	0
1975	3	26.43	-0.745	-0.745	-1.534	0
1975	4	27.321	0.051	0.051	-1.643	0
1975	5	28.028	-0.699	-0.699	1.741	0
1975	6	27.75	1.268	1.268	2.018	0
1975	7	27.214	0.788	0.788	1.567	0
1975	8	27.142	-3.94	-3.94	3.354	0
1975	9	27.197	-1.231	-1.231	0.739	0
1975	10	26.844	-3.862	-3.862	0.621	0
1975	11	26.563	-2.888	-2.888	-2.704	0
1975	12	25.563	-0.783	-0.783	-3.613	0
1976	1	24.916	-0.366	-0.366	-5.061	0
1976	2	25.315	-0.936	-0.936	-3.791	0
1976	3	26.289	-0.479	-0.479	-2.925	0
1976	4	27.526	-0.719	-0.719	-1.125	0
1976	5	28.04	-2.23	-2.23	0.371	0
1976	6	27.764	-0.709	-0.709	1.716	0
1976	7	27.574	-0.495	-0.495	2.024	0
1976	8	27.315	-1.099	-1.099	0.432	0
1976	9	27.413	-1.482	-1.482	-0.268	0
1976	10	27.78	-1.988	-1.988	-0.607	0
1976	11	27.318	-3.013	-3.013	-0.892	0
1976	12	26.572	-1.243	-1.243	-3.135	0
1977	1	25.844	-3.307	-3.307	-2.571	0
1977	2	26.406	-0.859	-0.859	-4.266	0
1977	3	27.041	-0.107	-0.107	-3.245	0
1977	4	28.294	-0.976	-0.976	-1.067	0
1977	5	28.532	-1.143	-1.143	1.045	0
1977	6	28.212	1.282	1.282	1.815	0
1977	7	27.86	-1.251	-1.251	1.604	0
1977	8	27.608	0.215	0.215	2.672	0
1977	9	27.71	-3.193	-3.193	1.182	0
1977	10	27.438	-3.471	-3.471	-3.041	0
1977	11	27.06	-2.041	-2.041	-1.425	0
1977	12	26.275	-2.33	-2.33	-3.11	0
1978	1	26.236	1.723	1.723	-3.147	0
1978	2	26.475	1.1	1.1	-3.736	0
1978	3	27.096	-0.942	-0.942	-1.322	0
1978	4	28.083	-0.152	-0.152	-0.642	0
1978	5	28.857	-2.527	-2.527	1.057	0
1978	6	28.183	-1.54	-1.54	2.078	0
1978	7	27.542	-1.76	-1.76	2.002	0
1978	8	27.551	-4.036	-4.036	1.989	0
1978	9	27.41	-2.004	-2.004	0.025	0
1978	10	27.58	-4.137	-4.137	-0.499	0
1978	11	26.975	-2.703	-2.703	-2.968	0
1978	12	26.896	-1.726	-1.726	-3.584	0
1979	1	26.38	-0.459	-0.459	-3.686	0
1979	2	26.46	0.799	0.799	-2.636	0
1979	3	26.98	-0.689	-0.689	-1.522	0
1979	4	27.953	-1.914	-1.914	0.218	0
1979	5	28.571	-2.09	-2.09	2.224	0
1979	6	28.622	-1.165	-1.165	0.817	0
1979	7	27.933	0.39	0.39	2.565	0
1979	8	27.844	-3.101	-3.101	1.622	0
1979	9	27.728	-1.594	-1.594	0.366	0
1979	10	27.736	-2.69	-2.69	1.194	0
1979	11	27.562	-3.012	-3.012	-1.885	0
1979	12	26.524	-2.571	-2.571	-4.213	0
1980	1	26.002	0.436	0.436	-3.451	0
1980	2	26.174	-1.572	-1.572	-4.359	0
1980	3	26.93	-0.335	-0.335	-2.411	0
1980	4	28.201	-2.179	-2.179	-1.117	0
1980	5	29.093	-1.676	-1.676	0.102	0
1980	6	28.598	0.928	0.928	0.329	0
1980	7	27.836	1.619	1.619	0.66	0
1980	8	27.566	0.27	0.27	1.162	0
1980	9	27.592	-1.878	-1.878	0.424	0
1980	10	27.541	-2.676	-2.676	-2.041	0
1980	11	27.088	-3.041	-3.041	-1.833	0
1980	12	26.539	0.793	0.793	-3.839	0
1981	1	25.925	0.53	0.53	-6.457	0
1981	2	25.973	0.529	0.529	-3.914	0
1981	3	27.102	-0.371	-0.371	-2.51	0
1981	4	28.136	-0.449	-0.449	-1.685	0
1981	5	28.656	-1.131	-1.131	1.014	0
1981	6	28.222	-2.164	-2.164	2.277	0
1981	7	27.624	-1.435	-1.435	0.312	0
1981	8	27.539	-1.923	-1.923	2.929	0
1981	9	27.436	-1.48	-1.48	1.2	0
1981	10	27.352	-2.177	-2.177	-0.995	0
1981	11	26.852	-2.522	-2.522	-3.169	0
1981	12	25.998	-0.998	-0.998	-5.094	0
1982	1	25.62	0.29	0.29	-4.662	0
1982	2	25.797	-1.13	-1.13	-4.013	0
1982	3	26.759	-1.639	-1.639	-2.556	0
1982	4	28.134	-1.285	-1.285	-0.875	0
1982	5	28.99	-1.169	-1.169	0.445	0
1982	6	28.333	-0.145	-0.145	2.078	0
1982	7	27.581	-0.889	-0.889	0.423	0
1982	8	27.622	-2.249	-2.249	1.205	0
1982	9	27.553	-2.788	-2.788	0.553	0
1982	10	27.354	-2.436	-2.436	-1.411	0
1982	11	27.563	-2.48	-2.48	-2.638	0
1982	12	26.253	-2.027	-2.027	-0.362	0
1983	1	25.869	-1.197	-1.197	-3.022	0
1983	2	25.751	-1.43	-1.43	-0.948	0
1983	3	26.596	0.025	0.025	-0.257	0
1983	4	27.856	-0.607	-0.607	-0.851	0
1983	5	28.987	-1.051	-1.051	1.735	0
1983	6	28.719	0.8	0.8	2.274	0
1983	7	28.056	1.797	1.797	0.805	0
1983	8	27.786	-0.741	-0.741	3.534	0
1983	9	27.603	-0.554	-0.554	0.354	0
1983	10	27.563	-2.297	-2.297	-1.107	0
1983	11	26.9	-1.402	-1.402	-1.386	0
1983	12	26.422	0.174	0.174	-4.58	0
1984	1	26.09	-1	-1	-4.468	0
1984	2	26.529	-0.366	-0.366	-4.497	0
1984	3	26.442	-1.364	-1.364	-2.287	0
1984	4	27.801	-3.237	-3.237	-0.089	0
1984	5	28.664	-2.414	-2.414	0.805	0
1984	6	28.206	-0.653	-0.653	2.217	0
1984	7	27.495	1.699	1.699	0.79	0
1984	8	27.313	-5.093	-5.093	2.931	0
1984	9	27.248	-1.282	-1.282	-0.272	0
1984	10	27.178	-3.551	-3.551	-1.534	0
1984	11	27.374	-3.629	-3.629	-2.39	0
1984	12	26.34	-1.761	-1.761	-3.498	0
1985	1	26.321	-1.298	-1.298	-4.813	0
1985	2	26.247	-0.747	-0.747	-2.189	0
1985	3	26.965	-2.173	-2.173	-1.823	0
1985	4	28.306	-1.715	-1.715	-1.039	0
1985	5	28.791	-2.256	-2.256	-0.515	0
1985	6	27.978	-3.187	-3.187	2.895	0
1985	7	27.242	-0.097	-0.097	0.21	0
1985	8	27.292	-3.723	-3.723	2.967	0
1985	9	27.237	-2.85	-2.85	-0.036	0
1985	10	27.201	-3.303	-3.303	-0.555	0
1985	11	27.11	-1.107	-1.107	-2.786	0
1985	12	26.515	-1.673	-1.673	-2.761	0
1986	1	26.185	0.589	0.589	-4.948	0
1986	2	25.871	-0.217	-0.217	-4.379	0
1986	3	26.882	-0.03	-0.03	-2.389	0
1986	4	28.458	-1.144	-1.144	-2.296	0
1986	5	28.793	-1.417	-1.417	1.328	0
1986	6	28.469	-1.559	-1.559	1.852	0
1986	7	27.959	-0.484	-0.484	0.577	0
1986	8	27.575	-3.851	-3.851	0.908	0
1986	9	27.33	-2.151	-2.151	0.526	0
1986	10	27.199	-2.597	-2.597	-1.467	0
1986	11	27.126	-4.387	-4.387	-1.6	0
1986	12	26.83	-0.513	-0.513	-4.499	0
1987	1	26.378	-0.185	-0.185	-4.395	0
1987	2	26.244	1.054	1.054	-3.816	0
1987	3	26.968	0.772	0.772	-1.635	0
1987	4	28.419	-1.367	-1.367	-0.424	0
1987	5	28.943	-1.755	-1.755	0.765	0
1987	6	28.964	-1.286	-1.286	3.754	0
1987	7	28.308	0.039	0.039	1.363	0
1987	8	27.924	-0.134	-0.134	1.048	0
1987	9	28.044	-2.919	-2.919	1.039	0
1987	10	28.115	-3.236	-3.236	0.042	0
1987	11	27.939	-3.414	-3.414	-1.31	0
1987	12	27.093	-1.499	-1.499	-3.085	0
1988	1	26.497	-1.788	-1.788	-2.6	0
1988	2	26.781	-1.777	-1.777	-3.636	0
1988	3	27.635	-1.411	-1.411	-0.566	0
1988	4	28.612	-1.067	-1.067	-1.295	0
1988	5	28.825	-2.017	-2.017	1.423	0
1988	6	28.496	1.264	1.264	1.983	0
1988	7	27.86	0.466	0.466	2.697	0
1988	8	27.768	0.98	0.98	2.055	0
1988	9	27.682	-1.95	-1.95	0.55	0
1988	10	27.511	-4.095	-4.095	0.797	0
1988	11	27.03	-0.068	-0.068	-2.717	0
1988	12	26.359	-1.477	-1.477	-3.759	0
1989	1	26.09	-1.659	-1.659	-3.812	0
1989	2	25.591	-1.048	-1.048	-3.545	0
1989	3	26.52	-0.693	-0.693	-3.109	0
1989	4	27.818	-1.316	-1.316	-1.398	0
1989	5	28.415	-0.876	-0.876	1.147	0
1989	6	27.645	-0.088	-0.088	2.124	0
1989	7	27.44	-1.905	-1.905	2.435	0
1989	8	27.386	-1.419	-1.419	1.999	0
1989	9	27.363	-3.498	-3.498	0.392	0
1989	10	27.321	-2.87	-2.87	-0.814	0
1989	11	27.472	-3.165	-3.165	-4.265	0
1989	12	26.326	-1.335	-1.335	-4.253	0
1990	1	25.775	-2.849	-2.849	-5.289	0
1990	2	26.474	-1.847	-1.847	-3.02	0
1990	3	27.371	-0.954	-0.954	-2.892	0
1990	4	28.276	-1.491	-1.491	-1.294	0
1990	5	28.9	-3.228	-3.228	-0.069	0
1990	6	28.334	-1.674	-1.674	0.694	0
1990	7	27.762	-0.329	-0.329	-0.051	0
1990	8	27.438	-3.28	-3.28	2.302	0
1990	9	27.476	-2.907	-2.907	0.54	0
1990	10	27.712	-2.105	-2.105	-1.158	0
1990	11	27.24	-3.237	-3.237	-2.479	0
1990	12	26.625	-0.958	-0.958	-4.731	0
1991	1	26.255	-0.952	-0.952	-4.004	0
1991	2	26.213	0.536	0.536	-4.006	0
1991	3	27.051	-0.543	-0.543	-2.507	0
1991	4	28.375	-0.462	-0.462	-0.589	0
1991	5	28.862	-0.006	-0.006	-0.826	0
1991	6	28.783	1.254	1.254	0.034	0
1991	7	28.013	0.254	0.254	1.058	0
1991	8	27.723	0.533	0.533	1.529	0
1991	9	27.591	-3.186	-3.186	1.396	0
1991	10	27.391	-1.978	-1.978	1.476	0
1991	11	26.794	-3.061	-3.061	-2.178	0
1991	12	26.447	-1.406	-1.406	-3.879	0
1992	1	25.375	0.274	0.274	-3.526	0
1992	2	25.354	-0.515	-0.515	-2.683	0
1992	3	26.308	-0.164	-0.164	-0.44	0
1992	4	27.904	-0.227	-0.227	0.398	0
1992	5	28.624	-1.113	-1.113	0.855	0
1992	6	28.293	-0.306	-0.306	2.343	0
1992	7	27.805	0.288	0.288	1.038	0
1992	8	27.413	-2.586	-2.586	2.319	0
1992	9	27.215	-3.284	-3.284	-1.257	0
1992	10	27.059	-2.962	-2.962	-0.601	0
1992	11	26.707	-3.179	-3.179	-2.794	0
1992	12	25.752	-1.335	-1.335	-3.779	0
1993	1	25.301	-0.683	-0.683	-2.57	0
1993	2	25.311	0.027	0.027	-3.945	0
1993	3	26.605	-0.318	-0.318	-2.978	0
1993	4	27.754	-1.224	-1.224	-1.612	0
1993	5	28.612	-0.018	-0.018	0.457	0
1993	6	28.329	1.337	1.337	0.788	0
1993	7	27.766	1.14	1.14	2.012	0
1993	8	27.347	0.232	0.232	1.084	0
1993	9	27.346	-2.003	-2.003	0.3	0
1993	10	27.14	-3.113	-3.113	-1.266	0
1993	11	27.095	-3.873	-3.873	-2.623	0
1993	12	26.647	-1.341	-1.341	-3.863	0
1994	1	26.125	-0.598	-0.598	-4.198	0
1994	2	26.209	0.201	0.201	-3.467	0
1994	3	26.806	-0.968	-0.968	-3.389	0
1994	4	27.864	-1.287	-1.287	-0.862	0
1994	5	28.4	-1.535	-1.535	1.58	0
1994	6	28.12	0.845	0.845	0.826	0
1994	7	27.636	-2.123	-2.123	1.896	0
1994	8	27.367	-3.25	-3.25	0.628	0
1994	9	27.281	-0.601	-0.601	1.269	0
1994	10	27.11	-3.063	-3.063	-0.935	0
1994	11	27.215	-3.485	-3.485	-3.165	0
1994	12	26.519	-2.478	-2.478	-4.074	0
1995	1	26.017	-0.128	-0.128	-4.477	0
1995	2	26.099	0.182	0.182	-3.47	0
1995	3	27.066	-0.389	-0.389	-2.17	0
1995	4	28.484	-0.726	-0.726	-1.296	0
1995	5	28.657	-1.711	-1.711	0.639	0
1995	6	28.56	1.316	1.316	2.298	0
1995	7	28.06	-1.24	-1.24	0.757	0
1995	8	27.824	-2.15	-2.15	0.604	0
1995	9	27.659	-1.342	-1.342	1.104	0
1995	10	27.633	-3.719	-3.719	-0.706	0
1995	11	27.327	-1.651	-1.651	-2.967	0
1995	12	26.385	-1.19	-1.19	-4.597	0
1996	1	25.769	-1.989	-1.989	-4.435	0
1996	2	26.196	-0.519	-0.519	-4.367	0
1996	3	26.864	-0.608	-0.608	-2.194	0
1996	4	28.222	-2.577	-2.577	-1.169	0
1996	5	28.636	-2.426	-2.426	1.278	0
1996	6	28.407	2.048	2.048	0.259	0
1996	7	27.916	-2.117	-2.117	0.941	0
1996	8	27.409	-0.351	-0.351	1.226	0
1996	9	27.433	-3.797	-3.797	1.582	0
1996	10	27.264	-3.332	-3.332	-0.847	0
1996	11	27.037	-3.93	-3.93	-2.31	0
1996	12	26.519	-1.153	-1.153	-6.767	0
1997	1	25.72	-0.119	-0.119	-4.981	0
1997	2	25.641	-1.272	-1.272	-4.408	0
1997	3	26.897	-1.351	-1.351	-2.92	0
1997	4	28.042	-1.335	-1.335	-1.875	0
1997	5	28.886	-0.721	-0.721	0.388	0
1997	6	28.68	-0.746	-0.746	1.837	0
1997	7	28.324	0.078	0.078	0.871	0
1997	8	28.083	-3.305	-3.305	0.766	0
1997	9	27.983	0.56	0.56	-0.853	0
1997	10	27.849	-2.014	-2.014	-0.096	0
1997	11	27.67	-2.067	-2.067	-1.445	0
1997	12	27.377	-1.575	-1.575	-2.938	0
1998	1	26.777	-0.184	-0.184	-2.673	0
1998	2	27.017	0.062	0.062	-0.617	0
1998	3	27.475	-0.855	-0.855	-1.91	0
1998	4	28.59	-0.325	-0.325	-0.327	0
1998	5	29.576	-1.66	-1.66	1.729	0
1998	6	29.209	1.013	1.013	1.5	0
1998	7	28.379	1.594	1.594	1.807	0
1998	8	28.125	0.191	0.191	1.965	0
1998	9	28.127	-2.077	-2.077	2.245	0
1998	10	27.823	-3.163	-3.163	0.47	0
1998	11	27.354	-3.446	-3.446	-0.107	0
1998	12	26.948	-3.254	-3.254	-2.455	0
1999	1	26.515	-1.547	-1.547	-3.807	0
1999	2	26.722	-0.182	-0.182	-4.558	0
1999	3	27.004	-1.967	-1.967	-0.201	0
1999	4	28.106	-1.421	-1.421	0.984	0
1999	5	28.22	-1.593	-1.593	1.897	0
1999	6	27.942	0.64	0.64	2.289	0
1999	7	27.832	-0.914	-0.914	3.948	0
1999	8	27.539	0.921	0.921	2.187	0
1999	9	27.532	-2.239	-2.239	2.17	0
1999	10	27.256	-2.863	-2.863	0.35	0
1999	11	26.967	-2.827	-2.827	-2.592	0
1999	12	26.212	-2.644	-2.644	-2.941	0
2000	1	26.343	-1.296	-1.296	-4.629	0
2000	2	26.298	-1.498	-1.498	-3.238	0
2000	3	26.763	-1.871	-1.871	-1.242	0
2000	4	27.656	-0.985	-0.985	0.429	0
2000	5	28.404	-1.906	-1.906	1.905	0
2000	6	28.071	1.107	1.107	1.757	0
2000	7	27.605	-1.495	-1.495	2.765	0
2000	8	27.561	-3.013	-3.013	2.378	0
2000	9	27.541	-1.949	-1.949	2.088	0
2000	10	27.303	-3.064	-3.064	0.033	0
2000	11	27.291	-3.623	-3.623	-1.302	0
2000	12	26.58	-2.906	-2.906	-1.992	0
2001	1	26.019	-1.38	-1.38	-2.846	0
2001	2	26.063	-2.336	-2.336	-2.534	0
2001	3	27.058	0.726	0.726	-1.208	0
2001	4	28.252	-1.685	-1.685	0.8	0
2001	5	28.86	-1.124	-1.124	1.799	0
2001	6	28.236	0.216	0.216	0.625	0
2001	7	27.867	-1.604	-1.604	1.574	0
2001	8	27.781	-2.314	-2.314	1.377	0
2001	9	27.629	-3.856	-3.856	0.653	0
2001	10	27.609	-2.681	-2.681	-0.414	0
2001	11	27.207	-1.671	-1.671	-1.552	0
2001	12	26.773	-1.248	-1.248	-5.369	0
2002	1	26.363	1.341	1.341	-4.254	0
2002	2	26.267	-0.727	-0.727	-4.829	0
2002	3	26.816	-1.475	-1.475	-1.905	0
2002	4	28.015	-1.662	-1.662	-2.484	0
2002	5	28.975	-1.039	-1.039	0.26	0
2002	6	28.262	0.461	0.461	1.69	0
2002	7	28.205	-1.877	-1.877	2.43	0
2002	8	27.778	-0.57	-0.57	0.088	0
2002	9	27.764	-1.999	-1.999	-0.113	0
2002	10	27.916	-2.425	-2.425	-2.447	0
2002	11	27.804	-1.585	-1.585	-2.273	0
2002	12	27.461	-1.36	-1.36	-4.078	0
2003	1	26.315	0.92	0.92	-4.826	0
2003	2	26.601	0.015	0.015	-3.993	0
2003	3	27.016	-0.658	-0.658	-2.738	0
2003	4	28.123	-1.54	-1.54	-0.924	0
2003	5	28.786	-1.162	-1.162	0.802	0
2003	6	28.536	0.867	0.867	1.163	0
2003	7	27.85	1.812	1.812	0.405	0
2003	8	27.855	-1.713	-1.713	2.022	0
2003	9	27.697	-3.617	-3.617	1.289	0
2003	10	27.703	-2.146	-2.146	-0.725	0
2003	11	27.61	-2.548	-2.548	-1.553	0
2003	12	27.078	-0.265	-0.265	-4.648	0
2004	1	26.524	-0.308	-0.308	-3.724	0
2004	2	26.077	-1.093	-1.093	-3.512	0
2004	3	26.666	-2.297	-2.297	-1.915	0
2004	4	28.169	-0.998	-0.998	-1.414	0
2004	5	28.681	-1.109	-1.109	0.215	0
2004	6	28.339	-1.917	-1.917	0.514	0
2004	7	27.568	0.679	0.679	-0.74	0
2004	8	27.817	-3.638	-3.638	2.284	0
2004	9	27.569	-2.76	-2.76	-0.732	0
2004	10	27.789	-2.871	-2.871	0.148	0
2004	11	27.723	-3.157	-3.157	-3.604	0
2004	12	27.12	-2.594	-2.594	-3.41	0
2005	1	26.39	0.291	0.291	-5.094	0
2005	2	26.493	-0.663	-0.663	-2.89	0
2005	3	27.428	0.435	0.435	-2.472	0
2005	4	28.425	-1.687	-1.687	-1.37	0
2005	5	29.024	-2.148	-2.148	1.006	0
2005	6	28.688	0.391	0.391	2.588	0
2005	7	28.048	0.42	0.42	1.532	0
2005	8	27.918	-2.166	-2.166	1.406	0
2005	9	27.97	-3.12	-3.12	1.012	0
2005	10	27.664	-3.293	-3.293	0.234	0
2005	11	27.214	-2.361	-2.361	-1.846	0
2005	12	26.776	-0.183	-0.183	-5.266	0
2006	1	26.394	-2.237	-2.237	-4.871	0
2006	2	26.812	-1.179	-1.179	-4.769	0
2006	3	27.215	-0.147	-0.147	-2.566	0
2006	4	28.092	0.41	0.41	-1.259	0
2006	5	28.6	-0.898	-0.898	-0.519	0
2006	6	28.336	0.928	0.928	0.787	0
2006	7	28.169	-2.078	-2.078	1.986	0
2006	8	27.967	-2.062	-2.062	2.148	0
2006	9	27.711	-1.397	-1.397	-0.183	0
2006	10	27.951	-3.694	-3.694	0.28	0
2006	11	27.559	-1.322	-1.322	-1.663	0
2006	12	27.099	-2.792	-2.792	-2.933	0
2007	1	26.223	-1.567	-1.567	-3.039	0
2007	2	26.098	-0.919	-0.919	-3.281	0
2007	3	26.332	-1.877	-1.877	-2.855	0
2007	4	28.136	-1.753	-1.753	-1.462	0
2007	5	28.85	-0.024	-0.024	1.287	0
2007	6	28.681	-0.32	-0.32	0.628	0
2007	7	28.148	2.486	2.486	1.101	0
2007	8	28.008	-2.996	-2.996	0.702	0
2007	9	28.029	-3.566	-3.566	1.547	0
2007	10	27.641	-3.485	-3.485	-0.443	0
2007	11	27.464	-4.038	-4.038	-0.816	0
2007	12	26.945	-1.428	-1.428	-2.738	0
2008	1	26.573	-1.063	-1.063	-3.984	0
2008	2	26.471	-1.096	-1.096	-4.221	0
2008	3	27.174	-0.625	-0.625	-2.679	0
2008	4	28.042	-1.61	-1.61	-1.382	0
2008	5	28.49	-1.551	-1.551	3.474	0
2008	6	28.409	1.234	1.234	1.163	0
2008	7	28.12	-1.701	-1.701	1.607	0
2008	8	27.733	1.139	1.139	2.053	0
2008	9	27.841	-2.63	-2.63	1.57	0
2008	10	27.989	-3.001	-3.001	0.12	0
2008	11	27.525	-2.317	-2.317	-0.977	0
2008	12	26.769	-1.539	-1.539	-2.583	0
2009	1	25.779	-0.408	-0.408	-4.041	0
2009	2	25.641	-1.048	-1.048	-2.748	0
2009	3	27.149	-2.031	-2.031	-1.738	0
2009	4	28.457	-2.257	-2.257	-0.356	0
2009	5	28.705	-1.052	-1.052	0.544	0
2009	6	28.515	0.188	0.188	1.857	0
2009	7	28.113	-0.301	-0.301	0.708	0
2009	8	27.981	-3.006	-3.006	2.195	0
2009	9	27.995	-4.101	-4.101	2.049	0
2009	10	27.652	-4.241	-4.241	0.586	0
2009	11	27.629	-3.28	-3.28	-2.589	0
2009	12	27.194	-0.16	-0.16	-3.556	0
2010	1	26.726	-0.988	-0.988	-4.661	0
2010	2	26.49	-1.555	-1.555	-1.637	0
2010	3	27.66	-0.907	-0.907	-1.697	0
2010	4	28.996	-1.902	-1.902	-0.182	0
2010	5	29.647	-2.346	-2.346	0.817	0
2010	6	28.725	-0.771	-0.771	1.397	0
2010	7	28.128	-0.254	-0.254	0.747	0
2010	8	28.004	-3.404	-3.404	1.688	0
2010	9	27.885	-2.477	-2.477	0.428	0
2010	10	27.806	-3.174	-3.174	0.727	0
2010	11	27.266	-3.359	-3.359	-1.201	0
2010	12	26.764	0.383	0.383	-2.589	0
2011	1	26.009	-1.323	-1.323	-5.636	0
2011	2	25.873	-1.47	-1.47	-3.1	0
2011	3	26.683	-0.802	-0.802	-4.702	0
2011	4	27.555	-1.27	-1.27	-2.005	0
2011	5	28.248	-1.546	-1.546	0.795	0
2011	6	28.371	-0.038	-0.038	1.111	0
2011	7	27.909	-0.824	-0.824	2.109	0
2011	8	27.776	-2.296	-2.296	1.992	0
2011	9	27.702	-1.884	-1.884	2.915	0
2011	10	27.771	-3.485	-3.485	-0.044	0
2011	11	27.906	-4.518	-4.518	-2.579	0
2011	12	27.379	-2.954	-2.954	-3.789	0
2012	1	26.405	-1.975	-1.975	-3.71	0
2012	2	26.588	-1.45	-1.45	-3.119	0
2012	3	27.241	-1.179	-1.179	-3.538	0
2012	4	28.475	-1.901	-1.901	-1.532	0
2012	5	28.701	-2.294	-2.294	1.182	0
2012	6	28.192	-0.907	-0.907	2.574	0
2012	7	28.004	-1.479	-1.479	1.272	0
2012	8	27.869	-4.079	-4.079	2.056	0
2012	9	27.593	-2.881	-2.881	0.611	0
2012	10	27.561	-3.505	-3.505	0.143	0
2012	11	27.491	-0.889	-0.889	-2.876	0
2012	12	26.943	-1.293	-1.293	-3.85	0
2013	1	26.06	-1.96	-1.96	-4.324	0
2013	2	26.572	-2.26	-2.26	-3.313	0
2013	3	26.771	-0.36	-0.36	-2.041	0
2013	4	28.225	-1.063	-1.063	-0.29	0
2013	5	28.856	-2.276	-2.276	0.536	0
2013	6	28.165	0.626	0.626	1.697	0
2013	7	27.582	-0.285	-0.285	-0.116	0
2013	8	27.378	-1.138	-1.138	1.705	0
2013	9	27.482	-3.954	-3.954	0.055	0
2013	10	27.586	-4.531	-4.531	0.777	0
2013	11	27.498	-1.525	-1.525	-3.1	0
2013	12	26.75	-0.89	-0.89	-3.844	0
2014	1	25.909	-1.659	-1.659	-5.216	0
2014	2	25.567	-1.652	-1.652	-3.835	0
2014	3	26.621	-1.286	-1.286	-3.822	0
2014	4	27.854	-2.165	-2.165	-2.456	0
2014	5	29.007	-1.905	-1.905	0.404	0
2014	6	28.803	0.293	0.293	1.304	0
2014	7	NA	NA	NA	NA	0
2014	8	NA	NA	NA	NA	0
2014	9	NA	NA	NA	NA	0
2014	10	NA	NA	NA	NA	0
2014	11	NA	NA	NA	NA	0
2014	12	NA	NA	NA	NA	0
2015	1	NA	NA	NA	NA	0
2015	2	NA	NA	NA	NA	0
2015	3	NA	NA	NA	NA	0
2015	4	NA	NA	NA	NA	0
2015	5	NA	NA	NA	NA	0
2015	6	NA	NA	NA	NA	0
2015	7	NA	NA	NA	NA	0
2015	8	NA	NA	NA	NA	0
2015	9	NA	NA	NA	NA	0
2015	10	NA	NA	NA	NA	0
2015	11	NA	NA	NA	NA	0
2015	12	NA	NA	NA	NA	0
