1948	1	25.633	0.958	0.958	-3.528	NA
1948	2	25.775	-0.458	-0.458	-2.773	NA
1948	3	26.42	-0.802	-0.802	-2.622	NA
1948	4	27.278	-1.697	-1.697	-0.539	NA
1948	5	27.939	-0.985	-0.985	1.097	NA
1948	6	27.91	1.18	1.18	2.462	NA
1948	7	27.065	0.723	0.723	0.781	NA
1948	8	26.813	-2.692	-2.692	2.975	NA
1948	9	26.656	-2.926	-2.926	-0.23	NA
1948	10	26.285	-4.022	-4.022	-0.542	NA
1948	11	25.893	-4.78	-4.78	-1.797	NA
1948	12	25.823	-2.865	-2.865	-1.788	NA
1949	1	25.367	-0.194	-0.194	-3.093	NA
1949	2	25.301	0.637	0.637	-3.085	NA
1949	3	26.166	-1.042	-1.042	-2.703	NA
1949	4	27.111	-1.067	-1.067	-0.543	NA
1949	5	27.328	0.486	0.486	0.846	NA
1949	6	27.211	0.165	0.165	3.408	NA
1949	7	26.934	0.267	0.267	1.909	NA
1949	8	26.833	0.213	0.213	2.242	NA
1949	9	26.513	-2.947	-2.947	2.187	NA
1949	10	26.169	-4.002	-4.002	2.093	NA
1949	11	25.838	-3.192	-3.192	-0.845	NA
1949	12	25.363	-2.184	-2.184	-2.375	NA
1950	1	25.068	-0.528	-0.528	-2.21	NA
1950	2	25.497	-0.975	-0.975	-1.686	NA
1950	3	26.484	-1.495	-1.495	-1.461	NA
1950	4	26.999	-1.758	-1.758	-0.365	NA
1950	5	27.309	-1.646	-1.646	1.79	NA
1950	6	27.142	-1.069	-1.069	2.504	NA
1950	7	26.838	-1.532	-1.532	3.325	NA
1950	8	26.636	-0.098	-0.098	4.314	NA
1950	9	26.411	-2.163	-2.163	3.41	NA
1950	10	26.203	-3.628	-3.628	-0.038	NA
1950	11	25.873	-3.049	-3.049	-1.427	NA
1950	12	25.321	-1.023	-1.023	-4.606	NA
1951	1	25.307	-1.883	-1.883	-3.254	NA
1951	2	25.058	-0.994	-0.994	-2.677	NA
1951	3	26.021	-1.335	-1.335	-2.917	NA
1951	4	26.997	-2.692	-2.692	0.128	NA
1951	5	27.419	-1.165	-1.165	1.915	NA
1951	6	27.12	-0.128	-0.128	2.433	NA
1951	7	26.578	1.044	1.044	1.351	NA
1951	8	26.608	-1.788	-1.788	2.377	NA
1951	9	26.564	-1.428	-1.428	-0.018	NA
1951	10	26.594	-4.524	-4.524	0.966	NA
1951	11	26.525	-2.864	-2.864	-2.809	NA
1951	12	25.924	-1.935	-1.935	-3.08	NA
1952	1	25.899	-0.155	-0.155	-2.931	NA
1952	2	26.106	-1.298	-1.298	-2.482	NA
1952	3	26.445	-0.402	-0.402	-0.993	NA
1952	4	27.381	-1.23	-1.23	-0.403	NA
1952	5	27.802	-1.299	-1.299	1.479	NA
1952	6	27.373	1.17	1.17	2.291	NA
1952	7	26.786	-0.379	-0.379	2.835	NA
1952	8	26.454	-1.694	-1.694	2.546	NA
1952	9	26.32	-2.486	-2.486	0.781	NA
1952	10	26.218	-3.461	-3.461	-0.187	NA
1952	11	25.946	-4.467	-4.467	0.705	NA
1952	12	25.34	-2.534	-2.534	-3.499	NA
1953	1	25.628	0.36	0.36	-4.003	NA
1953	2	25.693	-1.412	-1.412	-2.884	NA
1953	3	26.552	-0.596	-0.596	-1.107	NA
1953	4	27.36	-2.688	-2.688	-0.335	NA
1953	5	27.726	-1.798	-1.798	1.816	NA
1953	6	27.594	1.867	1.867	1.754	NA
1953	7	26.974	-0.266	-0.266	1.79	NA
1953	8	26.742	-2.887	-2.887	2.062	NA
1953	9	26.476	-1.971	-1.971	1.586	NA
1953	10	26.715	-3.388	-3.388	-0.666	NA
1953	11	26.46	-4.132	-4.132	-1.991	NA
1953	12	25.943	-2.779	-2.779	-4.095	NA
1954	1	26.092	-1.042	-1.042	-2.961	NA
1954	2	26.192	-1.204	-1.204	-2.868	NA
1954	3	26.645	-1.744	-1.744	-2.547	NA
1954	4	27.389	-1.572	-1.572	-0.343	NA
1954	5	27.685	-0.431	-0.431	0.844	NA
1954	6	27.501	1.743	1.743	1.665	NA
1954	7	26.859	2.536	2.536	0.694	NA
1954	8	26.769	-2.842	-2.842	2.393	NA
1954	9	26.412	-1.096	-1.096	3.179	NA
1954	10	26.186	-3.966	-3.966	0.062	NA
1954	11	25.659	-4.032	-4.032	-0.351	NA
1954	12	25.735	-2.898	-2.898	-4.472	NA
1955	1	25.47	-0.672	-0.672	-4.453	NA
1955	2	25.587	-0.468	-0.468	-1.95	NA
1955	3	26.232	-1.675	-1.675	-2.183	NA
1955	4	26.938	-2.387	-2.387	0.114	NA
1955	5	27.46	-1.212	-1.212	1.941	NA
1955	6	27.354	0.948	0.948	1.063	NA
1955	7	26.724	0.523	0.523	2.112	NA
1955	8	26.502	-0.568	-0.568	1.523	NA
1955	9	26.894	-1.264	-1.264	1.402	NA
1955	10	26.437	-3.585	-3.585	1.846	NA
1955	11	25.729	-4.089	-4.089	-2.242	NA
1955	12	24.86	-2.091	-2.091	-2.934	NA
1956	1	24.953	0.696	0.696	-3.659	NA
1956	2	25.203	-0.587	-0.587	-2.649	NA
1956	3	26.281	-1.085	-1.085	-3.331	NA
1956	4	27.194	-2.024	-2.024	-0.183	NA
1956	5	27.467	-1.501	-1.501	0.849	NA
1956	6	27.101	1.262	1.262	0.173	NA
1956	7	26.495	-0.548	-0.548	2.039	NA
1956	8	26.387	-1.553	-1.553	1.445	NA
1956	9	26.292	-4.83	-4.83	1.789	NA
1956	10	26.281	-3.906	-3.906	0.032	NA
1956	11	26.035	-5.201	-5.201	-1.825	NA
1956	12	25.512	-4.751	-4.751	-4.998	NA
1957	1	25.672	-1.969	-1.969	-3.453	NA
1957	2	25.584	-2.285	-2.285	-3.918	NA
1957	3	26.472	-0.826	-0.826	-2.337	NA
1957	4	27.48	-1.748	-1.748	-1.449	NA
1957	5	28.141	-1.547	-1.547	0.053	NA
1957	6	28.063	-0.129	-0.129	2.837	NA
1957	7	27.192	2.056	2.056	0.948	NA
1957	8	26.722	-1.001	-1.001	2.83	NA
1957	9	26.592	-1.765	-1.765	2.543	NA
1957	10	26.488	-1.699	-1.699	-1.471	NA
1957	11	26.509	-3.471	-3.471	-1.031	NA
1957	12	26.538	-1.266	-1.266	-2.055	NA
1958	1	25.977	0.33	0.33	-3.631	NA
1958	2	26.476	-0.686	-0.686	-2.26	NA
1958	3	26.927	-0.194	-0.194	-1.687	NA
1958	4	27.762	-0.647	-0.647	-0.601	NA
1958	5	28.18	-1.022	-1.022	1.694	NA
1958	6	28.028	-1.625	-1.625	3.681	NA
1958	7	27.231	-1.189	-1.189	2.939	NA
1958	8	26.977	0.34	0.34	0.565	NA
1958	9	26.892	-2.981	-2.981	2.105	NA
1958	10	26.792	-3.756	-3.756	-1.234	NA
1958	11	26.619	-2.708	-2.708	-1.536	NA
1958	12	25.834	-1.834	-1.834	-3.546	NA
1959	1	25.998	1.095	1.095	-4.566	NA
1959	2	26.155	-1.043	-1.043	-2.112	NA
1959	3	26.821	-2.007	-2.007	-2.848	NA
1959	4	27.687	-1.328	-1.328	-0.451	NA
1959	5	28.486	-1.178	-1.178	1.119	NA
1959	6	27.79	0.901	0.901	2.051	NA
1959	7	27.351	0.596	0.596	0.668	NA
1959	8	26.812	-0.725	-0.725	2.139	NA
1959	9	26.733	-1.879	-1.879	0.533	NA
1959	10	26.936	-3.889	-3.889	1.02	NA
1959	11	26.943	-3.341	-3.341	-1.461	NA
1959	12	26.52	-2.875	-2.875	-4.285	NA
1960	1	25.93	-1.66	-1.66	-3.477	NA
1960	2	25.887	-0.894	-0.894	-2.799	NA
1960	3	26.173	-1.665	-1.665	-1.989	NA
1960	4	27.549	-1.983	-1.983	-0.117	NA
1960	5	27.891	-0.452	-0.452	0.863	NA
1960	6	27.258	-1.573	-1.573	2.329	NA
1960	7	27.081	-1.788	-1.788	0.937	NA
1960	8	26.777	-4.951	-4.951	4.134	NA
1960	9	26.528	-2.78	-2.78	-0.639	NA
1960	10	26.402	-4.053	-4.053	0.64	NA
1960	11	26.603	-2.405	-2.405	-2.967	NA
1960	12	25.845	-1.983	-1.983	-2.227	NA
1961	1	25.504	-0.606	-0.606	-5.835	NA
1961	2	25.77	-1.447	-1.447	-4.034	NA
1961	3	26.093	-1.655	-1.655	-2.348	NA
1961	4	27.166	-1.642	-1.642	-1.115	NA
1961	5	27.455	-1.324	-1.324	1.275	NA
1961	6	26.761	-0.471	-0.471	2.008	NA
1961	7	26.437	-0.864	-0.864	1.355	NA
1961	8	26.257	-2.339	-2.339	1.672	NA
1961	9	26.104	-3.761	-3.761	1.208	NA
1961	10	26.014	-2.32	-2.32	-1.04	NA
1961	11	26.11	-3.531	-3.531	-3.961	NA
1961	12	25.635	-1.755	-1.755	-3.156	NA
1962	1	25.038	1.107	1.107	-4.203	NA
1962	2	24.972	0.088	0.088	-4.634	NA
1962	3	25.749	0.066	0.066	-1.489	NA
1962	4	26.492	-1.663	-1.663	-2.078	NA
1962	5	27.488	-0.955	-0.955	1.166	NA
1962	6	26.755	1.109	1.109	1.512	NA
1962	7	26.647	-2.008	-2.008	1.572	NA
1962	8	26.107	-1.084	-1.084	0.578	NA
1962	9	26.055	-2.946	-2.946	-0.214	NA
1962	10	26.364	-4.259	-4.259	-0.518	NA
1962	11	25.629	-3.29	-3.29	-1.903	NA
1962	12	25.098	-0.6	-0.6	-4.392	NA
1963	1	25.008	5.14	5.14	-6.076	NA
1963	2	25.13	1.318	1.318	-5.654	NA
1963	3	25.873	0.32	0.32	-3.926	NA
1963	4	26.815	-1.455	-1.455	-2.697	NA
1963	5	27.674	-0.104	-0.104	-0.483	NA
1963	6	27.049	-2.236	-2.236	1.751	NA
1963	7	26.868	-1.109	-1.109	0.92	NA
1963	8	26.574	1.996	1.996	1.29	NA
1963	9	26.599	-2.702	-2.702	1.071	NA
1963	10	26.658	-3.188	-3.188	-2.142	NA
1963	11	26.414	-2.233	-2.233	-2.812	NA
1963	12	25.621	-2.188	-2.188	-3.191	NA
1964	1	25.963	-0.252	-0.252	-3.241	NA
1964	2	26.58	-0.883	-0.883	-4.701	NA
1964	3	26.698	-0.592	-0.592	-3.191	NA
1964	4	27.979	-1.684	-1.684	-2.149	NA
1964	5	28.127	-3.16	-3.16	0.192	NA
1964	6	27.484	0.412	0.412	1.601	NA
1964	7	26.939	-1.198	-1.198	0.899	NA
1964	8	26.645	-1.468	-1.468	2.775	NA
1964	9	26.806	-2.546	-2.546	0.923	NA
1964	10	26.637	-4.906	-4.906	-0.037	NA
1964	11	25.853	-2.866	-2.866	-1.305	NA
1964	12	25.427	-2.816	-2.816	-2.876	NA
1965	1	25.36	-0.577	-0.577	-4.197	NA
1965	2	26.282	-0.964	-0.964	-3.698	NA
1965	3	26.532	-0.415	-0.415	-2.5	NA
1965	4	27.508	-1.464	-1.464	-0.87	NA
1965	5	28.08	-0.985	-0.985	2.315	NA
1965	6	27.572	-0.187	-0.187	2.717	NA
1965	7	27	-0.309	-0.309	1.144	NA
1965	8	27.002	-0.608	-0.608	0.798	NA
1965	9	27.127	-1.557	-1.557	2.423	NA
1965	10	27.621	-2.834	-2.834	-2.869	NA
1965	11	27.475	-2.598	-2.598	-1.559	NA
1965	12	27.048	-0.584	-0.584	-3.534	NA
1966	1	26.461	-0.512	-0.512	-3.335	NA
1966	2	26.649	-0.694	-0.694	-1.911	NA
1966	3	26.998	0.488	0.488	-0.734	NA
1966	4	28.297	-0.973	-0.973	0.123	NA
1966	5	28.517	-1.127	-1.127	1.603	NA
1966	6	28.117	0.384	0.384	2.015	NA
1966	7	27.79	-0.524	-0.524	0.575	NA
1966	8	27.406	0.963	0.963	2.296	NA
1966	9	27.476	-3.662	-3.662	2.676	NA
1966	10	27.491	-1.581	-1.581	-1.653	NA
1966	11	27.414	-3.302	-3.302	-1.917	NA
1966	12	26.883	-3.12	-3.12	-2.761	NA
1967	1	26.122	-0.637	-0.637	-5.352	NA
1967	2	26.371	-1.324	-1.324	-4.001	NA
1967	3	26.617	-0.416	-0.416	-3.998	NA
1967	4	27.843	-2.459	-2.459	-0.839	NA
1967	5	28.413	-1.323	-1.323	1.254	NA
1967	6	27.986	0	0	2.281	NA
1967	7	27.338	-0.097	-0.097	2.337	NA
1967	8	27.271	-1.835	-1.835	2.064	NA
1967	9	27.219	-1.367	-1.367	0.848	NA
1967	10	27.196	-4.029	-4.029	0.591	NA
1967	11	27.083	-4.234	-4.234	-2.36	NA
1967	12	26.428	0.062	0.062	-2.983	NA
1968	1	25.593	-0.133	-0.133	-4.389	NA
1968	2	25.51	-1.464	-1.464	-3.973	NA
1968	3	26.863	-0.639	-0.639	-1.207	NA
1968	4	27.686	-2.19	-2.19	-2.558	NA
1968	5	28.193	-0.487	-0.487	0.592	NA
1968	6	27.917	-0.734	-0.734	1.202	NA
1968	7	27.513	0.781	0.781	2.711	NA
1968	8	27.266	-1.561	-1.561	1.752	NA
1968	9	27.134	-3.688	-3.688	1.485	NA
1968	10	27.5	-1.152	-1.152	-0.284	NA
1968	11	27.1	-2.722	-2.722	-3.67	NA
1968	12	26.511	0.012	0.012	-3.401	NA
1969	1	26.119	-0.246	-0.246	-3.004	NA
1969	2	26.369	-0.855	-0.855	-2.606	NA
1969	3	27.344	-0.429	-0.429	-1.383	NA
1969	4	28.489	-0.49	-0.49	-1.652	NA
1969	5	28.756	-0.162	-0.162	1.817	NA
1969	6	28.048	-0.233	-0.233	2.69	NA
1969	7	27.56	-1.114	-1.114	1.19	NA
1969	8	27.378	0.123	0.123	0.696	NA
1969	9	27.294	-4.388	-4.388	1.263	NA
1969	10	27.406	-2.552	-2.552	-0.686	NA
1969	11	26.957	-3.304	-3.304	-0.549	NA
1969	12	26.409	-1.711	-1.711	-3.861	NA
1970	1	26.023	-0.932	-0.932	-3.333	NA
1970	2	26.167	-1.305	-1.305	-3.23	NA
1970	3	27	-3.015	-3.015	-2.418	NA
1970	4	28.197	-0.818	-0.818	-1.14	NA
1970	5	28.529	-0.254	-0.254	0.02	NA
1970	6	28.134	-0.455	-0.455	1.705	NA
1970	7	27.475	0.804	0.804	0.532	NA
1970	8	27.247	-2.348	-2.348	3.35	NA
1970	9	27.243	-3.111	-3.111	0.335	NA
1970	10	27.137	-4.626	-4.626	-0.345	NA
1970	11	26.919	-3.18	-3.18	-2.57	NA
1970	12	25.962	-3.02	-3.02	-3.728	NA
1971	1	25.622	0.252	0.252	-5.463	NA
1971	2	25.685	-0.907	-0.907	-4.19	NA
1971	3	26.613	-1.46	-1.46	-3.771	NA
1971	4	27.657	-2.284	-2.284	-1.702	NA
1971	5	27.963	-1.962	-1.962	0.183	NA
1971	6	27.476	2.219	2.219	1.158	NA
1971	7	27.062	-0.411	-0.411	2.209	NA
1971	8	27.036	1.899	1.899	1.816	NA
1971	9	27.01	-2.956	-2.956	0.77	NA
1971	10	26.651	-3.892	-3.892	0.301	NA
1971	11	26.126	-3.597	-3.597	-1.772	NA
1971	12	26.072	-2.542	-2.542	-3.316	NA
1972	1	25.2	-2.011	-2.011	-3.457	NA
1972	2	25.519	0.074	0.074	-2.111	NA
1972	3	26.146	0.68	0.68	-3.896	NA
1972	4	27.458	-0.947	-0.947	-1.511	NA
1972	5	28.026	-0.96	-0.96	0.264	NA
1972	6	28.058	1.389	1.389	0.869	NA
1972	7	27.705	-2.504	-2.504	3.322	NA
1972	8	27.457	-2.464	-2.464	0.145	NA
1972	9	27.445	-0.712	-0.712	-0.628	NA
1972	10	27.75	-1.827	-1.827	-3.021	NA
1972	11	27.363	-1.552	-1.552	-2.644	NA
1972	12	26.764	-1.677	-1.677	-2.829	NA
1973	1	26.355	-1.246	-1.246	-2.414	NA
1973	2	26.864	0.236	0.236	-2.292	NA
1973	3	27.378	-0.388	-0.388	-3.024	NA
1973	4	28.205	-0.647	-0.647	0.109	NA
1973	5	28.524	-1.333	-1.333	0.832	NA
1973	6	27.989	-0.474	-0.474	2.729	NA
1973	7	27.471	-0.826	-0.826	1.744	NA
1973	8	26.988	-4.277	-4.277	1.907	NA
1973	9	27.191	-0.207	-0.207	0.774	NA
1973	10	27.452	-3.921	-3.921	-0.154	NA
1973	11	26.706	-2.194	-2.194	-2.129	NA
1973	12	25.996	0.257	0.257	-3.987	NA
1974	1	25.037	-1.479	-1.479	-5.064	NA
1974	2	25.798	-0.693	-0.693	-3.42	NA
1974	3	26.385	-1.292	-1.292	-4.131	NA
1974	4	27.559	-1.04	-1.04	-1.382	NA
1974	5	28.093	-1.602	-1.602	-0.244	NA
1974	6	27.77	0.367	0.367	1.488	NA
1974	7	27.357	0.669	0.669	1.205	NA
1974	8	27.284	-0.976	-0.976	2.37	NA
1974	9	27.038	-1.623	-1.623	-0.34	NA
1974	10	27.145	-4.074	-4.074	0.445	NA
1974	11	27.133	-4.651	-4.651	-2.047	NA
1974	12	26.058	-3.08	-3.08	-3.778	NA
1975	1	25.695	0.137	0.137	-4.424	NA
1975	2	25.715	0.533	0.533	-3.337	NA
1975	3	26.43	-0.745	-0.745	-1.534	NA
1975	4	27.321	0.051	0.051	-1.643	NA
1975	5	28.028	-0.699	-0.699	1.741	NA
1975	6	27.75	1.268	1.268	2.018	NA
1975	7	27.214	0.788	0.788	1.567	NA
1975	8	27.142	-3.94	-3.94	3.354	NA
1975	9	27.197	-1.231	-1.231	0.739	NA
1975	10	26.844	-3.862	-3.862	0.621	NA
1975	11	26.563	-2.888	-2.888	-2.704	NA
1975	12	25.563	-0.783	-0.783	-3.613	NA
1976	1	24.916	-0.366	-0.366	-5.061	NA
1976	2	25.315	-0.936	-0.936	-3.791	NA
1976	3	26.289	-0.479	-0.479	-2.925	NA
1976	4	27.526	-0.719	-0.719	-1.125	NA
1976	5	28.04	-2.23	-2.23	0.371	NA
1976	6	27.764	-0.709	-0.709	1.716	NA
1976	7	27.574	-0.495	-0.495	2.024	NA
1976	8	27.315	-1.099	-1.099	0.432	NA
1976	9	27.413	-1.482	-1.482	-0.268	NA
1976	10	27.78	-1.988	-1.988	-0.607	NA
1976	11	27.318	-3.013	-3.013	-0.892	NA
1976	12	26.572	-1.243	-1.243	-3.135	NA
1977	1	25.844	-3.307	-3.307	-2.571	NA
1977	2	26.406	-0.859	-0.859	-4.266	NA
1977	3	27.041	-0.107	-0.107	-3.245	NA
1977	4	28.294	-0.976	-0.976	-1.067	NA
1977	5	28.532	-1.143	-1.143	1.045	NA
1977	6	28.212	1.282	1.282	1.815	NA
1977	7	27.86	-1.251	-1.251	1.604	NA
1977	8	27.608	0.215	0.215	2.672	NA
1977	9	27.71	-3.193	-3.193	1.182	NA
1977	10	27.438	-3.471	-3.471	-3.041	NA
1977	11	27.06	-2.041	-2.041	-1.425	NA
1977	12	26.275	-2.33	-2.33	-3.11	NA
1978	1	26.236	1.723	1.723	-3.147	NA
1978	2	26.475	1.1	1.1	-3.736	NA
1978	3	27.096	-0.942	-0.942	-1.322	NA
1978	4	28.083	-0.152	-0.152	-0.642	NA
1978	5	28.857	-2.527	-2.527	1.057	NA
1978	6	28.183	-1.54	-1.54	2.078	NA
1978	7	27.542	-1.76	-1.76	2.002	NA
1978	8	27.551	-4.036	-4.036	1.989	NA
1978	9	27.41	-2.004	-2.004	0.025	NA
1978	10	27.58	-4.137	-4.137	-0.499	NA
1978	11	26.975	-2.703	-2.703	-2.968	NA
1978	12	26.896	-1.726	-1.726	-3.584	NA
1979	1	26.38	-0.459	-0.459	-3.686	NA
1979	2	26.46	0.799	0.799	-2.636	NA
1979	3	26.98	-0.689	-0.689	-1.522	NA
1979	4	27.953	-1.914	-1.914	0.218	NA
1979	5	28.571	-2.09	-2.09	2.224	NA
1979	6	28.622	-1.165	-1.165	0.817	NA
1979	7	27.933	0.39	0.39	2.565	NA
1979	8	27.844	-3.101	-3.101	1.622	NA
1979	9	27.728	-1.594	-1.594	0.366	NA
1979	10	27.736	-2.69	-2.69	1.194	NA
1979	11	27.562	-3.012	-3.012	-1.885	NA
1979	12	26.524	-2.571	-2.571	-4.213	NA
1980	1	26.002	0.436	0.436	-3.451	0
1980	2	26.174	-1.572	-1.572	-4.359	14.3108443708609
1980	3	26.93	-0.335	-0.335	-2.411	37.0702012383901
1980	4	28.201	-2.179	-2.179	-1.117	51.35352
1980	5	29.093	-1.676	-1.676	0.102	195.200316455696
1980	6	28.598	0.928	0.928	0.329	257.598000000001
1980	7	27.836	1.619	1.619	0.66	160.340518638574
1980	8	27.566	0.27	0.27	1.162	174.042076069731
1980	9	27.592	-1.878	-1.878	0.424	332.866584766585
1980	10	27.541	-2.676	-2.676	-2.041	145.967260940033
1980	11	27.088	-3.041	-3.041	-1.833	17.8802643171806
1980	12	26.539	0.793	0.793	-3.839	0.000248756218905473
1981	1	25.925	0.53	0.53	-6.457	0
1981	2	25.973	0.529	0.529	-3.914	25.5620068610635
1981	3	27.102	-0.371	-0.371	-2.51	28.611919504644
1981	4	28.136	-0.449	-0.449	-1.685	91.0026186579378
1981	5	28.656	-1.131	-1.131	1.014	148.095510835914
1981	6	28.222	-2.164	-2.164	2.277	163.413654946852
1981	7	27.624	-1.435	-1.435	0.312	227.824425059477
1981	8	27.539	-1.923	-1.923	2.929	197.465265082267
1981	9	27.436	-1.48	-1.48	1.2	132.370819672131
1981	10	27.352	-2.177	-2.177	-0.995	87.5735923869945
1981	11	26.852	-2.522	-2.522	-3.169	49.5953608247423
1981	12	25.998	-0.998	-0.998	-5.094	0.0831535269709544
1982	1	25.62	0.29	0.29	-4.662	0.0370656370656371
1982	2	25.797	-1.13	-1.13	-4.013	13.7247448979592
1982	3	26.759	-1.639	-1.639	-2.556	43.6504538577912
1982	4	28.134	-1.285	-1.285	-0.875	83.6031274433151
1982	5	28.99	-1.169	-1.169	0.445	120.809682299546
1982	6	28.333	-0.145	-0.145	2.078	145.424237685692
1982	7	27.581	-0.889	-0.889	0.423	142.91278366112
1982	8	27.622	-2.249	-2.249	1.205	214.555597579425
1982	9	27.553	-2.788	-2.788	0.553	394.899687255669
1982	10	27.354	-2.436	-2.436	-1.411	108.336081694402
1982	11	27.563	-2.48	-2.48	-2.638	38.6966426858513
1982	12	26.253	-2.027	-2.027	-0.362	1.3357034795764
1983	1	25.869	-1.197	-1.197	-3.022	3.80247678018576
1983	2	25.751	-1.43	-1.43	-0.948	4.35283018867924
1983	3	26.596	0.025	0.025	-0.257	4.76818885448916
1983	4	27.856	-0.607	-0.607	-0.851	27.94008
1983	5	28.987	-1.051	-1.051	1.735	134.494387351779
1983	6	28.719	0.8	0.8	2.274	225.8904
1983	7	28.056	1.797	1.797	0.805	154.096439628483
1983	8	27.786	-0.741	-0.741	3.534	299.556733746131
1983	9	27.603	-0.554	-0.554	0.354	224.18592
1983	10	27.563	-2.297	-2.297	-1.107	229.300773993808
1983	11	26.9	-1.402	-1.402	-1.386	26.74104
1983	12	26.422	0.174	0.174	-4.58	0.585759493670886
1984	1	26.09	-1	-1	-4.468	1.19319213313162
1984	2	26.529	-0.366	-0.366	-4.497	16.7351941747573
1984	3	26.442	-1.364	-1.364	-2.287	40.2835098335855
1984	4	27.801	-3.237	-3.237	-0.089	102.860828772479
1984	5	28.664	-2.414	-2.414	0.805	157.081770045386
1984	6	28.206	-0.653	-0.653	2.217	154.722126661455
1984	7	27.495	1.699	1.699	0.79	152.949394856279
1984	8	27.313	-5.093	-5.093	2.931	270.065824782952
1984	9	27.248	-1.282	-1.282	-0.272	214.109929632526
1984	10	27.178	-3.551	-3.551	-1.534	142.633204633205
1984	11	27.374	-3.629	-3.629	-2.39	26.5897763578275
1984	12	26.34	-1.761	-1.761	-3.498	0.000926640926640927
1985	1	26.321	-1.298	-1.298	-4.813	17.4578668683812
1985	2	26.247	-0.747	-0.747	-2.189	32.978313253012
1985	3	26.965	-2.173	-2.173	-1.823	21.9882753403933
1985	4	28.306	-1.715	-1.715	-1.039	114.7456606724
1985	5	28.791	-2.256	-2.256	-0.515	190.691301059002
1985	6	27.978	-3.187	-3.187	2.895	155.158874120407
1985	7	27.242	-0.097	-0.097	0.21	170.360968229955
1985	8	27.292	-3.723	-3.723	2.967	205.669515885023
1985	9	27.237	-2.85	-2.85	-0.036	262.154261141517
1985	10	27.201	-3.303	-3.303	-0.555	143.395915279879
1985	11	27.11	-1.107	-1.107	-2.786	28.0941594317285
1985	12	26.515	-1.673	-1.673	-2.761	0.00927357032457496
1986	1	26.185	0.589	0.589	-4.948	0
1986	2	25.871	-0.217	-0.217	-4.379	0.591701592623638
1986	3	26.882	-0.03	-0.03	-2.389	18.50741301059
1986	4	28.458	-1.144	-1.144	-2.296	88.2114933541831
1986	5	28.793	-1.417	-1.417	1.328	199.463691376702
1986	6	28.469	-1.559	-1.559	1.852	121.42799061767
1986	7	27.959	-0.484	-0.484	0.577	167.151059001513
1986	8	27.575	-3.851	-3.851	0.908	234.12776096823
1986	9	27.33	-2.151	-2.151	0.526	170.789201877935
1986	10	27.199	-2.597	-2.597	-1.467	146.573373676248
1986	11	27.126	-4.387	-4.387	-1.6	8.52103205629397
1986	12	26.83	-0.513	-0.513	-4.499	2.42723146747353
1987	1	26.378	-0.185	-0.185	-4.395	0
1987	2	26.244	1.054	1.054	-3.816	10.8450125733445
1987	3	26.968	0.772	0.772	-1.635	23.4651285930408
1987	4	28.419	-1.367	-1.367	-0.424	53.7295543393276
1987	5	28.943	-1.755	-1.755	0.765	101.763540090772
1987	6	28.964	-1.286	-1.286	3.754	195.153166536357
1987	7	28.308	0.039	0.039	1.363	143.711573373676
1987	8	27.924	-0.134	-0.134	1.048	182.65915279879
1987	9	28.044	-2.919	-2.919	1.039	346.490148553558
1987	10	28.115	-3.236	-3.236	0.042	98.2538577912256
1987	11	27.939	-3.414	-3.414	-1.31	60.986082877248
1987	12	27.093	-1.499	-1.499	-3.085	1.40491679273828
1988	1	26.497	-1.788	-1.788	-2.6	0.493116490166415
1988	2	26.781	-1.777	-1.777	-3.636	21.0575242718447
1988	3	27.635	-1.411	-1.411	-0.566	20.2502269288956
1988	4	28.612	-1.067	-1.067	-1.295	89.1961688819391
1988	5	28.825	-2.017	-2.017	1.423	187.480484114978
1988	6	28.496	1.264	1.264	1.983	225.018764659891
1988	7	27.86	0.466	0.466	2.697	144.658547655068
1988	8	27.768	0.98	0.98	2.055	125.206510219531
1988	9	27.682	-1.95	-1.95	0.55	173.188193901486
1988	10	27.511	-4.095	-4.095	0.797	179.257942511347
1988	11	27.03	-0.068	-0.068	-2.717	1.03932759968726
1988	12	26.359	-1.477	-1.477	-3.759	0.000226928895612708
1989	1	26.09	-1.659	-1.659	-3.812	3.05151285930409
1989	2	25.591	-1.048	-1.048	-3.545	0.983738474434199
1989	3	26.52	-0.693	-0.693	-3.109	52.7845688350984
1989	4	27.818	-1.316	-1.316	-1.398	48.512744331509
1989	5	28.415	-0.876	-0.876	1.147	200.095688350984
1989	6	27.645	-0.088	-0.088	2.124	133.982251759187
1989	7	27.44	-1.905	-1.905	2.435	191.892889561271
1989	8	27.386	-1.419	-1.419	1.999	231.564599092285
1989	9	27.363	-3.498	-3.498	0.392	157.303909304144
1989	10	27.321	-2.87	-2.87	-0.814	118.716036308623
1989	11	27.472	-3.165	-3.165	-4.265	7.54691164972635
1989	12	26.326	-1.335	-1.335	-4.253	0
1990	1	25.775	-2.849	-2.849	-5.289	9.6161119515885
1990	2	26.474	-1.847	-1.847	-3.02	33.041743503772
1990	3	27.371	-0.954	-0.954	-2.892	81.1434190620272
1990	4	28.276	-1.491	-1.491	-1.294	49.3104769351056
1990	5	28.9	-3.228	-3.228	-0.069	183.963993948563
1990	6	28.334	-1.674	-1.674	0.694	174.045269741986
1990	7	27.762	-0.329	-0.329	-0.051	212.854084720121
1990	8	27.438	-3.28	-3.28	2.302	204.107791225416
1990	9	27.476	-2.907	-2.907	0.54	251.612275215012
1990	10	27.712	-2.105	-2.105	-1.158	169.284190620273
1990	11	27.24	-3.237	-3.237	-2.479	32.6136825645035
1990	12	26.625	-0.958	-0.958	-4.731	0
1991	1	26.255	-0.952	-0.952	-4.004	0.885022692889561
1991	2	26.213	0.536	0.536	-4.006	3.48309012875536
1991	3	27.051	-0.543	-0.543	-2.507	21.3723903177004
1991	4	28.375	-0.462	-0.462	-0.589	31.6172770700637
1991	5	28.862	-0.006	-0.006	-0.826	146.447428139183
1991	6	28.783	1.254	1.254	0.034	158.085222830337
1991	7	28.013	0.254	0.254	1.058	137.454462934947
1991	8	27.723	0.533	0.533	1.529	275.220953101362
1991	9	27.591	-3.186	-3.186	1.396	306.475215011728
1991	10	27.391	-1.978	-1.978	1.476	131.153101361574
1991	11	26.794	-3.061	-3.061	-2.178	0.000938232994526974
1991	12	26.447	-1.406	-1.406	-3.879	4.25060514372163
1992	1	25.375	0.274	0.274	-3.526	17.3031013615734
1992	2	25.354	-0.515	-0.515	-2.683	13.2924757281553
1992	3	26.308	-0.164	-0.164	-0.44	2.75559757942511
1992	4	27.904	-0.227	-0.227	0.398	21.0168881939015
1992	5	28.624	-1.113	-1.113	0.855	122.298789712557
1992	6	28.293	-0.306	-0.306	2.343	222.091946833464
1992	7	27.805	0.288	0.288	1.038	187.995612708019
1992	8	27.413	-2.586	-2.586	2.319	256.418759455371
1992	9	27.215	-3.284	-3.284	-1.257	191.159343236904
1992	10	27.059	-2.962	-2.962	-0.601	100.007564296521
1992	11	26.707	-3.179	-3.179	-2.794	0.212040656763096
1992	12	25.752	-1.335	-1.335	-3.779	12.7633888048412
1993	1	25.301	-0.683	-0.683	-2.57	1.51838124054463
1993	2	25.311	0.027	0.027	-3.945	4.74970662196144
1993	3	26.605	-0.318	-0.318	-2.978	42.8596066565809
1993	4	27.754	-1.224	-1.224	-1.612	92.1785770132917
1993	5	28.612	-0.018	-0.018	0.457	158.0276096823
1993	6	28.329	1.337	1.337	0.788	177.55027365129
1993	7	27.766	1.14	1.14	2.012	182.367104247105
1993	8	27.347	0.232	0.232	1.084	145.157374517375
1993	9	27.346	-2.003	-2.003	0.3	216.328381548084
1993	10	27.14	-3.113	-3.113	-1.266	71.8627080181544
1993	11	27.095	-3.873	-3.873	-2.623	0.685613760750587
1993	12	26.647	-1.341	-1.341	-3.863	5.49706563706564
1994	1	26.125	-0.598	-0.598	-4.198	0.0408472012102874
1994	2	26.209	0.201	0.201	-3.467	36.3995808885163
1994	3	26.806	-0.968	-0.968	-3.389	71.5064296520424
1994	4	27.864	-1.287	-1.287	-0.862	49.0517591868648
1994	5	28.4	-1.535	-1.535	1.58	202.490468986385
1994	6	28.12	0.845	0.845	0.826	213.945738858484
1994	7	27.636	-2.123	-2.123	1.896	86.2663388804843
1994	8	27.367	-3.25	-3.25	0.628	245.282450832073
1994	9	27.281	-0.601	-0.601	1.269	211.081548084441
1994	10	27.11	-3.063	-3.063	-0.935	63.4268532526476
1994	11	27.215	-3.485	-3.485	-3.165	0.92556684910086
1994	12	26.519	-2.478	-2.478	-4.074	1.91096822995461
1995	1	26.017	-0.128	-0.128	-4.477	1.38086232980333
1995	2	26.099	0.182	0.182	-3.47	12.4232187761945
1995	3	27.066	-0.389	-0.389	-2.17	32.8096066565809
1995	4	28.484	-0.726	-0.726	-1.296	54.5458170445661
1995	5	28.657	-1.711	-1.711	0.639	168.765204236006
1995	6	28.56	1.316	1.316	2.298	149.0570758405
1995	7	28.06	-1.24	-1.24	0.757	257.619667170953
1995	8	27.824	-2.15	-2.15	0.604	186.588880484115
1995	9	27.659	-1.342	-1.342	1.104	229.307896794371
1995	10	27.633	-3.719	-3.719	-0.706	100.915506807867
1995	11	27.327	-1.651	-1.651	-2.967	16.7927286942924
1995	12	26.385	-1.19	-1.19	-4.597	0.230105900151286
1996	1	25.769	-1.989	-1.989	-4.435	1.87488653555219
1996	2	26.196	-0.519	-0.519	-4.367	10.2932038834951
1996	3	26.864	-0.608	-0.608	-2.194	31.0454614220878
1996	4	28.222	-2.577	-2.577	-1.169	115.768334636435
1996	5	28.636	-2.426	-2.426	1.278	147.619288956127
1996	6	28.407	2.048	2.048	0.259	162.048318999218
1996	7	27.916	-2.117	-2.117	0.941	115.929803328291
1996	8	27.409	-0.351	-0.351	1.226	176.78124054463
1996	9	27.433	-3.797	-3.797	1.582	356.599609069586
1996	10	27.264	-3.332	-3.332	-0.847	135.935239567234
1996	11	27.037	-3.93	-3.93	-2.31	90.2973621103118
1996	12	26.519	-1.153	-1.153	-6.767	0.0004739336492891
1997	1	25.72	-0.119	-0.119	-4.981	0.826970633693972
1997	2	25.641	-1.272	-1.272	-4.408	14.0665549036044
1997	3	26.897	-1.351	-1.351	-2.92	46.9656580937973
1997	4	28.042	-1.335	-1.335	-1.875	87.37200938233
1997	5	28.886	-0.721	-0.721	0.388	155.017170953102
1997	6	28.68	-0.746	-0.746	1.837	143.268647380766
1997	7	28.324	0.078	0.078	0.871	232.227912254161
1997	8	28.083	-3.305	-3.305	0.766	199.364750378215
1997	9	27.983	0.56	0.56	-0.853	152.514229867084
1997	10	27.849	-2.014	-2.014	-0.096	98.8524962178518
1997	11	27.67	-2.067	-2.067	-1.445	3.12619233776388
1997	12	27.377	-1.575	-1.575	-2.938	0.000226928895612708
1998	1	26.777	-0.184	-0.184	-2.673	0.901815431164902
1998	2	27.017	0.062	0.062	-0.617	23.5626990779547
1998	3	27.475	-0.855	-0.855	-1.91	20.717019667171
1998	4	28.59	-0.325	-0.325	-0.327	57.4334636434715
1998	5	29.576	-1.66	-1.66	1.729	145.219288956127
1998	6	29.209	1.013	1.013	1.5	146.626817826427
1998	7	28.379	1.594	1.594	1.807	140.495990922844
1998	8	28.125	0.191	0.191	1.965	214.333661119516
1998	9	28.127	-2.077	-2.077	2.245	194.867625899281
1998	10	27.823	-3.163	-3.163	0.47	85.7357791225416
1998	11	27.354	-3.446	-3.446	-0.107	60.4232613908873
1998	12	26.948	-3.254	-3.254	-2.455	1.66452344931921
1999	1	26.515	-1.547	-1.547	-3.807	2.40499243570348
1999	2	26.722	-0.182	-0.182	-4.558	2.16085498742666
1999	3	27.004	-1.967	-1.967	-0.201	70.2982602118003
1999	4	28.106	-1.421	-1.421	0.984	159.291321344801
1999	5	28.22	-1.593	-1.593	1.897	211.840166414524
1999	6	27.942	0.64	0.64	2.289	165.62744331509
1999	7	27.832	-0.914	-0.914	3.948	180.618381240545
1999	8	27.539	0.921	0.921	2.187	111.524432677761
1999	9	27.532	-2.239	-2.239	2.17	227.134949179046
1999	10	27.256	-2.863	-2.863	0.35	126.152723146748
1999	11	26.967	-2.827	-2.827	-2.592	40.6449569976544
1999	12	26.212	-2.644	-2.644	-2.941	0.317473524962178
2000	1	26.343	-1.296	-1.296	-4.629	5.71738794435858
2000	2	26.298	-1.498	-1.498	-3.238	33.7349514563107
2000	3	26.763	-1.871	-1.871	-1.242	12.3063540090772
2000	4	27.656	-0.985	-0.985	0.429	159.628381548085
2000	5	28.404	-1.906	-1.906	1.905	251.139031770046
2000	6	28.071	1.107	1.107	1.757	238.10242376857
2000	7	27.605	-1.495	-1.495	2.765	207.094856278367
2000	8	27.561	-3.013	-3.013	2.378	286.732148260212
2000	9	27.541	-1.949	-1.949	2.088	175.351993745113
2000	10	27.303	-3.064	-3.064	0.033	96.9721633888049
2000	11	27.291	-3.623	-3.623	-1.302	1.52086330935252
2000	12	26.58	-2.906	-2.906	-1.992	0.000231839258114374
2001	1	26.019	-1.38	-1.38	-2.846	10.8984871406959
2001	2	26.063	-2.336	-2.336	-2.534	4.49522212908634
2001	3	27.058	0.726	0.726	-1.208	74.0659606656581
2001	4	28.252	-1.685	-1.685	0.8	38.9111024237686
2001	5	28.86	-1.124	-1.124	1.799	134.193494704993
2001	6	28.236	0.216	0.216	0.625	243.829632525411
2001	7	27.867	-1.604	-1.604	1.574	160.944099848714
2001	8	27.781	-2.314	-2.314	1.377	294.412102874433
2001	9	27.629	-3.856	-3.856	0.653	255.631196247068
2001	10	27.609	-2.681	-2.681	-0.414	162.459613899614
2001	11	27.207	-1.671	-1.671	-1.552	38.0046325878594
2001	12	26.773	-1.248	-1.248	-5.369	0.829676400947119
2002	1	26.363	1.341	1.341	-4.254	1.52577399380805
2002	2	26.267	-0.727	-0.727	-4.829	12.1147512864494
2002	3	26.816	-1.475	-1.475	-1.905	29.6637770897833
2002	4	28.015	-1.662	-1.662	-2.484	76.21008
2002	5	28.975	-1.039	-1.039	0.26	113.4076625387
2002	6	28.262	0.461	0.461	1.69	170.32824
2002	7	28.205	-1.877	-1.877	2.43	179.683513931889
2002	8	27.778	-0.57	-0.57	0.088	296.535139318886
2002	9	27.764	-1.999	-1.999	-0.113	365.80464
2002	10	27.916	-2.425	-2.425	-2.447	75.2978190630048
2002	11	27.804	-1.585	-1.585	-2.273	20.6244983277592
2002	12	27.461	-1.36	-1.36	-4.078	17.0658319870759
2003	1	26.315	0.92	0.92	-4.826	0.192724458204334
2003	2	26.601	0.015	0.015	-3.993	24.8127416520211
2003	3	27.016	-0.658	-0.658	-2.738	59.0482198142415
2003	4	28.123	-1.54	-1.54	-0.924	63.50544
2003	5	28.786	-1.162	-1.162	0.802	146.72786377709
2003	6	28.536	0.867	0.867	1.163	154.384124386252
2003	7	27.85	1.812	1.812	0.405	136.57592879257
2003	8	27.855	-1.713	-1.713	2.022	218.226547987616
2003	9	27.697	-3.617	-3.617	1.289	277.5996
2003	10	27.703	-2.146	-2.146	-0.725	54.7376582278481
2003	11	27.61	-2.548	-2.548	-1.553	0.159328968903437
2003	12	27.078	-0.265	-0.265	-4.648	0.000237341772151899
2004	1	26.524	-0.308	-0.308	-3.724	16.1118795768918
2004	2	26.077	-1.093	-1.093	-3.512	33.3440577249575
2004	3	26.666	-2.297	-2.297	-1.915	20.489512195122
2004	4	28.169	-0.998	-0.998	-1.414	60.966773418735
2004	5	28.681	-1.109	-1.109	0.215	133.948024786987
2004	6	28.339	-1.917	-1.917	0.514	223.932605042017
2004	7	27.568	0.679	0.679	-0.74	261.343379366369
2004	8	27.817	-3.638	-3.638	2.284	193.764213787762
2004	9	27.569	-2.76	-2.76	-0.732	148.734836065574
2004	10	27.789	-2.871	-2.871	0.148	6.95195121951219
2004	11	27.723	-3.157	-3.157	-3.604	5.09546218487395
2004	12	27.12	-2.594	-2.594	-3.41	1.6163469557965
2005	1	26.39	0.291	0.291	-5.094	0.0577981651376147
2005	2	26.493	-0.663	-0.663	-2.89	1.73198594024605
2005	3	27.428	0.435	0.435	-2.472	23.7320681642138
2005	4	28.425	-1.687	-1.687	-1.37	71.9065652522017
2005	5	29.024	-2.148	-2.148	1.006	145.503018575852
2005	6	28.688	0.391	0.391	2.588	136.579918032787
2005	7	28.048	0.42	0.42	1.532	183.692182662539
2005	8	27.918	-2.166	-2.166	1.406	186.589107413011
2005	9	27.97	-3.12	-3.12	1.012	246.84384
2005	10	27.664	-3.293	-3.293	0.234	67.6802380952382
2005	11	27.214	-2.361	-2.361	-1.846	66.3622641509434
2005	12	26.776	-0.183	-0.183	-5.266	2.1420604182804
2006	1	26.394	-2.237	-2.237	-4.871	0
2006	2	26.812	-1.179	-1.179	-4.769	7.76253298153034
2006	3	27.215	-0.147	-0.147	-2.566	50.8344995931652
2006	4	28.092	0.41	0.41	-1.259	95.4159967186219
2006	5	28.6	-0.898	-0.898	-0.519	134.306904761905
2006	6	28.336	0.928	0.928	0.787	106.839151321057
2006	7	28.169	-2.078	-2.078	1.986	198.526103795507
2006	8	27.967	-2.062	-2.062	2.148	247.820476190476
2006	9	27.711	-1.397	-1.397	-0.183	203.025430680886
2006	10	27.951	-3.694	-3.694	0.28	200.078763222132
2006	11	27.559	-1.322	-1.322	-1.663	13.4756896551724
2006	12	27.099	-2.792	-2.792	-2.933	0.208173477898249
2007	1	26.223	-1.567	-1.567	-3.039	2.24377542717657
2007	2	26.098	-0.919	-0.919	-3.281	12.5375112714157
2007	3	26.332	-1.877	-1.877	-2.855	33.5453213995118
2007	4	28.136	-1.753	-1.753	-1.462	66.9804643714972
2007	5	28.85	-0.024	-0.024	1.287	242.057214345288
2007	6	28.681	-0.32	-0.32	0.628	111.42781512605
2007	7	28.148	2.486	2.486	1.101	125.64670558799
2007	8	28.008	-2.996	-2.996	0.702	269.919432860718
2007	9	28.029	-3.566	-3.566	1.547	253.579915966387
2007	10	27.641	-3.485	-3.485	-0.443	207.920547945206
2007	11	27.464	-4.038	-4.038	-0.816	7.82362831858407
2007	12	26.945	-1.428	-1.428	-2.738	0.0105540897097625
2008	1	26.573	-1.063	-1.063	-3.984	NA
2008	2	26.471	-1.096	-1.096	-4.221	NA
2008	3	27.174	-0.625	-0.625	-2.679	NA
2008	4	28.042	-1.61	-1.61	-1.382	NA
2008	5	28.49	-1.551	-1.551	3.474	NA
2008	6	28.409	1.234	1.234	1.163	NA
2008	7	28.12	-1.701	-1.701	1.607	NA
2008	8	27.733	1.139	1.139	2.053	NA
2008	9	27.841	-2.63	-2.63	1.57	NA
2008	10	27.989	-3.001	-3.001	0.12	NA
2008	11	27.525	-2.317	-2.317	-0.977	NA
2008	12	26.769	-1.539	-1.539	-2.583	NA
2009	1	25.779	-0.408	-0.408	-4.041	NA
2009	2	25.641	-1.048	-1.048	-2.748	NA
2009	3	27.149	-2.031	-2.031	-1.738	NA
2009	4	28.457	-2.257	-2.257	-0.356	NA
2009	5	28.705	-1.052	-1.052	0.544	NA
2009	6	28.515	0.188	0.188	1.857	NA
2009	7	28.113	-0.301	-0.301	0.708	NA
2009	8	27.981	-3.006	-3.006	2.195	NA
2009	9	27.995	-4.101	-4.101	2.049	NA
2009	10	27.652	-4.241	-4.241	0.586	NA
2009	11	27.629	-3.28	-3.28	-2.589	NA
2009	12	27.194	-0.16	-0.16	-3.556	NA
2010	1	26.726	-0.988	-0.988	-4.661	NA
2010	2	26.49	-1.555	-1.555	-1.637	NA
2010	3	27.66	-0.907	-0.907	-1.697	NA
2010	4	28.996	-1.902	-1.902	-0.182	NA
2010	5	29.647	-2.346	-2.346	0.817	NA
2010	6	28.725	-0.771	-0.771	1.397	NA
2010	7	28.128	-0.254	-0.254	0.747	NA
2010	8	28.004	-3.404	-3.404	1.688	NA
2010	9	27.885	-2.477	-2.477	0.428	NA
2010	10	27.806	-3.174	-3.174	0.727	NA
2010	11	27.266	-3.359	-3.359	-1.201	NA
2010	12	26.764	0.383	0.383	-2.589	NA
2011	1	26.009	-1.323	-1.323	-5.636	NA
2011	2	25.873	-1.47	-1.47	-3.1	NA
2011	3	26.683	-0.802	-0.802	-4.702	NA
2011	4	27.555	-1.27	-1.27	-2.005	NA
2011	5	28.248	-1.546	-1.546	0.795	NA
2011	6	28.371	-0.038	-0.038	1.111	NA
2011	7	27.909	-0.824	-0.824	2.109	NA
2011	8	27.776	-2.296	-2.296	1.992	NA
2011	9	27.702	-1.884	-1.884	2.915	NA
2011	10	27.771	-3.485	-3.485	-0.044	NA
2011	11	27.906	-4.518	-4.518	-2.579	NA
2011	12	27.379	-2.954	-2.954	-3.789	NA
2012	1	26.405	-1.975	-1.975	-3.71	NA
2012	2	26.588	-1.45	-1.45	-3.119	NA
2012	3	27.241	-1.179	-1.179	-3.538	NA
2012	4	28.475	-1.901	-1.901	-1.532	NA
2012	5	28.701	-2.294	-2.294	1.182	NA
2012	6	28.192	-0.907	-0.907	2.574	NA
2012	7	28.004	-1.479	-1.479	1.272	NA
2012	8	27.869	-4.079	-4.079	2.056	NA
2012	9	27.593	-2.881	-2.881	0.611	NA
2012	10	27.561	-3.505	-3.505	0.143	NA
2012	11	27.491	-0.889	-0.889	-2.876	NA
2012	12	26.943	-1.293	-1.293	-3.85	NA
2013	1	26.06	-1.96	-1.96	-4.324	NA
2013	2	26.572	-2.26	-2.26	-3.313	NA
2013	3	26.771	-0.36	-0.36	-2.041	NA
2013	4	28.225	-1.063	-1.063	-0.29	NA
2013	5	28.856	-2.276	-2.276	0.536	NA
2013	6	28.165	0.626	0.626	1.697	NA
2013	7	27.582	-0.285	-0.285	-0.116	NA
2013	8	27.378	-1.138	-1.138	1.705	NA
2013	9	27.482	-3.954	-3.954	0.055	NA
2013	10	27.586	-4.531	-4.531	0.777	NA
2013	11	27.498	-1.525	-1.525	-3.1	NA
2013	12	26.75	-0.89	-0.89	-3.844	NA
2014	1	25.909	-1.659	-1.659	-5.216	NA
2014	2	25.567	-1.652	-1.652	-3.835	NA
2014	3	26.621	-1.286	-1.286	-3.822	NA
2014	4	27.854	-2.165	-2.165	-2.456	NA
2014	5	29.007	-1.905	-1.905	0.404	NA
2014	6	28.803	0.293	0.293	1.304	NA
2014	7	28.361	NA	-2.009	1.593	NA
2014	8	27.732	NA	0.342	0.698	NA
2014	9	NA	NA	NA	NA	NA
2014	10	NA	NA	NA	NA	NA
2014	11	NA	NA	NA	NA	NA
2014	12	NA	NA	NA	NA	NA
2015	1	NA	NA	NA	NA	NA
2015	2	NA	NA	NA	NA	NA
2015	3	NA	NA	NA	NA	NA
2015	4	NA	NA	NA	NA	NA
2015	5	NA	NA	NA	NA	NA
2015	6	NA	NA	NA	NA	NA
2015	7	NA	NA	NA	NA	NA
2015	8	NA	NA	NA	NA	NA
2015	9	NA	NA	NA	NA	NA
2015	10	NA	NA	NA	NA	NA
2015	11	NA	NA	NA	NA	NA
2015	12	NA	NA	NA	NA	NA
