108.582206430448
134.79865982618
142.730209917
134.79865982618
142.019099640895
134.79865982618
142.730209917
142.019099640895
86.2125462185183
108.582206430448
142.730209917
142.730209917
134.79865982618
142.019099640895
108.582206430448
108.582206430448
142.019099640895
142.730209917
142.730209917
142.019099640895
142.019099640895
142.730209917
134.79865982618
108.582206430448
134.79865982618
134.79865982618
142.730209917
86.2125462185183
142.019099640895
142.019099640895
142.730209917
142.730209917
134.79865982618
142.730209917
169.874085491148
142.019099640895
142.019099640895
142.730209917
142.730209917
142.019099640895
142.730209917
86.2125462185183
142.019099640895
142.730209917
142.019099640895
134.79865982618
142.730209917
142.019099640895
142.730209917
142.019099640895
86.2125462185183
142.019099640895
108.582206430448
142.730209917
108.582206430448
142.730209917
142.730209917
142.019099640895
142.730209917
142.730209917
169.874085491148
142.019099640895
142.730209917
142.730209917
142.730209917
142.730209917
134.79865982618
142.730209917
134.79865982618
142.730209917
142.019099640895
142.730209917
142.019099640895
142.730209917
142.019099640895
142.019099640895
134.79865982618
134.79865982618
86.2125462185183
142.019099640895
142.019099640895
142.730209917
134.79865982618
142.730209917
142.730209917
169.874085491148
142.730209917
108.582206430448
142.019099640895
86.2125462185183
169.874085491148
86.2125462185183
142.019099640895
142.730209917
142.730209917
142.019099640895
142.730209917
142.730209917
134.79865982618
142.730209917
134.79865982618
142.019099640895
169.874085491148
142.019099640895
108.582206430448
134.79865982618
142.730209917
169.874085491148
134.79865982618
142.730209917
142.019099640895
142.730209917
142.730209917
142.730209917
142.730209917
142.019099640895
134.79865982618
86.2125462185183
142.019099640895
108.582206430448
169.874085491148
142.019099640895
142.730209917
108.582206430448
142.730209917
142.019099640895
134.79865982618
142.730209917
108.582206430448
142.730209917
142.730209917
86.2125462185183
142.730209917
134.79865982618
134.79865982618
142.730209917
169.874085491148
142.019099640895
169.874085491148
134.79865982618
142.730209917
142.019099640895
86.2125462185183
142.730209917
134.79865982618
142.730209917
142.019099640895
134.79865982618
134.79865982618
142.019099640895
142.019099640895
142.019099640895
142.730209917
134.79865982618
142.019099640895
142.730209917
142.730209917
142.019099640895
86.2125462185183
142.730209917
108.582206430448
142.730209917
142.730209917
142.730209917
142.019099640895
142.730209917
86.2125462185183
86.2125462185183
142.730209917
142.019099640895
86.2125462185183
142.730209917
108.582206430448
142.730209917
134.79865982618
142.019099640895
142.019099640895
86.2125462185183
142.019099640895
142.019099640895
134.79865982618
142.730209917
108.582206430448
142.730209917
142.730209917
142.019099640895
142.019099640895
134.79865982618
142.019099640895
108.582206430448
142.730209917
142.019099640895
142.730209917
142.019099640895
142.019099640895
86.2125462185183
142.730209917
142.019099640895
142.730209917
142.730209917
134.79865982618
142.730209917
134.79865982618
142.730209917
108.582206430448
108.582206430448
86.2125462185183
142.730209917
142.730209917
169.874085491148
134.79865982618
108.582206430448
142.019099640895
142.730209917
142.730209917
142.730209917
142.019099640895
169.874085491148
142.730209917
142.730209917
142.019099640895
108.582206430448
142.730209917
142.730209917
142.019099640895
142.730209917
142.019099640895
142.730209917
142.019099640895
142.019099640895
108.582206430448
142.019099640895
86.2125462185183
169.874085491148
142.019099640895
142.019099640895
142.730209917
142.730209917
108.582206430448
134.79865982618
108.582206430448
142.019099640895
134.79865982618
142.019099640895
142.730209917
142.019099640895
134.79865982618
169.874085491148
108.582206430448
142.730209917
142.019099640895
169.874085491148
142.730209917
142.730209917
142.730209917
142.730209917
142.730209917
142.019099640895
108.582206430448
142.730209917
86.2125462185183
142.019099640895
142.730209917
142.019099640895
142.019099640895
142.730209917
134.79865982618
142.019099640895
86.2125462185183
142.730209917
108.582206430448
142.730209917
142.730209917
108.582206430448
142.019099640895
142.019099640895
142.730209917
142.730209917
108.582206430448
142.730209917
169.874085491148
86.2125462185183
134.79865982618
169.874085491148
142.730209917
142.730209917
134.79865982618
142.730209917
108.582206430448
134.79865982618
142.019099640895
142.019099640895
142.730209917
142.019099640895
134.79865982618
142.730209917
142.730209917
142.730209917
134.79865982618
142.019099640895
