1948 1011.594 1013.401 1012.890 1012.042 1011.561 1011.356 1011.175 1009.016 1009.782 1009.123 1009.474 1012.205
1949 1013.047 1012.802 1012.576 1013.231 1012.706 1012.227 1011.219 1011.111 1010.490 1011.187 1010.428 1011.274
1950 1012.041 1012.000 1012.429 1011.114 1010.737 1011.357 1010.286 1010.325 1010.500 1010.633 1009.453 1009.641
1951 1012.568 1010.831 1011.767 1012.833 1012.608 1011.734 1011.477 1010.301 1010.637 1010.248 1011.134 1012.045
1952 1013.467 1012.842 1012.582 1013.170 1011.655 1011.805 1011.119 1010.444 1010.198 1009.456 1010.147 1011.712
1953 1012.588 1014.181 1012.573 1011.829 1012.217 1011.803 1010.879 1008.668 1010.824 1010.012 1010.818 1010.273
1954 1011.266 1012.270 1012.079 1011.609 1011.180 1011.014 1009.958 1009.219 1009.021 1010.211 1010.496 1010.523
1955 1013.946 1010.915 1011.606 1011.741 1011.581 1011.676 1010.830 1010.553 1009.787 1010.307 1009.703 1009.860
1956 1010.763 1011.161 1012.381 1011.664 1011.727 1011.192 1010.283 1010.157 1010.241 1010.392 1010.262 1011.618
1957 1011.865 1012.003 1012.826 1012.518 1011.170 1011.772 1010.838 1008.877 1010.459 1009.640 1010.702 1012.583
1958 1014.583 1013.085 1013.746 1013.141 1011.858 1011.116 1010.318 1010.179 1009.801 1009.101 1010.339 1010.857
1959 1013.122 1014.391 1013.016 1012.078 1011.620 1011.510 1010.343 1008.887 1008.153 1010.622 1009.367 1010.574
1960 1012.383 1012.585 1011.737 1011.564 1010.692 1011.296 1010.413 1009.287 1009.551 1008.962 1010.276 1010.654
1961 1010.746 1011.199 1012.080 1011.208 1011.180 1009.716 1009.500 1008.740 1007.745 1006.765 1010.745 1010.708
1962 1010.567 1012.566 1012.417 1009.865 1011.292 1010.624 1008.626 1010.031 1008.998 1008.463 1009.517 1009.989
1963 1010.110 1012.499 1011.190 1010.126 1009.964 1009.991 1009.204 1008.600 1009.143 1007.301 1011.361 1011.041
1964 1012.622 1012.815 1012.347 1011.112 1009.265 1010.256 1009.634 1008.746 1009.181 1009.478 1009.065 1010.533
1965 1010.804 1011.029 1011.838 1012.095 1011.586 1012.112 1009.544 1009.943 1008.790 1009.257 1012.520 1011.944
1966 1014.457 1013.149 1012.377 1011.983 1011.853 1011.937 1009.759 1009.131 1008.690 1009.405 1010.504 1010.867
1967 1011.156 1012.074 1010.975 1012.159 1010.218 1009.742 1007.739 1008.531 1007.158 1009.520 1010.462 1011.822
1968 1010.872 1012.553 1012.438 1011.103 1010.663 1011.175 1009.317 1009.101 1008.159 1009.406 1009.840 1011.042
1969 1012.188 1012.396 1013.203 1012.722 1011.659 1011.577 1010.201 1010.742 1008.591 1009.469 1010.512 1011.114
1970 1012.386 1012.532 1012.200 1012.718 1011.174 1011.253 1010.067 1009.323 1009.509 1009.437 1010.509 1010.498
1971 1009.417 1010.704 1010.099 1008.871 1010.103 1011.095 1009.439 1009.874 1009.073 1010.909 1010.365 1011.177
1972 1010.825 1010.691 1011.689 1012.078 1010.461 1009.777 1007.323 1009.976 1008.576 1008.886 1012.025 1012.925
1973 1013.149 1014.514 1013.162 1012.880 1011.806 1011.191 1010.540 1010.501 1011.823 1009.973 1010.413 1010.672
1974 1009.531 1010.776 1010.703 1010.222 1010.147 1009.531 1009.617 1007.332 1009.412 1009.599 1009.292 1011.385
1975 1012.075 1012.358 1011.978 1011.945 1011.160 1011.615 1010.222 1010.240 1010.168 1010.244 1008.239 1010.838
1976 1010.749 1011.072 1011.042 1011.143 1009.688 1010.658 1009.575 1010.033 1007.581 1011.243 1010.559 1010.961
1977 1011.593 1012.662 1013.314 1012.222 1011.376 1011.018 1009.370 1008.977 1009.020 1008.500 1010.746 1012.302
1978 1012.860 1013.966 1013.159 1012.407 1010.586 1010.806 1008.262 1009.642 1009.370 1008.843 1008.862 1012.304
1979 1012.315 1012.274 1012.475 1012.535 1011.691 1011.597 1011.338 1009.430 1009.616 1009.147 1010.256 1011.083
1980 1012.206 1013.036 1012.971 1012.117 1011.033 1011.777 1010.479 1009.820 1008.004 1009.925 1010.607 1010.418
1981 1011.419 1012.371 1013.845 1011.906 1011.118 1011.182 1009.732 1007.352 1009.903 1009.508 1009.979 1010.297
1982 1011.520 1012.240 1011.903 1012.112 1011.686 1010.446 1008.137 1009.166 1009.309 1009.060 1011.997 1013.632
1983 1015.308 1015.858 1015.567 1013.845 1013.215 1011.984 1010.961 1010.851 1010.417 1010.210 1010.637 1011.378
1984 1011.592 1010.996 1012.697 1011.607 1010.827 1010.615 1008.625 1009.189 1009.620 1007.779 1010.204 1009.367
1985 1010.563 1010.756 1012.023 1009.432 1009.316 1009.951 1009.746 1008.889 1010.054 1010.825 1010.461 1010.675
1986 1011.085 1011.162 1012.197 1011.541 1009.901 1009.725 1009.688 1005.221 1008.847 1011.371 1011.496 1010.459
1987 1013.044 1013.788 1014.417 1012.975 1012.419 1011.303 1010.917 1010.509 1008.660 1010.692 1010.960 1012.311
1988 1012.253 1012.682 1012.244 1012.357 1011.298 1011.433 1009.960 1011.355 1009.023 1009.086 1010.581 1010.840
1989 1010.859 1011.496 1010.885 1009.486 1011.381 1011.078 1010.008 1008.529 1009.550 1008.791 1009.534 1010.857
1990 1011.430 1014.507 1012.870 1011.596 1010.813 1010.371 1008.482 1008.357 1009.725 1010.050 1009.314 1011.188
1991 1012.776 1013.388 1012.534 1011.888 1011.270 1010.697 1010.529 1006.925 1009.179 1008.848 1010.128 1012.387
1992 1013.915 1014.254 1015.428 1012.650 1011.430 1010.877 1011.253 1008.696 1007.744 1008.469 1009.580 1013.387
1993 1013.058 1013.547 1012.851 1012.608 1011.874 1011.468 1010.185 1009.603 1010.106 1009.924 1010.627 1011.102
1994 1011.412 1011.590 1012.817 1011.405 1010.876 1010.580 1008.037 1008.940 1007.841 1009.342 1011.290 1012.294
1995 1013.267 1013.246 1012.959 1012.449 1011.567 1011.768 1010.733 1010.365 1010.084 1009.145 1010.675 1011.819
1996 1011.439 1011.656 1012.230 1011.162 1011.531 1011.638 1009.248 1010.033 1007.986 1010.134 1008.958 1008.160
1997 1011.268 1011.417 1012.461 1011.439 1010.652 1010.798 1009.120 1007.931 1009.616 1011.831 1012.763 1012.688
1998 1014.667 1015.786 1014.933 1014.707 1012.969 1012.142 1010.889 1011.004 1009.982 1011.061 1010.899 1011.097
1999 1010.793 1011.390 1010.349 1010.979 1011.412 1011.649 1009.852 1011.021 1010.881 1011.009 1009.036 1011.419
2000 1010.834 1011.304 1011.811 1011.398 1010.279 1010.958 1009.812 1009.143 1009.421 1009.951 1010.158 1010.477
2001 1011.614 1010.742 1011.828 1011.727 1011.182 1009.512 1009.094 1006.611 1009.376 1009.400 1009.843 1011.940
2002 1012.804 1012.709 1012.261 1011.272 1010.379 1010.674 1008.517 1007.454 1008.495 1008.914 1010.565 1012.093
2003 1012.769 1012.825 1012.743 1011.463 1009.610 1011.197 1010.309 1010.030 1009.291 1008.808 1010.028 1011.016
2004 1012.780 1011.766 1011.352 1010.365 1011.520 1007.916 1010.066 1006.971 1010.112 1008.623 1009.578 1010.284
2005 1010.702 1013.690 1013.008 1011.808 1010.790 1011.048 1009.836 1009.472 1009.292 1010.742 1010.829 1011.561
2006 1011.580 1012.734 1011.472 1011.600 1011.638 1011.211 1010.458 1007.899 1008.941 1008.920 1011.583 1011.901
2007 1013.216 1012.161 1011.761 1011.740 1011.430 1009.905 1009.559 1009.558 1009.047 1009.681 1008.881 1010.806
2008 1011.539 1011.727 1011.853 1011.010 1011.081 1011.274 1010.069 1010.406 1010.542 1011.394 1011.644 1010.688
2009 1011.990 1012.035 1011.994 1011.486 1010.319 1010.927 1008.701 1008.177 1007.754 1009.809 1009.579 1010.510
2010 1013.051 1014.097 1013.536 1013.715 1011.144 1011.704 1011.790 1011.111 1011.127 1010.082 1010.941 1008.708
2011 1010.411 1010.801 1010.857 1010.607 1011.191 1010.953 1008.982 1008.766 1009.683 1010.902 1010.726 1010.886
2012 1011.735 1011.648 1011.580 1012.025 1009.762 1010.489 1009.033 1009.278 1009.424 1009.308 1011.062 1011.435
2013 1012.410 1012.778 1012.242 1011.574 1011.215 1010.521 1009.869 1010.296 1007.372 1007.971 1011.289 1010.942
2014 1010.657 1010.791 -999.999 -999.999 -999.999 -999.999 -999.999 -999.999 -999.999 -999.999 -999.999 -999.999