
1948   -3.621   -3.268   -2.111   -0.560    1.693    3.412    3.228    4.125    2.837    1.746    0.406   -1.386
1949   -3.260   -3.121   -3.059   -0.769    0.470    2.092    2.376    2.916    2.535    1.446   -0.107   -1.702
1950   -2.952   -2.931   -1.777   -0.978    1.742    2.537    3.128    2.995    3.107    1.794   -0.825   -4.623
1951   -3.256   -3.282   -3.399   -0.030    2.513    2.286    2.228    3.504    2.433    1.293   -0.701   -1.315
1952   -4.296   -3.484   -2.569   -0.639    2.202    2.474    3.061    3.106    1.957    1.799   -0.652   -0.916
1953   -3.762   -3.634   -2.489   -1.106    2.117    2.418    2.952    4.146    2.415    1.095    0.165   -1.536
1954   -3.820   -2.813   -2.780   -1.973    0.069    1.376    1.850    2.710    2.273    0.474    0.159   -3.567
1955   -3.913   -4.151   -3.709   -1.567   -0.006    0.595    0.624    1.195    0.765    0.070   -1.192   -3.509
1956   -4.635   -4.373   -4.091   -1.561   -1.052   -0.467    0.743    1.680    2.097   -0.833   -1.620   -3.615
1957   -4.510   -5.952   -4.448   -2.483   -0.773    0.607    0.745    2.997    2.419   -0.298   -2.684   -4.987
1958   -4.714   -3.315   -4.605   -3.319   -0.545    1.374    2.001    0.710    1.978   -0.379   -2.863   -4.378
1959   -7.027   -4.858   -4.302   -3.076   -0.954    1.493    2.277    3.550    1.193   -0.513   -1.809   -4.034
1960   -4.308   -4.485   -4.195   -2.703   -0.879    1.309    0.867    3.520    1.051    0.336   -2.698   -3.966
1961   -6.318   -5.340   -4.011   -3.058   -0.115    1.213    2.296    2.776    2.163   -1.109   -3.914   -4.570
1962   -5.686   -5.500   -3.874   -2.294   -0.127    0.566    2.902    2.023    1.240   -0.100   -3.167   -4.721
1963   -5.233   -5.845   -5.433   -3.179    0.020    2.940    3.014    2.974    2.835    1.047   -2.805   -3.083
1964   -4.141   -4.537   -3.770   -1.158    1.322    2.460    2.412    3.515    1.428    0.127   -0.887   -2.718
1965   -3.996   -4.793   -3.309   -0.634    0.775    3.125    4.643    3.116    3.469    0.582   -1.567   -3.973
1966   -3.937   -3.664   -1.909   -0.641    1.415    2.128    3.003    2.832    3.236    0.615   -0.960   -1.753
1967   -4.685   -4.751   -4.307   -1.180    0.676    3.012    3.783    4.185    3.162    0.871   -2.073   -3.936
1968   -4.528   -5.401   -3.201   -1.764   -0.049    1.019    2.128    3.484    3.079   -0.562   -1.590   -3.491
1969   -4.682   -4.706   -3.414   -1.015    0.999    2.317    3.288    2.758    4.098    0.736   -0.234   -2.499
1970   -3.344   -4.117   -3.139   -1.981   -0.208    2.092    3.124    3.183    1.728    0.880   -1.547   -2.812
1971   -4.844   -3.696   -3.483   -1.095    1.026    2.365    3.747    2.005    1.536    0.753   -1.133   -3.881
1972   -3.236   -3.508   -3.448   -1.469    1.520    2.816    6.097    4.137    3.669    0.695   -1.867   -2.408
1973   -4.154   -4.531   -4.043   -1.588   -0.070    1.478    3.013    2.058    0.691    0.743   -1.503   -2.455
1974   -3.916   -3.630   -3.887   -1.118    0.509    2.768    2.749    4.169    1.068    1.261   -0.877   -2.402
1975   -4.076   -3.765   -2.918   -1.778    0.574    1.789    1.958    3.311    0.810    0.474   -2.196   -2.712
1976   -3.293   -3.791   -3.542   -0.447    3.323    3.232    4.922    4.133    4.316   -0.009   -0.911   -2.365
1977   -3.044   -4.079   -3.857   -1.830    1.119    2.460    4.918    4.558    4.695    0.338   -1.107   -3.345
1978   -4.292   -4.705   -3.097   -1.112    0.243    2.045    2.764    3.669    2.126    1.762   -1.075   -3.213
1979   -4.866   -3.610   -2.948   -0.668    0.627    2.164    4.054    3.877    1.219    1.311   -1.126   -2.907
1980   -3.918   -4.823   -3.157   -1.818    1.476    2.449    3.551    3.683    3.872    1.074   -1.038   -1.922
1981   -3.758   -4.238   -2.910   -0.903    0.733    2.654    2.668    4.916    2.033    0.771   -0.904   -3.793
1982   -3.806   -3.251   -2.312   -1.302    1.384    3.724    5.417    5.392    4.164    1.989   -0.576   -1.652
1983   -3.493   -3.349   -2.411   -1.757    0.446    2.345    3.501    4.043    2.427    0.585    0.454   -2.568
1984   -2.929   -3.588   -2.343   -0.470    1.144    3.070    2.722    4.400    1.073    1.548   -1.021   -2.696
1985   -3.320   -2.752   -3.090    0.165    0.786    4.020    3.533    4.281    2.415    1.145   -1.299   -1.464
1986   -3.203   -3.279   -2.178   -1.172    3.187    2.477    3.516    6.174    2.948    0.788   -0.278   -3.035
1987   -4.748   -4.572   -2.472   -0.771    1.185    3.847    4.663    4.391    4.288    1.118    0.090   -2.163
1988   -2.672   -2.947   -2.761   -0.642    1.315    3.400    3.585    2.297    2.114    1.363   -1.179   -2.352
1989   -3.170   -2.655   -2.158   -1.380    1.354    2.493    3.004    4.103    2.858    1.376   -1.239   -3.086
1990   -4.006   -3.466   -3.552   -0.974    1.192    3.585    4.250    5.229    3.808    1.160   -0.314   -3.544
1991   -3.784   -3.726   -2.364   -1.164    1.440    3.254    4.476    5.452    4.271    2.450   -0.312   -2.891
1992   -3.161   -3.567   -2.303   -0.551    0.929    2.943    3.653    4.298    2.204    1.190   -1.279   -3.072
1993   -3.295   -2.954   -2.264   -1.042    0.747    2.644    3.669    3.918    2.389    0.949   -0.462   -1.605
1994   -2.739   -2.679   -2.105    0.071    1.603    2.501    4.797    3.904    3.430    1.262   -2.053   -2.443
1995   -3.430   -2.841   -2.671   -1.595    0.402    1.875    2.006    2.681    2.274    0.915   -0.687   -1.423
1996   -2.383   -2.922   -1.949   -0.293    1.229    1.219    2.410    1.820    2.217   -0.031    0.040   -3.506
1997   -3.239   -2.844   -2.205   -0.652    1.301    2.951    3.288    4.512    2.351    0.721   -0.568   -2.282
1998   -2.107   -1.704   -1.648   -1.097    0.319    0.746    1.228    1.588    1.680    0.798   -0.839   -1.809
1999   -2.338   -3.756   -1.571   -0.589    0.102    1.046    2.394    2.532    1.620   -0.685   -1.226   -2.172
2000   -4.035   -2.841   -1.515   -1.487    0.446    0.831    2.812    2.271    1.534   -0.709   -1.896   -2.356
2001   -2.678   -3.144   -2.392   -1.378    0.897    1.073    2.703    4.524    1.667   -0.078   -0.668   -3.082
2002   -4.320   -4.733   -3.189   -1.587    0.711    1.911    4.894    3.924    1.889    0.123   -1.277   -2.805
2003   -3.702   -4.276   -3.298   -1.622    1.398    1.264    2.514    2.936    2.017    0.164   -1.055   -3.064
2004   -3.564   -3.384   -2.875   -0.699    0.066    3.414    2.293    4.873    1.383    0.166   -1.356   -2.508
2005   -4.508   -3.831   -3.356   -1.882    0.711    1.664    2.528    3.394    2.369   -0.505   -1.783   -2.338
2006   -3.482   -3.493   -2.411   -1.939    0.003    1.197    3.890    4.579    2.554    1.854   -1.276   -2.141
2007   -3.279   -3.328   -2.798   -1.356    0.474    0.485    2.804    3.269    2.524    0.592    0.003   -2.489
2008   -2.957   -3.142   -1.973   -0.556    1.805    1.676    2.484    2.906    1.987    0.351   -0.986   -1.643
2009   -2.365   -2.583   -1.912   -0.695    0.689    2.369    2.937    3.573    3.064    1.055   -1.533   -3.868
2010   -4.369   -3.780   -3.487   -2.367   -0.880    0.595    0.117    1.290   -0.080    0.062   -1.554   -2.038
2011   -3.063   -2.671   -2.689   -1.918    0.606    2.091    2.997    3.291    2.182   -0.130   -1.432   -3.331
2012   -3.383   -3.069   -2.738   -1.803    0.209    2.781    2.615    3.616    2.261    0.280   -2.394   -2.808
2013   -3.490   -3.827   -3.611   -1.540   -0.684    0.475    1.042    2.190    2.165    0.721   -1.812   -2.517
2014   -3.738   -4.102   -3.297   -1.723   -0.457    1.589    3.403    2.541 -999.999 -999.999 -999.999 -999.999