
1948   -0.666    0.065    0.403    0.393    2.281    3.759    5.460    5.539    4.323    2.502    1.199   -0.440
1949   -1.366   -1.169    0.474    0.795    1.867    3.999    4.471    4.203    4.242    2.760    1.471    0.701
1950   -0.801   -1.939    0.279    1.406    2.752    3.982    5.050    4.019    4.490    1.868    0.221   -0.467
1951   -1.409   -2.046    0.484    0.644    2.378    4.725    5.399    5.305    5.133    2.835    1.327   -0.005
1952   -0.268   -0.935   -0.617    0.573    1.051    4.673    5.628    5.449    4.130    3.345    1.163   -0.166
1953   -1.077   -0.550    0.090    0.114    1.128    2.727    5.142    5.460    4.143    2.707    1.128   -0.529
1954   -2.532   -0.742    0.057    0.160    1.467    2.808    4.470    4.930    4.707    2.920    1.134    0.351
1955   -1.573   -3.401   -0.020    0.744    3.336    4.438    4.907    4.661    3.623    2.949    0.281   -0.762
1956   -2.784   -2.341   -0.222    1.266    4.369    5.458    5.623    5.367    5.291    3.779    1.988    0.620
1957   -1.293   -1.555   -0.443   -0.228    1.564    4.925    5.597    5.401    4.052    2.940    1.294    0.851
1958   -0.803   -2.228   -0.689   -0.102    2.786    4.897    4.837    5.705    4.799    3.824    1.179   -0.009
1959   -1.130   -1.366   -0.493    0.419    1.794    5.619    6.570    5.185    4.370    2.553    0.738   -1.015
1960   -1.021   -1.818   -0.132    0.735    3.246    4.631    5.928    5.444    5.236    4.026    2.347    0.155
1961   -1.138   -0.779   -0.503    0.642    2.605    3.661    5.497    5.579    4.455    1.712   -0.227   -1.759
1962   -1.828   -1.089   -0.737   -1.004    2.284    2.603    5.201    4.428    4.554    3.193    0.125   -0.228
1963   -0.791   -0.749   -0.104   -0.190    0.379    2.488    5.002    5.119    4.226    2.295    0.252   -1.028
1964   -2.145   -1.840   -1.071   -0.494    1.786    3.897    5.200    5.691    4.765    4.125    2.443   -0.321
1965   -0.605   -1.828   -0.281   -0.163    2.105    3.706    4.610    5.021    4.693    2.786    1.130    1.157
1966    0.093   -0.475   -0.296    1.266    2.756    4.272    4.558    5.470    4.013    3.086    1.760   -0.598
1967   -0.669   -1.237    0.042    0.119    1.755    4.219    5.172    5.477    4.191    3.495    0.967   -0.848
1968   -1.627   -0.875   -0.550    1.367    3.746    5.131    5.618    5.634    5.664    4.235    2.079    0.872
1969   -0.106    0.160    0.544    1.713    3.197    4.657    5.297    4.835    4.219    2.967    1.068    0.978
1970   -0.955   -2.325   -1.008    1.686    2.400    4.375    4.751    6.033    5.530    3.539    1.702    0.687
1971   -0.871   -3.431    0.063    1.268    3.361    4.323    5.707    6.002    6.026    4.126    1.800    0.958
1972   -0.740   -2.132   -0.024    1.216    2.502    4.580    5.794    4.592    4.515    2.852    0.306    0.108
1973   -1.142   -1.303   -0.423    1.321    3.058    4.985    5.353    5.387    3.716    3.884    2.907    0.510
1974   -0.564   -0.036    1.192    1.851    3.195    4.512    5.822    5.797    5.096    3.881    3.109    0.908
1975   -0.257   -0.416   -1.207    1.988    2.906    4.782    4.443    6.364    4.784    4.395    2.060    0.949
1976   -0.244    0.277   -0.014    1.639    1.689    3.798    5.392    5.421    4.422    2.564    1.993    1.022
1977   -0.519   -1.278    1.105    1.074    3.366    5.135    6.199    4.795    5.105    3.091    2.535    0.189
1978   -1.456   -1.013   -0.081    1.374    4.039    5.112    5.774    5.686    5.157    3.709    2.875    1.110
1979   -0.357   -0.596   -0.802    0.510    3.663    4.836    5.587    4.824    4.154    3.371    2.702    0.439
1980   -1.718   -1.836   -0.880    1.206    2.701    5.229    5.536    5.531    5.146    3.482    1.767    0.856
1981   -1.362   -0.483    0.566    0.174    2.033    3.941    5.568    5.863    4.828    3.742    2.033    1.269
1982   -1.268   -1.394    0.168    1.300    2.341    4.598    4.645    5.571    4.092    1.959    0.913   -2.004
1983   -0.724   -3.512   -0.478    0.366    2.604    4.166    5.551    5.355    5.252    4.351    2.656    0.393
1984   -2.988   -1.842    0.836    1.906    3.715    5.501    7.036    5.772    4.091    3.156    1.652    0.201
1985   -1.110   -2.015    1.028    0.217    3.213    3.985    4.845    6.030    4.514    4.207    2.267    1.464
1986   -1.598   -1.765    0.035    2.046    3.149    4.015    4.420    4.787    4.287    3.769    1.775    0.133
1987   -1.233   -0.903   -1.638    0.158    0.654    4.667    4.650    5.183    4.878    4.151    2.671    0.892
1988   -0.296   -0.508   -0.936    1.478    2.565    5.238    5.273    4.602    4.198    2.430    0.719    0.408
1989   -2.063   -1.447   -0.538    0.311    4.291    5.363    5.782    6.297    4.501    4.143    3.296   -0.292
1990   -1.469   -1.345   -0.423    1.193    3.129    4.880    4.684    5.727    5.122    2.800    1.780    0.086
1991   -0.480   -0.992    1.285    0.364    1.836    3.053    5.258    5.141    4.433    1.270   -0.049    0.029
1992   -0.962   -4.576   -0.207    0.467    1.973    4.788    5.744    5.720    4.494    3.785    2.910    0.874
1993   -0.148   -0.278   -1.286    0.339    1.814    4.572    5.949    4.543    4.569    3.617    2.092   -0.345
1994   -1.900   -3.363   -0.475    0.236    2.317    4.759    4.829    5.167    4.023    1.862    0.656    0.432
1995   -1.993   -3.244   -0.652   -0.307    2.607    3.835    5.260    5.553    4.820    4.042    1.859    0.556
1996   -1.328   -1.640   -0.046   -0.748    2.059    4.048    5.777    5.446    5.053    4.169    2.142   -0.671
1997   -1.709   -1.847    0.279   -0.106    2.445    5.083    5.356    6.558    5.145    2.160    0.321   -0.481
1998   -0.901   -2.634   -2.404   -1.352    1.185    4.682    4.721    5.328    5.769    4.265    3.698    1.525
1999    0.638    0.036   -0.303    2.083    3.749    4.657    5.483    5.108    4.685    4.190    2.869    1.059
2000   -0.923   -1.578   -0.228    0.916    3.629    4.916    4.862    4.819    4.401    3.374    2.373    0.006
2001   -3.456   -0.559    0.133    1.424    3.087    4.822    5.547    5.095    3.897    4.725    2.914    1.104
2002   -2.621   -1.765   -1.142    0.761    2.626    5.143    5.297    5.749    4.993    3.713    0.615    0.182
2003   -0.958   -1.906    0.287    1.593    2.013    4.625    5.176    4.578    5.092    3.451    2.048    0.063
2004   -1.109   -2.516   -0.591    0.258    2.570    5.015    4.962    6.141    4.622    3.241    2.323    0.543
2005   -0.556   -1.782   -0.821   -0.143    1.277    4.291    5.545    5.482    4.355    3.915    3.667    0.707
2006   -0.456   -0.178   -0.046    1.378    3.353    5.177    5.952    5.430    4.933    2.957    1.618   -0.528
2007   -1.477   -3.290   -1.025    0.810    3.523    5.654    5.876    5.993    5.644    3.958    1.847   -0.807
2008   -0.891   -2.040   -0.912    2.070    2.898    4.733    5.184    4.856    4.103    2.531    1.273   -0.228
2009   -1.567   -1.403    0.327    1.114    2.488    3.879    5.751    5.501    5.010    2.836    1.798   -0.151
2010   -1.267   -1.725   -0.176    0.953    3.085    4.784    4.979    5.207    5.306    3.492    2.044    1.246
2011   -1.430   -2.371   -0.684    1.903    3.549    4.827    5.496    5.453    4.962    4.142    1.859   -0.078
2012   -2.135   -2.313   -0.764    0.449    2.103    4.108    4.878    5.445    5.157    3.466    1.532   -0.121
2013   -1.459   -0.646   -0.549    1.089    3.658    5.059    4.886    5.019    4.509    3.508    2.288    0.651
2014   -0.836   -2.331   -0.424    0.990    3.012    4.755    4.994    5.115 -999.999 -999.999 -999.999 -999.999