213.169196176085
78.7530180792752
132.466904780801
132.466904780801
213.169196176085
213.169196176085
213.169196176085
78.7530180792752
78.7530180792752
213.169196176085
78.7530180792752
117.762110252115
213.169196176085
213.169196176085
213.169196176085
78.7530180792752
132.466904780801
213.169196176085
41.7313382645249
132.466904780801
117.762110252115
132.466904780801
117.762110252115
78.7530180792752
213.169196176085
132.466904780801
78.7530180792752
78.7530180792752
78.7530180792752
132.466904780801
78.7530180792752
213.169196176085
213.169196176085
78.7530180792752
213.169196176085
78.7530180792752
213.169196176085
132.466904780801
78.7530180792752
213.169196176085
78.7530180792752
117.762110252115
78.7530180792752
44.6623858738099
132.466904780801
41.7313382645249
213.169196176085
41.7313382645249
78.7530180792752
78.7530180792752
132.466904780801
78.7530180792752
78.7530180792752
41.7313382645249
213.169196176085
132.466904780801
78.7530180792752
78.7530180792752
78.7530180792752
132.466904780801
213.169196176085
132.466904780801
132.466904780801
78.7530180792752
78.7530180792752
41.7313382645249
41.7313382645249
213.169196176085
78.7530180792752
78.7530180792752
132.466904780801
117.762110252115
132.466904780801
78.7530180792752
117.762110252115
132.466904780801
41.7313382645249
78.7530180792752
78.7530180792752
78.7530180792752
78.7530180792752
78.7530180792752
213.169196176085
41.7313382645249
78.7530180792752
132.466904780801
78.7530180792752
78.7530180792752
41.7313382645249
78.7530180792752
132.466904780801
213.169196176085
78.7530180792752
78.7530180792752
117.762110252115
78.7530180792752
78.7530180792752
132.466904780801
213.169196176085
213.169196176085
78.7530180792752
78.7530180792752
132.466904780801
117.762110252115
78.7530180792752
41.7313382645249
78.7530180792752
78.7530180792752
117.762110252115
78.7530180792752
117.762110252115
78.7530180792752
78.7530180792752
213.169196176085
132.466904780801
213.169196176085
132.466904780801
213.169196176085
78.7530180792752
78.7530180792752
132.466904780801
41.7313382645249
78.7530180792752
78.7530180792752
132.466904780801
132.466904780801
78.7530180792752
78.7530180792752
78.7530180792752
117.762110252115
44.6623858738099
78.7530180792752
78.7530180792752
213.169196176085
78.7530180792752
213.169196176085
213.169196176085
44.6623858738099
78.7530180792752
132.466904780801
78.7530180792752
78.7530180792752
78.7530180792752
213.169196176085
213.169196176085
78.7530180792752
117.762110252115
213.169196176085
213.169196176085
78.7530180792752
213.169196176085
44.6623858738099
117.762110252115
78.7530180792752
117.762110252115
44.6623858738099
41.7313382645249
78.7530180792752
78.7530180792752
117.762110252115
132.466904780801
44.6623858738099
78.7530180792752
117.762110252115
213.169196176085
78.7530180792752
78.7530180792752
78.7530180792752
78.7530180792752
213.169196176085
41.7313382645249
41.7313382645249
132.466904780801
213.169196176085
78.7530180792752
132.466904780801
132.466904780801
78.7530180792752
213.169196176085
213.169196176085
78.7530180792752
213.169196176085
44.6623858738099
41.7313382645249
213.169196176085
213.169196176085
78.7530180792752
44.6623858738099
132.466904780801
78.7530180792752
78.7530180792752
78.7530180792752
213.169196176085
78.7530180792752
78.7530180792752
132.466904780801
78.7530180792752
213.169196176085
132.466904780801
117.762110252115
78.7530180792752
213.169196176085
213.169196176085
78.7530180792752
213.169196176085
78.7530180792752
213.169196176085
213.169196176085
213.169196176085
44.6623858738099
213.169196176085
78.7530180792752
41.7313382645249
213.169196176085
44.6623858738099
78.7530180792752
78.7530180792752
213.169196176085
78.7530180792752
78.7530180792752
41.7313382645249
78.7530180792752
213.169196176085
78.7530180792752
78.7530180792752
44.6623858738099
41.7313382645249
132.466904780801
41.7313382645249
78.7530180792752
78.7530180792752
78.7530180792752
78.7530180792752
78.7530180792752
117.762110252115
78.7530180792752
78.7530180792752
78.7530180792752
213.169196176085
132.466904780801
132.466904780801
78.7530180792752
78.7530180792752
78.7530180792752
78.7530180792752
41.7313382645249
78.7530180792752
132.466904780801
44.6623858738099
78.7530180792752
44.6623858738099
41.7313382645249
213.169196176085
213.169196176085
213.169196176085
78.7530180792752
78.7530180792752
78.7530180792752
213.169196176085
41.7313382645249
213.169196176085
78.7530180792752
78.7530180792752
78.7530180792752
78.7530180792752
78.7530180792752
213.169196176085
41.7313382645249
78.7530180792752
41.7313382645249
78.7530180792752
132.466904780801
78.7530180792752
213.169196176085
44.6623858738099
41.7313382645249
78.7530180792752
78.7530180792752
78.7530180792752
78.7530180792752
78.7530180792752
41.7313382645249
213.169196176085
78.7530180792752
44.6623858738099
132.466904780801
213.169196176085
78.7530180792752
78.7530180792752
78.7530180792752
117.762110252115
117.762110252115
78.7530180792752
78.7530180792752
117.762110252115
78.7530180792752
132.466904780801
117.762110252115
44.6623858738099
78.7530180792752
