1003.20333333333 1003.901 1003.96966666667 1003.814 1003.386 1002.983 1002.74566666667 1002.565 1002.68466666667 1003.23466666667 1003.59666666667 1003.67766666667 1003.747 1003.94833333333 1004.45833333333 1004.75066666667 1004.31166666667 1003.60433333333 1002.58933333333 1001.98633333333 1002.053 1002.50833333333 1003.725 1004.25333333333 1004.78466666667 1004.85866666667 1005.372
1003.747 1003.94833333333 1004.45833333333 1004.75066666667 1004.31166666667 1003.60433333333 1002.58933333333 1001.98633333333 1002.053 1002.50833333333 1003.725 1004.25333333333 1004.78466666667 1004.85866666667 1005.372 1004.93466666667 1004.39933333333 1002.82 1002.17966666667 1001.558 1001.95466666667 1002.41666666667 1003.07266666667 1003.83133333333 1004.38266666667 1004.85666666667 1004.63366666667
1004.78466666667 1004.85866666667 1005.372 1004.93466666667 1004.39933333333 1002.82 1002.17966666667 1001.558 1001.95466666667 1002.41666666667 1003.07266666667 1003.83133333333 1004.38266666667 1004.85666666667 1004.63366666667 1004.26566666667 1003.52066666667 1003.135 1002.69166666667 1002.94466666667 1002.898 1003.25466666667 1003.80766666667 1004.01566666667 1004.63966666667 1004.282 1004.67866666667
1004.38266666667 1004.85666666667 1004.63366666667 1004.26566666667 1003.52066666667 1003.135 1002.69166666667 1002.94466666667 1002.898 1003.25466666667 1003.80766666667 1004.01566666667 1004.63966666667 1004.282 1004.67866666667 1004.42433333333 1003.97266666667 1003.30133333333 1002.64133333333 1002.659 1003.005 1003.388 1003.76966666667 1003.78433333333 1003.80333333333 1004.33466666667 1004.72166666667
1004.63966666667 1004.282 1004.67866666667 1004.42433333333 1003.97266666667 1003.30133333333 1002.64133333333 1002.659 1003.005 1003.388 1003.76966666667 1003.78433333333 1003.80333333333 1004.33466666667 1004.72166666667 1004.94866666667 1004.24633333333 1003.287 1002.627 1002.26233333333 1002.56366666667 1002.85733333333 1003.323 1003.53566666667 1004.15266666667 1004.57933333333 1004.924
1003.80333333333 1004.33466666667 1004.72166666667 1004.94866666667 1004.24633333333 1003.287 1002.627 1002.26233333333 1002.56366666667 1002.85733333333 1003.323 1003.53566666667 1004.15266666667 1004.57933333333 1004.924 1004.474 1003.97333333333 1003.45333333333 1003.198 1002.977 1003.18033333333 1003.647 1004.184 1004.30533333333 1004.32933333333 1004.70933333333 1005.26233333333
1004.15266666667 1004.57933333333 1004.924 1004.474 1003.97333333333 1003.45333333333 1003.198 1002.977 1003.18033333333 1003.647 1004.184 1004.30533333333 1004.32933333333 1004.70933333333 1005.26233333333 1005.358 1004.62166666667 1003.681 1002.96433333333 1002.70266666667 1002.75 1002.986 1003.17 1003.932 1004.372 1004.51133333333 1003.613
1004.32933333333 1004.70933333333 1005.26233333333 1005.358 1004.62166666667 1003.681 1002.96433333333 1002.70266666667 1002.75 1002.986 1003.17 1003.932 1004.372 1004.51133333333 1003.613 1003.23666666667 1002.82766666667 1002.66633333333 1002.069 1001.99466666667 1002.20266666667 1002.69966666667 1003.546 1003.97633333333 1003.934 1003.93 1002.98266666667
1004.372 1004.51133333333 1003.613 1003.23666666667 1002.82766666667 1002.66633333333 1002.069 1001.99466666667 1002.20266666667 1002.69966666667 1003.546 1003.97633333333 1003.934 1003.93 1002.98266666667 1003.18666666667 1002.24333333333 1002.31066666667 1001.983 1002.49633333333 1002.98066666667 1003.132 1003.26833333333 1003.732 1004.071 1004.21466666667 1004.382
1003.934 1003.93 1002.98266666667 1003.18666666667 1002.24333333333 1002.31066666667 1001.983 1002.49633333333 1002.98066666667 1003.132 1003.26833333333 1003.732 1004.071 1004.21466666667 1004.382 1004.074 1003.63433333333 1002.87133333333 1002.28366666667 1002.47433333333 1002.59733333333 1003.38666666667 1003.819 1004.506 1004.838 1005.03733333333 1005.43833333333
1004.071 1004.21466666667 1004.382 1004.074 1003.63433333333 1002.87133333333 1002.28366666667 1002.47433333333 1002.59733333333 1003.38666666667 1003.819 1004.506 1004.838 1005.03733333333 1005.43833333333 1005.148 1004.69866666667 1003.89333333333 1003.32433333333 1003.26466666667 1003.21933333333 1003.82166666667 1003.912 1004.078 1004.48533333333 1004.445 1004.475
1004.838 1005.03733333333 1005.43833333333 1005.148 1004.69866666667 1003.89333333333 1003.32433333333 1003.26466666667 1003.21933333333 1003.82166666667 1003.912 1004.078 1004.48533333333 1004.445 1004.475 1003.54333333333 1003.19633333333 1002.455 1002.44233333333 1002.216 1002.50133333333 1002.39566666667 1002.70066666667 1003.03566666667 1003.86833333333 1003.75866666667 1004.04
1004.48533333333 1004.445 1004.475 1003.54333333333 1003.19633333333 1002.455 1002.44233333333 1002.216 1002.50133333333 1002.39566666667 1002.70066666667 1003.03566666667 1003.86833333333 1003.75866666667 1004.04 1003.51133333333 1003.45766666667 1002.49866666667 1002.47833333333 1002.37933333333 1002.712 1002.725 1003.13633333333 1003.72366666667 1004.29 1004.48233333333 1004.56266666667
1003.86833333333 1003.75866666667 1004.04 1003.51133333333 1003.45766666667 1002.49866666667 1002.47833333333 1002.37933333333 1002.712 1002.725 1003.13633333333 1003.72366666667 1004.29 1004.48233333333 1004.56266666667 1004.58733333333 1003.952 1002.96 1002.10066666667 1002.409 1002.889 1003.276 1003.435 1003.77833333333 1004.088 1004.257 1004.55466666667
1004.29 1004.48233333333 1004.56266666667 1004.58733333333 1003.952 1002.96 1002.10066666667 1002.409 1002.889 1003.276 1003.435 1003.77833333333 1004.088 1004.257 1004.55466666667 1004.28 1003.79266666667 1002.95533333333 1002.604 1002.53833333333 1002.73333333333 1003.32933333333 1003.61466666667 1004.27833333333 1004.354 1005.24266666667 1005.24866666667
1004.088 1004.257 1004.55466666667 1004.28 1003.79266666667 1002.95533333333 1002.604 1002.53833333333 1002.73333333333 1003.32933333333 1003.61466666667 1004.27833333333 1004.354 1005.24266666667 1005.24866666667 1005.271 1004.378 1003.51233333333 1002.513 1002.398 1002.64 1003.18833333333 1003.489 1003.872 1004.50366666667 1004.78766666667 1005.11733333333
1004.354 1005.24266666667 1005.24866666667 1005.271 1004.378 1003.51233333333 1002.513 1002.398 1002.64 1003.18833333333 1003.489 1003.872 1004.50366666667 1004.78766666667 1005.11733333333 1004.894 1004.52733333333 1003.62233333333 1003.00566666667 1002.63 1003.105 1003.57 1004.238 1003.932 1003.99233333333 1003.74433333333 1003.774
1004.50366666667 1004.78766666667 1005.11733333333 1004.894 1004.52733333333 1003.62233333333 1003.00566666667 1002.63 1003.105 1003.57 1004.238 1003.932 1003.99233333333 1003.74433333333 1003.774 1003.74466666667 1003.40966666667 1003.24966666667 1002.44266666667 1002.26966666667 1002.435 1003.349 1004.08466666667 1004.33066666667 1004.45066666667 1004.52533333333 1004.64666666667
1003.99233333333 1003.74433333333 1003.774 1003.74466666667 1003.40966666667 1003.24966666667 1002.44266666667 1002.26966666667 1002.435 1003.349 1004.08466666667 1004.33066666667 1004.45066666667 1004.52533333333 1004.64666666667 1004.25566666667 1003.54466666667 1002.81366666667 1002.15133333333 1001.79566666667 1001.85266666667 1002.39933333333 1002.793 1003.03633333333 1003.61066666667 1003.91833333333 1004.07133333333
1004.45066666667 1004.52533333333 1004.64666666667 1004.25566666667 1003.54466666667 1002.81366666667 1002.15133333333 1001.79566666667 1001.85266666667 1002.39933333333 1002.793 1003.03633333333 1003.61066666667 1003.91833333333 1004.07133333333 1003.311 1002.88466666667 1002.61633333333 1002.386 1002.27933333333 1002.29333333333 1002.23633333333 1002.61533333333 1002.67733333333 1003.40333333333 1003.81633333333 1004.012
1003.61066666667 1003.91833333333 1004.07133333333 1003.311 1002.88466666667 1002.61633333333 1002.386 1002.27933333333 1002.29333333333 1002.23633333333 1002.61533333333 1002.67733333333 1003.40333333333 1003.81633333333 1004.012 1004.21466666667 1004.015 1003.74933333333 1003.249 1002.95066666667 1003.30833333333 1003.89266666667 1004.761 1005.109 1005.054 1004.75766666667 1004.95133333333
1003.40333333333 1003.81633333333 1004.012 1004.21466666667 1004.015 1003.74933333333 1003.249 1002.95066666667 1003.30833333333 1003.89266666667 1004.761 1005.109 1005.054 1004.75766666667 1004.95133333333 1004.7 1004.19266666667 1002.93333333333 1002.27333333333 1001.91366666667 1002.304 1002.55 1002.82633333333 1002.821 1003.115 1002.94533333333 1003.444
1005.054 1004.75766666667 1004.95133333333 1004.7 1004.19266666667 1002.93333333333 1002.27333333333 1001.91366666667 1002.304 1002.55 1002.82633333333 1002.821 1003.115 1002.94533333333 1003.444 1002.58366666667 1002.471 1001.78933333333 1002.353 1002.341 1002.66666666667 1002.66766666667 1002.923 1002.90333333333 1003.077 1003.14233333333 1002.97266666667
1003.115 1002.94533333333 1003.444 1002.58366666667 1002.471 1001.78933333333 1002.353 1002.341 1002.66666666667 1002.66766666667 1002.923 1002.90333333333 1003.077 1003.14233333333 1002.97266666667 1002.67166666667 1002.29233333333 1002.10533333333 1001.89166666667 1001.754 1001.85566666667 1002.29066666667 1002.74866666667 1002.677 1002.65733333333 1002.564 1002.813
1003.077 1003.14233333333 1002.97266666667 1002.67166666667 1002.29233333333 1002.10533333333 1001.89166666667 1001.754 1001.85566666667 1002.29066666667 1002.74866666667 1002.677 1002.65733333333 1002.564 1002.813 1002.71966666667 1002.70566666667 1002.33633333333 1002.075 1001.92566666667 1002.14766666667 1002.472 1002.78366666667 1003.092 1003.75633333333 1004.087 1004.61466666667
1002.65733333333 1002.564 1002.813 1002.71966666667 1002.70566666667 1002.33633333333 1002.075 1001.92566666667 1002.14766666667 1002.472 1002.78366666667 1003.092 1003.75633333333 1004.087 1004.61466666667 1004.04133333333 1003.42733333333 1002.45433333333 1002.13533333333 1002.35766666667 1002.75366666667 1003.404 1003.709 1003.854 1003.84333333333 1004.34266666667 1004.43766666667
1003.75633333333 1004.087 1004.61466666667 1004.04133333333 1003.42733333333 1002.45433333333 1002.13533333333 1002.35766666667 1002.75366666667 1003.404 1003.709 1003.854 1003.84333333333 1004.34266666667 1004.43766666667 1004.27 1003.48366666667 1002.809 1002.36966666667 1002.34766666667 1002.66366666667 1003.05866666667 1003.42933333333 1003.694 1003.97 1003.98933333333 1004.13666666667
1003.84333333333 1004.34266666667 1004.43766666667 1004.27 1003.48366666667 1002.809 1002.36966666667 1002.34766666667 1002.66366666667 1003.05866666667 1003.42933333333 1003.694 1003.97 1003.98933333333 1004.13666666667 1003.83033333333 1003.49466666667 1002.88233333333 1002.86266666667 1002.72966666667 1002.939 1003 1003.62966666667 1003.898 1003.95966666667 1003.84233333333 1004.15133333333
1003.97 1003.98933333333 1004.13666666667 1003.83033333333 1003.49466666667 1002.88233333333 1002.86266666667 1002.72966666667 1002.939 1003 1003.62966666667 1003.898 1003.95966666667 1003.84233333333 1004.15133333333 1004.34533333333 1004.209 1003.36833333333 1002.456 1002.19166666667 1002.43833333333 1002.942 1003.18966666667 1003.37466666667 1003.39 1003.493 1003.62733333333
1003.95966666667 1003.84233333333 1004.15133333333 1004.34533333333 1004.209 1003.36833333333 1002.456 1002.19166666667 1002.43833333333 1002.942 1003.18966666667 1003.37466666667 1003.39 1003.493 1003.62733333333 1003.59533333333 1003.106 1002.711 1002.47 1002.57933333333 1002.65133333333 1003.09633333333 1003.70433333333 1003.809 1003.80566666667 1003.85733333333 1004.11966666667
1003.39 1003.493 1003.62733333333 1003.59533333333 1003.106 1002.711 1002.47 1002.57933333333 1002.65133333333 1003.09633333333 1003.70433333333 1003.809 1003.80566666667 1003.85733333333 1004.11966666667 1004.012 1003.41366666667 1002.79533333333 1001.96566666667 1001.74866666667 1001.82866666667 1002.38166666667 1002.608 1002.82433333333 1002.9 1003.05833333333 1003.23933333333
1003.80566666667 1003.85733333333 1004.11966666667 1004.012 1003.41366666667 1002.79533333333 1001.96566666667 1001.74866666667 1001.82866666667 1002.38166666667 1002.608 1002.82433333333 1002.9 1003.05833333333 1003.23933333333 1003.181 1002.62933333333 1002.20333333333 1002.178 1002.31466666667 1002.32466666667 1002.598 1002.93733333333 1002.993 1003.04866666667 1003.45166666667 1003.73166666667
1002.9 1003.05833333333 1003.23933333333 1003.181 1002.62933333333 1002.20333333333 1002.178 1002.31466666667 1002.32466666667 1002.598 1002.93733333333 1002.993 1003.04866666667 1003.45166666667 1003.73166666667 1003.64733333333 1002.99233333333 1002.37166666667 1002.09766666667 1002.15466666667 1002.54833333333 1002.79033333333 1003.09666666667 1003.17566666667 1003.374 1003.738 1004.14633333333
1003.04866666667 1003.45166666667 1003.73166666667 1003.64733333333 1002.99233333333 1002.37166666667 1002.09766666667 1002.15466666667 1002.54833333333 1002.79033333333 1003.09666666667 1003.17566666667 1003.374 1003.738 1004.14633333333 1004.24066666667 1003.784 1002.77066666667 1002.19133333333 1001.841 1002.20233333333 1002.294 1002.323 1002.341 1002.01666666667 1002.04866666667 1002.21
1003.374 1003.738 1004.14633333333 1004.24066666667 1003.784 1002.77066666667 1002.19133333333 1001.841 1002.20233333333 1002.294 1002.323 1002.341 1002.01666666667 1002.04866666667 1002.21 1002.499 1002.56133333333 1002.37966666667 1002.11733333333 1001.837 1001.92966666667 1002.41333333333 1002.70133333333 1002.723 1002.52933333333 1002.708 1002.67566666667
1002.01666666667 1002.04866666667 1002.21 1002.499 1002.56133333333 1002.37966666667 1002.11733333333 1001.837 1001.92966666667 1002.41333333333 1002.70133333333 1002.723 1002.52933333333 1002.708 1002.67566666667 1002.852 1002.756 1002.513 1002.134 1001.80866666667 1002.23333333333 1002.77633333333 1003.279 1003.306 1002.99433333333 1003.265 1003.34533333333
1002.52933333333 1002.708 1002.67566666667 1002.852 1002.756 1002.513 1002.134 1001.80866666667 1002.23333333333 1002.77633333333 1003.279 1003.306 1002.99433333333 1003.265 1003.34533333333 1003.68833333333 1003.04766666667 1002.533 1001.68066666667 1001.49366666667 1001.73233333333 1002.325 1003.01366666667 1003.032 1003.109 1003.416 1003.70266666667
