1009.77366666667 1009.942 1010.88633333333 1010.95433333333 1011.08566666667 1010.62433333333 1010.49633333333 1009.97366666667 1010.08866666667 1009.063 1009.619 1009.79433333333 1010.921 1011.03766666667 1011.73866666667 1012.523 1012.73266666667 1012.304 1011.53866666667 1010.588 1009.78833333333 1009.12233333333 1008.83233333333 1009.422 1010.516 1011.96933333333 1013.04266666667
1010.921 1011.03766666667 1011.73866666667 1012.523 1012.73266666667 1012.304 1011.53866666667 1010.588 1009.78833333333 1009.12233333333 1008.83233333333 1009.422 1010.516 1011.96933333333 1013.04266666667 1013.32833333333 1013.17733333333 1012.05066666667 1011.26633333333 1009.88466666667 1009.57 1009.09133333333 1009.285 1009.025 1010.003 1011.16033333333 1012.29766666667
1010.516 1011.96933333333 1013.04266666667 1013.32833333333 1013.17733333333 1012.05066666667 1011.26633333333 1009.88466666667 1009.57 1009.09133333333 1009.285 1009.025 1010.003 1011.16033333333 1012.29766666667 1012.35466666667 1012.428 1012.23366666667 1011.941 1011.542 1010.78833333333 1010.128 1009.39766666667 1009.673 1010.162 1011.18166666667 1012.10833333333
1010.003 1011.16033333333 1012.29766666667 1012.35466666667 1012.428 1012.23366666667 1011.941 1011.542 1010.78833333333 1010.128 1009.39766666667 1009.673 1010.162 1011.18166666667 1012.10833333333 1012.73766666667 1012.708 1012.04033333333 1011.64233333333 1011.09633333333 1010.692 1009.43433333333 1009.24966666667 1009.512 1010.31666666667 1010.81466666667 1011.40266666667
1010.162 1011.18166666667 1012.10833333333 1012.73766666667 1012.708 1012.04033333333 1011.64233333333 1011.09633333333 1010.692 1009.43433333333 1009.24966666667 1009.512 1010.31666666667 1010.81466666667 1011.40266666667 1012.545 1012.70733333333 1012.28966666667 1011.402 1010.67733333333 1009.422 1008.99566666667 1008.921 1009.79666666667 1009.928 1010.59866666667 1011.35233333333
1010.31666666667 1010.81466666667 1011.40266666667 1012.545 1012.70733333333 1012.28966666667 1011.402 1010.67733333333 1009.422 1008.99566666667 1008.921 1009.79666666667 1009.928 1010.59866666667 1011.35233333333 1011.88766666667 1012.085 1011.90033333333 1011.41466666667 1010.08966666667 1009.24966666667 1008.87066666667 1009.17833333333 1010.122 1011.563 1013.64566666667 1014.93266666667
1009.928 1010.59866666667 1011.35233333333 1011.88766666667 1012.085 1011.90033333333 1011.41466666667 1010.08966666667 1009.24966666667 1008.87066666667 1009.17833333333 1010.122 1011.563 1013.64566666667 1014.93266666667 1015.57766666667 1015.09 1014.209 1013.01466666667 1012.05333333333 1011.26533333333 1010.743 1010.49266666667 1010.42133333333 1010.74166666667 1011.20233333333 1011.322
1011.563 1013.64566666667 1014.93266666667 1015.57766666667 1015.09 1014.209 1013.01466666667 1012.05333333333 1011.26533333333 1010.743 1010.49266666667 1010.42133333333 1010.74166666667 1011.20233333333 1011.322 1011.76166666667 1011.76666666667 1011.71033333333 1011.01633333333 1010.02233333333 1009.47633333333 1009.14466666667 1008.86266666667 1009.201 1009.11666666667 1010.04466666667 1010.22866666667
1010.74166666667 1011.20233333333 1011.322 1011.76166666667 1011.76666666667 1011.71033333333 1011.01633333333 1010.02233333333 1009.47633333333 1009.14466666667 1008.86266666667 1009.201 1009.11666666667 1010.04466666667 1010.22866666667 1011.114 1010.737 1010.257 1009.56633333333 1009.671 1009.52866666667 1009.563 1009.92266666667 1010.44666666667 1010.65366666667 1010.74033333333 1010.974
1009.11666666667 1010.04466666667 1010.22866666667 1011.114 1010.737 1010.257 1009.56633333333 1009.671 1009.52866666667 1009.563 1009.92266666667 1010.44666666667 1010.65366666667 1010.74033333333 1010.974 1011.48133333333 1011.63333333333 1011.213 1010.389 1009.77133333333 1008.21133333333 1007.91866666667 1008.47966666667 1010.57133333333 1011.10866666667 1011.66633333333 1012.43033333333
1010.65366666667 1010.74033333333 1010.974 1011.48133333333 1011.63333333333 1011.213 1010.389 1009.77133333333 1008.21133333333 1007.91866666667 1008.47966666667 1010.57133333333 1011.10866666667 1011.66633333333 1012.43033333333 1013.74966666667 1013.72666666667 1013.27033333333 1012.23233333333 1011.54633333333 1010.90966666667 1010.02866666667 1009.95366666667 1010.104 1011.321 1011.84133333333 1012.41533333333
1011.10866666667 1011.66633333333 1012.43033333333 1013.74966666667 1013.72666666667 1013.27033333333 1012.23233333333 1011.54633333333 1010.90966666667 1010.02866666667 1009.95366666667 1010.104 1011.321 1011.84133333333 1012.41533333333 1012.393 1012.42766666667 1011.96633333333 1011.696 1010.897 1010.916 1010.11266666667 1009.82133333333 1009.56333333333 1010.169 1010.76 1011.065
1011.321 1011.84133333333 1012.41533333333 1012.393 1012.42766666667 1011.96633333333 1011.696 1010.897 1010.916 1010.11266666667 1009.82133333333 1009.56333333333 1010.169 1010.76 1011.065 1011.08 1010.62233333333 1010.584 1010.64833333333 1010.82233333333 1009.87166666667 1009.36233333333 1008.95666666667 1009.29166666667 1009.72733333333 1010.607 1012.26466666667
1010.169 1010.76 1011.065 1011.08 1010.62233333333 1010.584 1010.64833333333 1010.82233333333 1009.87166666667 1009.36233333333 1008.95666666667 1009.29166666667 1009.72733333333 1010.607 1012.26466666667 1012.93566666667 1012.991 1011.75966666667 1010.92666666667 1009.88866666667 1009.07 1008.85466666667 1009.37733333333 1009.69633333333 1010.184 1011.09266666667 1012.45066666667
1009.72733333333 1010.607 1012.26466666667 1012.93566666667 1012.991 1011.75966666667 1010.92666666667 1009.88866666667 1009.07 1008.85466666667 1009.37733333333 1009.69633333333 1010.184 1011.09266666667 1012.45066666667 1012.89933333333 1012.60333333333 1011.89733333333 1011.285 1010.832 1009.38366666667 1008.87766666667 1008.31733333333 1009.385 1010.45433333333 1012.14333333333 1013.51866666667
1010.184 1011.09266666667 1012.45066666667 1012.89933333333 1012.60333333333 1011.89733333333 1011.285 1010.832 1009.38366666667 1008.87766666667 1008.31733333333 1009.385 1010.45433333333 1012.14333333333 1013.51866666667 1014.53233333333 1014.11066666667 1013.16933333333 1011.65233333333 1011.18666666667 1010.27533333333 1009.231 1008.303 1008.59766666667 1010.47866666667 1012.00833333333 1013.33066666667
1010.45433333333 1012.14333333333 1013.51866666667 1014.53233333333 1014.11066666667 1013.16933333333 1011.65233333333 1011.18666666667 1010.27533333333 1009.231 1008.303 1008.59766666667 1010.47866666667 1012.00833333333 1013.33066666667 1013.152 1013.002 1012.44433333333 1011.98333333333 1011.17566666667 1010.41866666667 1009.96466666667 1009.87766666667 1010.219 1010.551 1011.047 1011.368
1010.47866666667 1012.00833333333 1013.33066666667 1013.152 1013.002 1012.44433333333 1011.98333333333 1011.17566666667 1010.41866666667 1009.96466666667 1009.87766666667 1010.219 1010.551 1011.047 1011.368 1011.93966666667 1011.93733333333 1011.69933333333 1010.95366666667 1009.831 1009.18566666667 1008.27266666667 1008.70766666667 1009.491 1010.97533333333 1012.28366666667 1012.93566666667
1010.551 1011.047 1011.368 1011.93966666667 1011.93733333333 1011.69933333333 1010.95366666667 1009.831 1009.18566666667 1008.27266666667 1008.70766666667 1009.491 1010.97533333333 1012.28366666667 1012.93566666667 1013.15733333333 1012.88466666667 1012.325 1011.928 1011.356 1010.95533333333 1010.394 1009.86466666667 1009.968 1010.54633333333 1011.311 1011.638
1010.97533333333 1012.28366666667 1012.93566666667 1013.15733333333 1012.88466666667 1012.325 1011.928 1011.356 1010.95533333333 1010.394 1009.86466666667 1009.968 1010.54633333333 1011.311 1011.638 1011.775 1011.68266666667 1011.641 1011.44366666667 1010.80566666667 1010.30633333333 1009.089 1009.38433333333 1009.026 1009.084 1009.462 1010.28166666667
1010.54633333333 1011.311 1011.638 1011.775 1011.68266666667 1011.641 1011.44366666667 1010.80566666667 1010.30633333333 1009.089 1009.38433333333 1009.026 1009.084 1009.462 1010.28166666667 1011.71533333333 1011.77233333333 1011.51733333333 1010.963 1010.19 1009.283 1008.889 1009.79266666667 1011.40333333333 1012.42733333333 1013.37266666667 1014.38033333333
1009.084 1009.462 1010.28166666667 1011.71533333333 1011.77233333333 1011.51733333333 1010.963 1010.19 1009.283 1008.889 1009.79266666667 1011.40333333333 1012.42733333333 1013.37266666667 1014.38033333333 1015.12866666667 1015.142 1014.203 1013.27266666667 1012 1011.345 1010.625 1010.68233333333 1010.64733333333 1011.019 1010.92966666667 1011.09333333333
1012.42733333333 1013.37266666667 1014.38033333333 1015.12866666667 1015.142 1014.203 1013.27266666667 1012 1011.345 1010.625 1010.68233333333 1010.64733333333 1011.019 1010.92966666667 1011.09333333333 1010.844 1010.906 1010.91333333333 1011.34666666667 1010.971 1010.84066666667 1010.58466666667 1010.97033333333 1010.30866666667 1010.488 1010.42966666667 1011.18566666667
1011.019 1010.92966666667 1011.09333333333 1010.844 1010.906 1010.91333333333 1011.34666666667 1010.971 1010.84066666667 1010.58466666667 1010.97033333333 1010.30866666667 1010.488 1010.42966666667 1011.18566666667 1011.31633333333 1011.50433333333 1011.16266666667 1010.87833333333 1010.34966666667 1009.971 1009.45866666667 1009.505 1009.84333333333 1010.19533333333 1010.74966666667 1010.94433333333
1010.488 1010.42966666667 1011.18566666667 1011.31633333333 1011.50433333333 1011.16266666667 1010.87833333333 1010.34966666667 1009.971 1009.45866666667 1009.505 1009.84333333333 1010.19533333333 1010.74966666667 1010.94433333333 1011.39466666667 1011.43233333333 1011.579 1010.807 1009.92933333333 1008.40566666667 1008.36033333333 1008.46233333333 1009.53966666667 1010.39433333333 1011.529 1012.48433333333
1010.19533333333 1010.74966666667 1010.94433333333 1011.39466666667 1011.43233333333 1011.579 1010.807 1009.92933333333 1008.40566666667 1008.36033333333 1008.46233333333 1009.53966666667 1010.39433333333 1011.529 1012.48433333333 1012.59133333333 1012.08066666667 1011.304 1010.775 1009.85666666667 1008.88166666667 1008.15533333333 1008.28766666667 1009.32466666667 1010.524 1011.809 1012.56233333333
1010.39433333333 1011.529 1012.48433333333 1012.59133333333 1012.08066666667 1011.304 1010.775 1009.85666666667 1008.88166666667 1008.15533333333 1008.28766666667 1009.32466666667 1010.524 1011.809 1012.56233333333 1012.779 1012.34366666667 1011.272 1010.75666666667 1010.372 1010.512 1009.87666666667 1009.37633333333 1009.37566666667 1009.95066666667 1011.27466666667 1011.854
1010.524 1011.809 1012.56233333333 1012.779 1012.34366666667 1011.272 1010.75666666667 1010.372 1010.512 1009.87666666667 1009.37633333333 1009.37566666667 1009.95066666667 1011.27466666667 1011.854 1011.966 1011.161 1011.079 1009.93366666667 1009.834 1008.31766666667 1009.04966666667 1008.56866666667 1009.43766666667 1009.495 1010.188 1011.55866666667
1009.95066666667 1011.27466666667 1011.854 1011.966 1011.161 1011.079 1009.93366666667 1009.834 1008.31766666667 1009.04966666667 1008.56866666667 1009.43766666667 1009.495 1010.188 1011.55866666667 1012.46666666667 1012.83533333333 1011.86866666667 1011.21533333333 1010.558 1010.11866666667 1009.53333333333 1009.83533333333 1010.28766666667 1011.044 1011.32333333333 1011.95833333333
1009.495 1010.188 1011.55866666667 1012.46666666667 1012.83533333333 1011.86866666667 1011.21533333333 1010.558 1010.11866666667 1009.53333333333 1009.83533333333 1010.28766666667 1011.044 1011.32333333333 1011.95833333333 1011.92866666667 1011.93533333333 1011.57 1011.483 1011.10233333333 1009.856 1009.09933333333 1008.58666666667 1009.81466666667 1010.80133333333 1012.23333333333 1012.426
1011.044 1011.32333333333 1011.95833333333 1011.92866666667 1011.93533333333 1011.57 1011.483 1011.10233333333 1009.856 1009.09933333333 1008.58666666667 1009.81466666667 1010.80133333333 1012.23333333333 1012.426 1012.37933333333 1011.88733333333 1011.64366666667 1011.025 1010.298 1009.674 1009.388 1009.42866666667 1009.203 1009.78933333333 1010.40866666667 1011.35733333333
1010.80133333333 1012.23333333333 1012.426 1012.37933333333 1011.88733333333 1011.64366666667 1011.025 1010.298 1009.674 1009.388 1009.42866666667 1009.203 1009.78933333333 1010.40866666667 1011.35733333333 1011.70633333333 1011.53 1011.31466666667 1011.12166666667 1010.808 1010.583 1010.339 1010.78066666667 1011.19333333333 1011.242 1011.44066666667 1011.571
1009.78933333333 1010.40866666667 1011.35733333333 1011.70633333333 1011.53 1011.31466666667 1011.12166666667 1010.808 1010.583 1010.339 1010.78066666667 1011.19333333333 1011.242 1011.44066666667 1011.571 1012.00633333333 1011.83833333333 1011.26633333333 1010.91066666667 1009.98233333333 1009.26833333333 1008.21066666667 1008.58 1009.04733333333 1009.966 1011.04666666667 1012.55266666667
1011.242 1011.44066666667 1011.571 1012.00633333333 1011.83833333333 1011.26633333333 1010.91066666667 1009.98233333333 1009.26833333333 1008.21066666667 1008.58 1009.04733333333 1009.966 1011.04666666667 1012.55266666667 1013.56133333333 1013.78266666667 1012.79833333333 1012.18766666667 1011.546 1011.535 1011.34266666667 1010.77333333333 1010.71666666667 1009.91033333333 1010.02 1009.97333333333
1009.966 1011.04666666667 1012.55266666667 1013.56133333333 1013.78266666667 1012.79833333333 1012.18766666667 1011.546 1011.535 1011.34266666667 1010.77333333333 1010.71666666667 1009.91033333333 1010.02 1009.97333333333 1010.68966666667 1010.755 1010.885 1010.917 1010.37533333333 1009.567 1009.14366666667 1009.78366666667 1010.437 1010.838 1011.11566666667 1011.423
1009.91033333333 1010.02 1009.97333333333 1010.68966666667 1010.755 1010.885 1010.917 1010.37533333333 1009.567 1009.14366666667 1009.78366666667 1010.437 1010.838 1011.11566666667 1011.423 1011.65433333333 1011.751 1011.12233333333 1010.75866666667 1009.76133333333 1009.6 1009.245 1009.33666666667 1009.93133333333 1010.60166666667 1011.63566666667 1012.20766666667
1010.838 1011.11566666667 1011.423 1011.65433333333 1011.751 1011.12233333333 1010.75866666667 1009.76133333333 1009.6 1009.245 1009.33666666667 1009.93133333333 1010.60166666667 1011.63566666667 1012.20766666667 1012.47666666667 1012.198 1011.677 1011.10333333333 1010.535 1010.22866666667 1009.179 1008.54633333333 1008.87733333333 1010.06733333333 1010.96266666667 1010.79666666667
