87.4378776743427 2.24679487179487 15.8701298701299 51.331240981241 117.258357916725 248.644252142981 361.359153492929 443.608049018504 444.440260216236 375.853553157603 345.48105507354 229.975621601746 150.386316199321 32.5828018223235 29.0207792207792 75.4982646008962 149.41227669767 246.051438997359 321.266699731232 369.045433748448 379.162369104857 662.030037498639 671.256210303568 548.570591422427 147.53570244018 26.2556389429479 18.3807689070785
150.386316199321 32.5828018223235 29.0207792207792 75.4982646008962 149.41227669767 246.051438997359 321.266699731232 369.045433748448 379.162369104857 662.030037498639 671.256210303568 548.570591422427 147.53570244018 26.2556389429479 18.3807689070785 15.7534361526373 35.074082288583 160.717935292572 467.481424764478 746.183605449837 902.79333352623 753.18838205247 578.008667022594 303.179622074755 148.988094008227 16.6786414149949 11.7375085543185
147.53570244018 26.2556389429479 18.3807689070785 15.7534361526373 35.074082288583 160.717935292572 467.481424764478 746.183605449837 902.79333352623 753.18838205247 578.008667022594 303.179622074755 148.988094008227 16.6786414149949 11.7375085543185 43.8948204714988 130.271701012906 255.318108611582 397.069644624611 488.294300096233 552.968769958834 561.537620880326 518.924681358525 330.040178468624 143.69757721452 15.0440684425904 26.6793312109102
148.988094008227 16.6786414149949 11.7375085543185 43.8948204714988 130.271701012906 255.318108611582 397.069644624611 488.294300096233 552.968769958834 561.537620880326 518.924681358525 330.040178468624 143.69757721452 15.0440684425904 26.6793312109102 37.0825396825397 96.1464091175519 231.217322888466 372.835789922989 459.286293955247 459.812957460857 507.790256265804 495.736748927821 345.650022872614 145.656754267221 5.68888820839067 0.261792362132854
143.69757721452 15.0440684425904 26.6793312109102 37.0825396825397 96.1464091175519 231.217322888466 372.835789922989 459.286293955247 459.812957460857 507.790256265804 495.736748927821 345.650022872614 145.656754267221 5.68888820839067 0.261792362132854 6.2551839464883 119.127790259591 316.333750891416 443.843076042488 464.47859006118 465.095457531059 473.987357842586 422.056948354165 232.986101415006 99.0625867957813 17.4845738430695 25.3101846537676
145.656754267221 5.68888820839067 0.261792362132854 6.2551839464883 119.127790259591 316.333750891416 443.843076042488 464.47859006118 465.095457531059 473.987357842586 422.056948354165 232.986101415006 99.0625867957813 17.4845738430695 25.3101846537676 78.0270702140267 166.537961623571 265.319600118254 372.421828579664 452.206859325223 571.356709175073 673.39499449169 594.293666931181 393.059526890518 122.725019118497 37.477785042316 19.7725042425131
99.0625867957813 17.4845738430695 25.3101846537676 78.0270702140267 166.537961623571 265.319600118254 372.421828579664 452.206859325223 571.356709175073 673.39499449169 594.293666931181 393.059526890518 122.725019118497 37.477785042316 19.7725042425131 33.3909252951447 102.217155605463 257.209271245992 428.18520503207 540.005668741748 489.247481607245 441.141332413696 460.478848920015 340.495984248255 204.007778603094 1.83409439256744 1.75818713450292
122.725019118497 37.477785042316 19.7725042425131 33.3909252951447 102.217155605463 257.209271245992 428.18520503207 540.005668741748 489.247481607245 441.141332413696 460.478848920015 340.495984248255 204.007778603094 1.83409439256744 1.75818713450292 52.9023391812865 98.6155230145255 244.621078570081 334.887007168459 428.825716845878 489.104371816638 518.619593590832 532.011267331636 329.054274547255 158.1289721279 3.8509019524618 50.2720608339029
204.007778603094 1.83409439256744 1.75818713450292 52.9023391812865 98.6155230145255 244.621078570081 334.887007168459 428.825716845878 489.104371816638 518.619593590832 532.011267331636 329.054274547255 158.1289721279 3.8509019524618 50.2720608339029 116.566797676008 154.781520723546 328.192793222977 413.796645090549 526.956826542161 506.336358705904 635.340290157517 643.997549401056 470.3079648887 189.405444727409 29.4206494057724 0.828195488721804
158.1289721279 3.8509019524618 50.2720608339029 116.566797676008 154.781520723546 328.192793222977 413.796645090549 526.956826542161 506.336358705904 635.340290157517 643.997549401056 470.3079648887 189.405444727409 29.4206494057724 0.828195488721804 34.8317042606516 79.5590122848104 239.014734924743 304.225112163176 358.140637517801 540.261397751719 727.021906902648 719.850418553104 378.018036345426 131.82405054086 58.5836996636669 66.2045855766765
189.405444727409 29.4206494057724 0.828195488721804 34.8317042606516 79.5590122848104 239.014734924743 304.225112163176 358.140637517801 540.261397751719 727.021906902648 719.850418553104 378.018036345426 131.82405054086 58.5836996636669 66.2045855766765 27.5268077988987 23.5644787572085 127.669542303339 325.448765563102 509.490902659876 579.688271080929 553.541396080929 412.830009078476 231.000104933032 71.6350081352575 13.7238970241464 24.5776163894585
131.82405054086 58.5836996636669 66.2045855766765 27.5268077988987 23.5644787572085 127.669542303339 325.448765563102 509.490902659876 579.688271080929 553.541396080929 412.830009078476 231.000104933032 71.6350081352575 13.7238970241464 24.5776163894585 39.1255696058327 117.924075783912 275.05932489153 369.082416053575 411.965480569704 352.155428412284 457.645952605832 364.718475478875 256.498127711752 29.3979073300805 0.647614932419686 46.6745839311629
71.6350081352575 13.7238970241464 24.5776163894585 39.1255696058327 117.924075783912 275.05932489153 369.082416053575 411.965480569704 352.155428412284 457.645952605832 364.718475478875 256.498127711752 29.3979073300805 0.647614932419686 46.6745839311629 124.920838080049 177.212418088538 315.085439657612 413.073377664592 537.084063148463 576.246343850218 661.891179530479 535.001431819058 316.02717826635 63.0463486284212 14.2604390346168 24.3123773294826
29.3979073300805 0.647614932419686 46.6745839311629 124.920838080049 177.212418088538 315.085439657612 413.073377664592 537.084063148463 576.246343850218 661.891179530479 535.001431819058 316.02717826635 63.0463486284212 14.2604390346168 24.3123773294826 47.3534157363105 118.107097235084 230.721517756083 379.883610403697 489.672723306923 605.947869505754 600.439300957367 495.150015327297 264.531782918318 88.6077909828335 14.2104072709747 19.6177124477843
63.0463486284212 14.2604390346168 24.3123773294826 47.3534157363105 118.107097235084 230.721517756083 379.883610403697 489.672723306923 605.947869505754 600.439300957367 495.150015327297 264.531782918318 88.6077909828335 14.2104072709747 19.6177124477843 87.8064053938424 208.329906517093 306.806217548497 384.382386480892 407.877856094152 456.633043258981 638.482666359068 584.616455932897 502.887385357861 175.272900379321 84.1359909336539 7.21837591324913
88.6077909828335 14.2104072709747 19.6177124477843 87.8064053938424 208.329906517093 306.806217548497 384.382386480892 407.877856094152 456.633043258981 638.482666359068 584.616455932897 502.887385357861 175.272900379321 84.1359909336539 7.21837591324913 84.4047044689271 172.970017256833 262.081691701376 318.541253556657 362.860089173096 426.315926356648 438.128940055278 400.871693525245 253.239328812433 107.780755463594 11.3921115826675 40.092842281487
175.272900379321 84.1359909336539 7.21837591324913 84.4047044689271 172.970017256833 262.081691701376 318.541253556657 362.860089173096 426.315926356648 438.128940055278 400.871693525245 253.239328812433 107.780755463594 11.3921115826675 40.092842281487 58.9893994875423 115.033712792263 230.433006250779 375.878822146635 484.177212704575 576.842046729472 553.56307677239 468.881576229231 249.886096023364 110.524955478781 32.1166567235944 4.53222603591028
107.780755463594 11.3921115826675 40.092842281487 58.9893994875423 115.033712792263 230.433006250779 375.878822146635 484.177212704575 576.842046729472 553.56307677239 468.881576229231 249.886096023364 110.524955478781 32.1166567235944 4.53222603591028 52.9286990649559 208.904120680899 428.37044236283 514.234144213132 492.968586273217 387.917237725499 485.559512403611 474.349441258704 382.26825503535 149.318921828742 27.3524280528076 24.6812463646817
110.524955478781 32.1166567235944 4.53222603591028 52.9286990649559 208.904120680899 428.37044236283 514.234144213132 492.968586273217 387.917237725499 485.559512403611 474.349441258704 382.26825503535 149.318921828742 27.3524280528076 24.6812463646817 35.3474246196404 253.815083961082 457.970356436878 652.071215251189 636.240099371361 657.34653090663 616.069529981868 497.312239632287 250.847253790035 86.7015079336812 0.728790091357541 2.76716255234526
149.318921828742 27.3524280528076 24.6812463646817 35.3474246196404 253.815083961082 457.970356436878 652.071215251189 636.240099371361 657.34653090663 616.069529981868 497.312239632287 250.847253790035 86.7015079336812 0.728790091357541 2.76716255234526 87.7231791498557 135.491384766653 304.509699392731 443.258725713676 618.502824426122 799.787782932346 834.431800787372 781.950933693093 452.313307102945 194.099411164629 24.3270554689324 10.1492917412902
86.7015079336812 0.728790091357541 2.76716255234526 87.7231791498557 135.491384766653 304.509699392731 443.258725713676 618.502824426122 799.787782932346 834.431800787372 781.950933693093 452.313307102945 194.099411164629 24.3270554689324 10.1492917412902 86.6708720881381 149.514400796868 312.901237488173 376.834193302838 453.128545462307 570.952742464448 814.471679341524 797.353973934703 517.721497250986 146.599261946826 23.2137124615576 46.4691625861917
194.099411164629 24.3270554689324 10.1492917412902 86.6708720881381 149.514400796868 312.901237488173 376.834193302838 453.128545462307 570.952742464448 814.471679341524 797.353973934703 517.721497250986 146.599261946826 23.2137124615576 46.4691625861917 124.75060234025 176.897636898644 252.412528963156 312.56099565238 411.743824002273 596.732724749338 763.426096829856 642.32065984416 348.424557974943 30.7973230876645 15.1983354287928 53.5843535102037
146.599261946826 23.2137124615576 46.4691625861917 124.75060234025 176.897636898644 252.412528963156 312.56099565238 411.743824002273 596.732724749338 763.426096829856 642.32065984416 348.424557974943 30.7973230876645 15.1983354287928 53.5843535102037 67.8491235781781 149.653850505551 279.069823287116 474.721610335285 588.604002361863 607.002610498908 588.615620906626 380.662986878973 196.48197106445 6.54712775247935 4.23270866534242 4.07548007247992
30.7973230876645 15.1983354287928 53.5843535102037 67.8491235781781 149.653850505551 279.069823287116 474.721610335285 588.604002361863 607.002610498908 588.615620906626 380.662986878973 196.48197106445 6.54712775247935 4.23270866534242 4.07548007247992 15.3772515631872 79.5051726003535 229.755306929283 352.492030256621 424.347824248038 439.116288978328 615.387533613521 531.525395348423 425.272330529907 113.863825974277 61.6102990033222 19.8402108711702
6.54712775247935 4.23270866534242 4.07548007247992 15.3772515631872 79.5051726003535 229.755306929283 352.492030256621 424.347824248038 439.116288978328 615.387533613521 531.525395348423 425.272330529907 113.863825974277 61.6102990033222 19.8402108711702 67.3558865524403 165.983305907279 322.651187851723 410.865493951613 448.946461693548 516.888110400445 660.164976263843 733.886996019318 495.387752835677 215.402499875505 4.97209302325581 15.0539285714286
113.863825974277 61.6102990033222 19.8402108711702 67.3558865524403 165.983305907279 322.651187851723 410.865493951613 448.946461693548 516.888110400445 660.164976263843 733.886996019318 495.387752835677 215.402499875505 4.97209302325581 15.0539285714286 44.0316832491833 97.6506637264067 282.395483851537 368.472901587575 429.909093524145 579.372349002951 761.794768562402 864.537018275354 519.561917540611 222.084325567367 11.3045382953933 13.7255658892546
215.402499875505 4.97209302325581 15.0539285714286 44.0316832491833 97.6506637264067 282.395483851537 368.472901587575 429.909093524145 579.372349002951 761.794768562402 864.537018275354 519.561917540611 222.084325567367 11.3045382953933 13.7255658892546 64.4705190630318 220.068061818594 373.877906251887 507.703407623565 529.658684558686 662.876423109602 899.959690246995 851.647924567305 625.164724865082 208.019703504468 71.7613361821118 11.6113313344647
222.084325567367 11.3045382953933 13.7255658892546 64.4705190630318 220.068061818594 373.877906251887 507.703407623565 529.658684558686 662.876423109602 899.959690246995 851.647924567305 625.164724865082 208.019703504468 71.7613361821118 11.6113313344647 65.3135634881148 149.984854847932 336.27410787911 415.098589827338 467.462391348224 511.687391348224 700.105925756148 630.541541374954 399.136686715986 75.5877223076257 37.9187669535039 52.811678050117
208.019703504468 71.7613361821118 11.6113313344647 65.3135634881148 149.984854847932 336.27410787911 415.098589827338 467.462391348224 511.687391348224 700.105925756148 630.541541374954 399.136686715986 75.5877223076257 37.9187669535039 52.811678050117 56.8110927680719 78.7530180792752 116.343350806507 254.391004939017 346.599058213157 703.305608694203 811.19641256292 866.545605394699 451.383305906583 206.029956258373 7.81058871032875 29.6529066438625
75.5877223076257 37.9187669535039 52.811678050117 56.8110927680719 78.7530180792752 116.343350806507 254.391004939017 346.599058213157 703.305608694203 811.19641256292 866.545605394699 451.383305906583 206.029956258373 7.81058871032875 29.6529066438625 41.1708704135837 107.696578062605 234.137628899835 353.35652037085 422.975296899335 568.768717573429 875.648471045998 866.927287593484 580.816371632951 136.710255425 52.2789222959781 49.8266437123405
206.029956258373 7.81058871032875 29.6529066438625 41.1708704135837 107.696578062605 234.137628899835 353.35652037085 422.975296899335 568.768717573429 875.648471045998 866.927287593484 580.816371632951 136.710255425 52.2789222959781 49.8266437123405 83.6448255305223 112.665916085537 328.093853383051 390.269524023885 413.168439774041 375.581582469054 490.991056413363 448.263193802063 283.241043999733 72.0072433279911 40.4834500120673 24.0823571840111
136.710255425 52.2789222959781 49.8266437123405 83.6448255305223 112.665916085537 328.093853383051 390.269524023885 413.168439774041 375.581582469054 490.991056413363 448.263193802063 283.241043999733 72.0072433279911 40.4834500120673 24.0823571840111 43.3301246855095 66.3950147678908 203.990537309066 304.279126428924 379.177922167692 420.143781631129 629.905879573754 597.64049181123 419.389956367465 121.887330402607 34.4468358121902 32.6596774748135
