0.57
0.57
-0.4
0.57
0.57
0.57
0.57
0.57
1.2
0.25
0.57
-0.4
0.25
0.25
-0.84
-0.4
-0.84
0.48
1.2
-0.4
0.57
-0.4
0.48
0.57
0.48
0.48
0.48
0.25
0.25
-0.84
-0.4
0.57
0.48
1.2
-0.4
0.57
0.48
-0.4
0.57
0.57
0.57
0.48
0.57
-0.4
1.2
0.57
0.25
-0.4
0.25
0.25
0.57
-0.4
-0.84
0.48
0.57
0.57
0.57
-0.84
0.48
0.25
0.57
0.57
0.25
-0.4
0.48
0.48
0.57
0.57
0.25
0.57
0.48
0.25
-0.4
0.48
-0.84
-0.4
0.48
-0.84
0.57
0.57
0.57
0.57
0.25
-0.84
0.48
1.2
0.57
0.25
0.57
0.57
0.25
0.57
0.57
0.57
0.25
0.57
0.57
-0.4
1.2
1.2
0.25
0.57
-0.4
-0.4
1.2
0.57
0.57
-0.84
0.57
-0.4
0.57
0.57
0.57
-0.4
-0.4
0.48
0.25
-0.84
-0.4
0.57
1.2
0.57
0.57
0.48
0.48
0.48
0.57
0.57
0.57
-0.84
0.25
-0.84
0.25
-0.4
0.48
-0.84
0.48
0.57
1.2
0.57
0.57
0.25
-0.4
-0.4
0.57
-0.84
0.48
0.48
0.57
0.48
0.57
0.57
0.48
-0.4
0.48
-0.84
1.2
0.57
0.57
0.57
0.25
0.57
1.2
0.57
0.57
0.57
0.57
0.57
-0.84
-0.4
0.57
0.57
0.57
1.2
0.57
0.48
0.57
0.57
-0.84
0.57
0.57
1.2
0.48
0.57
1.2
0.57
0.48
-0.84
0.48
0.48
0.48
0.48
0.57
-0.4
0.48
0.25
0.57
0.48
1.2
-0.4
1.2
0.57
0.25
0.48
0.57
0.57
-0.4
-0.84
-0.84
0.57
-0.84
1.2
0.48
-0.84
0.57
0.57
0.48
-0.4
0.57
0.48
0.48
-0.4
-0.4
0.48
-0.4
0.57
-0.84
-0.84
-0.4
0.48
0.48
-0.84
0.57
0.48
0.48
-0.84
0.57
0.57
0.48
0.57
0.48
0.57
0.57
0.57
0.57
0.48
0.48
0.25
0.48
0.57
0.57
0.57
0.25
-0.4
0.57
0.48
-0.4
-0.4
0.57
0.48
0.48
0.25
0.25
0.48
-0.84
0.48
0.57
0.57
0.57
0.48
0.48
0.57
0.57
-0.84
0.48
0.25
-0.4
0.57
0.57
0.25
0.57
0.25
0.48
0.48
0.57
0.57
-0.4
0.57
1.2
0.57
0.57
0.57
-0.4
0.57
0.57
0.57
0.57
0.25
0.57
0.57
