23.598 24.5026666666667 25.0906666666667 25.4516666666667 25.5203333333333 25.2166666666667 24.7193333333333 23.9773333333333 23.277 22.9373333333333 23.0296666666667 23.6753333333333 24.5363333333333 25.4353333333333 25.9943333333333 26.1773333333333 26.1306666666667 25.827 25.0963333333333 24.1726666666667 23.4173333333333 23.0786666666667 23.2763333333333 23.8006666666667 24.673 25.441 26.0363333333333
24.5363333333333 25.4353333333333 25.9943333333333 26.1773333333333 26.1306666666667 25.827 25.0963333333333 24.1726666666667 23.4173333333333 23.0786666666667 23.2763333333333 23.8006666666667 24.673 25.441 26.0363333333333 26.1553333333333 26.0506666666667 25.4766666666667 24.667 23.649 22.8736666666667 22.6076666666667 22.8836666666667 23.488 24.3876666666667 25.264 26.1406666666667
24.673 25.441 26.0363333333333 26.1553333333333 26.0506666666667 25.4766666666667 24.667 23.649 22.8736666666667 22.6076666666667 22.8836666666667 23.488 24.3876666666667 25.264 26.1406666666667 26.4443333333333 26.2903333333333 25.7343333333333 24.9666666666667 24.0246666666667 23.3283333333333 23.0716666666667 23.3933333333333 23.996 24.9603333333333 25.6986666666667 26.0996666666667
24.3876666666667 25.264 26.1406666666667 26.4443333333333 26.2903333333333 25.7343333333333 24.9666666666667 24.0246666666667 23.3283333333333 23.0716666666667 23.3933333333333 23.996 24.9603333333333 25.6986666666667 26.0996666666667 26.1946666666667 26.2113333333333 25.809 25.0913333333333 23.968 23.212 22.682 22.983 23.6156666666667 24.4943333333333 25.0953333333333 25.489
24.9603333333333 25.6986666666667 26.0996666666667 26.1946666666667 26.2113333333333 25.809 25.0913333333333 23.968 23.212 22.682 22.983 23.6156666666667 24.4943333333333 25.0953333333333 25.489 25.8756666666667 26.1196666666667 25.9723333333333 25.166 24.1933333333333 23.425 23.1376666666667 23.244 23.763 24.5396666666667 25.279 25.778
24.4943333333333 25.0953333333333 25.489 25.8756666666667 26.1196666666667 25.9723333333333 25.166 24.1933333333333 23.425 23.1376666666667 23.244 23.763 24.5396666666667 25.279 25.778 25.959 26.0883333333333 25.95 25.2876666666667 24.3456666666667 23.515 23.3526666666667 23.5316666666667 24.1946666666667 25.0533333333333 25.8806666666667 26.543
24.5396666666667 25.279 25.778 25.959 26.0883333333333 25.95 25.2876666666667 24.3456666666667 23.515 23.3526666666667 23.5316666666667 24.1946666666667 25.0533333333333 25.8806666666667 26.543 26.711 26.6496666666667 26.0503333333333 25.2153333333333 24.239 23.3993333333333 22.9013333333333 22.901 23.3976666666667 24.3816666666667 25.3983333333333 26.0126666666667
25.0533333333333 25.8806666666667 26.543 26.711 26.6496666666667 26.0503333333333 25.2153333333333 24.239 23.3993333333333 22.9013333333333 22.901 23.3976666666667 24.3816666666667 25.3983333333333 26.0126666666667 26.1726666666667 25.881 25.3243333333333 24.426 23.168 22.4906666666667 22.3286666666667 22.845 23.5626666666667 24.379 25.3363333333333 25.9463333333333
24.3816666666667 25.3983333333333 26.0126666666667 26.1726666666667 25.881 25.3243333333333 24.426 23.168 22.4906666666667 22.3286666666667 22.845 23.5626666666667 24.379 25.3363333333333 25.9463333333333 26.25 26.123 25.6386666666667 24.7733333333333 23.8643333333333 23.0266666666667 22.7106666666667 22.6913333333333 23.3283333333333 24.2743333333333 25.339 26.0046666666667
24.379 25.3363333333333 25.9463333333333 26.25 26.123 25.6386666666667 24.7733333333333 23.8643333333333 23.0266666666667 22.7106666666667 22.6913333333333 23.3283333333333 24.2743333333333 25.339 26.0046666666667 26.2253333333333 26.0626666666667 25.6433333333333 24.9443333333333 24.156 23.4853333333333 23.2383333333333 23.4783333333333 24.1283333333333 25.0493333333333 25.917 26.618
24.2743333333333 25.339 26.0046666666667 26.2253333333333 26.0626666666667 25.6433333333333 24.9443333333333 24.156 23.4853333333333 23.2383333333333 23.4783333333333 24.1283333333333 25.0493333333333 25.917 26.618 27.0713333333333 27.2266666666667 26.8116666666667 25.8273333333333 24.738 23.8423333333333 23.5113333333333 23.592 24.1546666666667 24.876 25.706 26.4446666666667
25.0493333333333 25.917 26.618 27.0713333333333 27.2266666666667 26.8116666666667 25.8273333333333 24.738 23.8423333333333 23.5113333333333 23.592 24.1546666666667 24.876 25.706 26.4446666666667 26.9783333333333 26.897 26.253 25.1396666666667 24.1643333333333 23.5243333333333 23.366 23.6653333333333 24.2313333333333 24.915 25.5336666666667 26.004
24.876 25.706 26.4446666666667 26.9783333333333 26.897 26.253 25.1396666666667 24.1643333333333 23.5243333333333 23.366 23.6653333333333 24.2313333333333 24.915 25.5336666666667 26.004 26.2603333333333 26.1153333333333 25.488 24.4526666666667 23.395 22.54 22.296 22.523 23.2573333333333 24.3153333333333 25.1623333333333 25.945
24.915 25.5336666666667 26.004 26.2603333333333 26.1153333333333 25.488 24.4526666666667 23.395 22.54 22.296 22.523 23.2573333333333 24.3153333333333 25.1623333333333 25.945 26.1343333333333 26.1926666666667 25.7473333333333 24.99 24.1336666666667 23.2423333333333 22.9086666666667 23.0776666666667 23.9026666666667 24.8563333333333 25.7013333333333 26.2336666666667
24.3153333333333 25.1623333333333 25.945 26.1343333333333 26.1926666666667 25.7473333333333 24.99 24.1336666666667 23.2423333333333 22.9086666666667 23.0776666666667 23.9026666666667 24.8563333333333 25.7013333333333 26.2336666666667 26.4943333333333 26.4383333333333 26.111 25.3756666666667 24.4086666666667 23.717 23.4423333333333 23.784 24.3186666666667 25.0173333333333 25.7366666666667 26.1703333333333
24.8563333333333 25.7013333333333 26.2336666666667 26.4943333333333 26.4383333333333 26.111 25.3756666666667 24.4086666666667 23.717 23.4423333333333 23.784 24.3186666666667 25.0173333333333 25.7366666666667 26.1703333333333 26.369 26.1733333333333 25.6473333333333 24.6526666666667 23.544 22.6446666666667 22.2976666666667 22.4586666666667 23.0453333333333 23.7886666666667 24.6496666666667 25.3716666666667
25.0173333333333 25.7366666666667 26.1703333333333 26.369 26.1733333333333 25.6473333333333 24.6526666666667 23.544 22.6446666666667 22.2976666666667 22.4586666666667 23.0453333333333 23.7886666666667 24.6496666666667 25.3716666666667 25.881 25.8903333333333 25.5443333333333 24.764 23.5876666666667 22.668 22.1266666666667 22.3473333333333 23.045 24.0776666666667 25.1183333333333 25.6693333333333
23.7886666666667 24.6496666666667 25.3716666666667 25.881 25.8903333333333 25.5443333333333 24.764 23.5876666666667 22.668 22.1266666666667 22.3473333333333 23.045 24.0776666666667 25.1183333333333 25.6693333333333 26.018 26.067 25.7336666666667 24.9313333333333 23.94 23.066 22.7476666666667 22.8636666666667 23.4493333333333 24.3056666666667 25.293 26.168
24.0776666666667 25.1183333333333 25.6693333333333 26.018 26.067 25.7336666666667 24.9313333333333 23.94 23.066 22.7476666666667 22.8636666666667 23.4493333333333 24.3056666666667 25.293 26.168 26.5966666666667 26.3793333333333 25.7406666666667 24.977 24.1563333333333 23.3966666666667 22.7886666666667 22.5856666666667 23.0206666666667 23.9476666666667 25.048 25.8603333333333
24.3056666666667 25.293 26.168 26.5966666666667 26.3793333333333 25.7406666666667 24.977 24.1563333333333 23.3966666666667 22.7886666666667 22.5856666666667 23.0206666666667 23.9476666666667 25.048 25.8603333333333 26.1803333333333 26.1203333333333 25.5896666666667 24.734 23.4973333333333 22.5936666666667 21.8653333333333 21.9606666666667 22.5726666666667 23.9026666666667 25.021 25.5603333333333
23.9476666666667 25.048 25.8603333333333 26.1803333333333 26.1203333333333 25.5896666666667 24.734 23.4973333333333 22.5936666666667 21.8653333333333 21.9606666666667 22.5726666666667 23.9026666666667 25.021 25.5603333333333 25.7806666666667 25.9266666666667 25.7556666666667 24.9226666666667 23.87 23.0786666666667 22.7706666666667 22.913 23.9096666666667 25.2206666666667 26.4656666666667 27.193
23.9026666666667 25.021 25.5603333333333 25.7806666666667 25.9266666666667 25.7556666666667 24.9226666666667 23.87 23.0786666666667 22.7706666666667 22.913 23.9096666666667 25.2206666666667 26.4656666666667 27.193 27.462 27.3516666666667 26.687 25.6593333333333 24.3443333333333 23.2106666666667 22.4546666666667 22.3496666666667 22.642 23.36 24.1606666666667 24.953
25.2206666666667 26.4656666666667 27.193 27.462 27.3516666666667 26.687 25.6593333333333 24.3443333333333 23.2106666666667 22.4546666666667 22.3496666666667 22.642 23.36 24.1606666666667 24.953 25.486 25.7363333333333 25.4666666666667 24.656 23.466 22.53 22.158 22.5116666666667 23.271 24.21 25.2383333333333 25.9333333333333
23.36 24.1606666666667 24.953 25.486 25.7363333333333 25.4666666666667 24.656 23.466 22.53 22.158 22.5116666666667 23.271 24.21 25.2383333333333 25.9333333333333 26.1673333333333 25.9246666666667 25.4893333333333 24.586 23.596 22.693 22.476 22.622 23.127 24.1013333333333 25.128 25.976
24.21 25.2383333333333 25.9333333333333 26.1673333333333 25.9246666666667 25.4893333333333 24.586 23.596 22.693 22.476 22.622 23.127 24.1013333333333 25.128 25.976 26.3673333333333 26.379 26.063 25.1323333333333 24.0596666666667 23.292 23.1413333333333 23.2936666666667 23.7203333333333 24.4236666666667 25.4933333333333 26.322
24.1013333333333 25.128 25.976 26.3673333333333 26.379 26.063 25.1323333333333 24.0596666666667 23.292 23.1413333333333 23.2936666666667 23.7203333333333 24.4236666666667 25.4933333333333 26.322 26.67 26.4013333333333 25.7183333333333 24.8473333333333 23.944 23.0646666666667 22.542 22.7623333333333 23.7686666666667 25.156 26.3033333333333 26.922
24.4236666666667 25.4933333333333 26.322 26.67 26.4013333333333 25.7183333333333 24.8473333333333 23.944 23.0646666666667 22.542 22.7623333333333 23.7686666666667 25.156 26.3033333333333 26.922 26.935 26.6576666666667 26.1273333333333 25.203 24.2006666666667 23.415 23.1626666666667 23.2806666666667 23.8943333333333 24.7653333333333 25.7663333333333 26.378
25.156 26.3033333333333 26.922 26.935 26.6576666666667 26.1273333333333 25.203 24.2006666666667 23.415 23.1626666666667 23.2806666666667 23.8943333333333 24.7653333333333 25.7663333333333 26.378 26.7203333333333 26.4883333333333 25.908 24.9146666666667 23.804 22.8056666666667 22.3906666666667 22.6 23.296 24.2146666666667 25.254 26.1446666666667
24.7653333333333 25.7663333333333 26.378 26.7203333333333 26.4883333333333 25.908 24.9146666666667 23.804 22.8056666666667 22.3906666666667 22.6 23.296 24.2146666666667 25.254 26.1446666666667 26.9586666666667 27.0723333333333 26.6403333333333 25.314 23.996 22.89 22.462 22.486 23.0196666666667 24.0323333333333 25.0703333333333 26.0366666666667
24.2146666666667 25.254 26.1446666666667 26.9586666666667 27.0723333333333 26.6403333333333 25.314 23.996 22.89 22.462 22.486 23.0196666666667 24.0323333333333 25.0703333333333 26.0366666666667 26.3636666666667 26.316 25.8483333333333 25.0953333333333 24.013 22.984 22.5116666666667 22.8746666666667 23.8156666666667 25.0086666666667 26.0413333333333 26.8503333333333
24.0323333333333 25.0703333333333 26.0366666666667 26.3636666666667 26.316 25.8483333333333 25.0953333333333 24.013 22.984 22.5116666666667 22.8746666666667 23.8156666666667 25.0086666666667 26.0413333333333 26.8503333333333 26.8696666666667 26.5343333333333 25.668 24.7936666666667 23.813 22.959 22.5246666666667 22.5566666666667 23.3223333333333 24.433 25.6073333333333 26.1593333333333
25.0086666666667 26.0413333333333 26.8503333333333 26.8696666666667 26.5343333333333 25.668 24.7936666666667 23.813 22.959 22.5246666666667 22.5566666666667 23.3223333333333 24.433 25.6073333333333 26.1593333333333 26.4033333333333 26.1826666666667 25.8073333333333 24.8993333333333 23.8546666666667 23.1536666666667 22.9513333333333 23.3843333333333 24.112 25.2033333333333 26.377 27.1426666666667
24.433 25.6073333333333 26.1593333333333 26.4033333333333 26.1826666666667 25.8073333333333 24.8993333333333 23.8546666666667 23.1536666666667 22.9513333333333 23.3843333333333 24.112 25.2033333333333 26.377 27.1426666666667 27.389 27.2586666666667 26.8556666666667 26.044 24.6786666666667 23.421 22.767 23.0726666666667 23.9583333333333 25.1316666666667 26.3153333333333 27.2283333333333
25.2033333333333 26.377 27.1426666666667 27.389 27.2586666666667 26.8556666666667 26.044 24.6786666666667 23.421 22.767 23.0726666666667 23.9583333333333 25.1316666666667 26.3153333333333 27.2283333333333 27.661 27.454 26.8526666666667 25.745 24.4653333333333 23.298 22.769 23.043 23.711 24.6633333333333 25.5343333333333 26.2643333333333
25.1316666666667 26.3153333333333 27.2283333333333 27.661 27.454 26.8526666666667 25.745 24.4653333333333 23.298 22.769 23.043 23.711 24.6633333333333 25.5343333333333 26.2643333333333 26.684 26.494 25.9956666666667 25.0243333333333 24.0256666666667 23.1626666666667 22.9496666666667 23.2736666666667 24.1286666666667 25.1736666666667 26.2236666666667 26.98
24.6633333333333 25.5343333333333 26.2643333333333 26.684 26.494 25.9956666666667 25.0243333333333 24.0256666666667 23.1626666666667 22.9496666666667 23.2736666666667 24.1286666666667 25.1736666666667 26.2236666666667 26.98 27.125 27.0696666666667 26.4373333333333 25.431 24.178 23.175 22.8693333333333 23.047 23.9013333333333 25.119 26.1556666666667 26.8753333333333
25.1736666666667 26.2236666666667 26.98 27.125 27.0696666666667 26.4373333333333 25.431 24.178 23.175 22.8693333333333 23.047 23.9013333333333 25.119 26.1556666666667 26.8753333333333 27.126 27.0193333333333 26.2483333333333 25.22 24.2516666666667 23.6353333333333 23.4073333333333 23.5716666666667 24.3026666666667 25.3383333333333 26.3973333333333 27.025
