-0.0416666666666666 -1.39133333333333 -2 -2.53066666666667 -2.29866666666667 -0.949 0.589 1.71266666666667 1.775 1.87666666666667 1.11666666666667 0.199333333333333 -1.10566666666667 -1.72033333333333 -2.40666666666667 -2.92666666666667 -3.03233333333333 -2.01766666666667 -0.512 0.913666666666667 1.78466666666667 2.18 1.35633333333333 0.111 -1.63233333333333 -2.438 -3.079
-1.10566666666667 -1.72033333333333 -2.40666666666667 -2.92666666666667 -3.03233333333333 -2.01766666666667 -0.512 0.913666666666667 1.78466666666667 2.18 1.35633333333333 0.111 -1.63233333333333 -2.438 -3.079 -2.974 -2.443 -1.40166666666667 -0.111666666666667 0.885666666666667 2.053 2.31933333333333 2.15433333333333 0.881333333333333 -0.703 -2.065 -2.76433333333333
-1.63233333333333 -2.438 -3.079 -2.974 -2.443 -1.40166666666667 -0.111666666666667 0.885666666666667 2.053 2.31933333333333 2.15433333333333 0.881333333333333 -0.703 -2.065 -2.76433333333333 -2.735 -2.10266666666667 -0.962666666666667 0.374666666666667 1.50933333333333 1.941 1.693 1.19633333333333 0.012 -1.095 -2.223 -2.97033333333333
-0.703 -2.065 -2.76433333333333 -2.735 -2.10266666666667 -0.962666666666667 0.374666666666667 1.50933333333333 1.941 1.693 1.19633333333333 0.012 -1.095 -2.223 -2.97033333333333 -2.85233333333333 -2.60466666666667 -1.32666666666667 -0.198333333333333 1.13733333333333 2.007 2.32833333333333 1.94266666666667 0.785333333333333 -0.567666666666667 -1.58833333333333 -2.28766666666667
-1.095 -2.223 -2.97033333333333 -2.85233333333333 -2.60466666666667 -1.32666666666667 -0.198333333333333 1.13733333333333 2.007 2.32833333333333 1.94266666666667 0.785333333333333 -0.567666666666667 -1.58833333333333 -2.28766666666667 -2.754 -2.64033333333333 -1.944 -0.171 1.143 2.239 2.16266666666667 1.707 0.641333333333333 -0.908333333333333 -2.01366666666667 -2.725
-0.567666666666667 -1.58833333333333 -2.28766666666667 -2.754 -2.64033333333333 -1.944 -0.171 1.143 2.239 2.16266666666667 1.707 0.641333333333333 -0.908333333333333 -2.01366666666667 -2.725 -2.48 -2.185 -1.31333333333333 0.0970000000000001 1.45966666666667 2.43933333333333 2.36133333333333 1.45866666666667 -0.105666666666667 -1.58433333333333 -2.695 -3.11866666666667
-0.908333333333333 -2.01366666666667 -2.725 -2.48 -2.185 -1.31333333333333 0.0970000000000001 1.45966666666667 2.43933333333333 2.36133333333333 1.45866666666667 -0.105666666666667 -1.58433333333333 -2.695 -3.11866666666667 -3.14866666666667 -2.64566666666667 -1.908 -0.634333333333333 0.482 1.377 1.43933333333333 1.38833333333333 0.753666666666667 -0.658 -1.98733333333333 -3.05933333333333
-1.58433333333333 -2.695 -3.11866666666667 -3.14866666666667 -2.64566666666667 -1.908 -0.634333333333333 0.482 1.377 1.43933333333333 1.38833333333333 0.753666666666667 -0.658 -1.98733333333333 -3.05933333333333 -2.942 -2.31766666666667 -1.08133333333333 0.621333333333333 1.42166666666667 2.47866666666667 2.00833333333333 2.271 0.512 -0.712333333333333 -2.45933333333333 -2.71733333333333
-0.658 -1.98733333333333 -3.05933333333333 -2.942 -2.31766666666667 -1.08133333333333 0.621333333333333 1.42166666666667 2.47866666666667 2.00833333333333 2.271 0.512 -0.712333333333333 -2.45933333333333 -2.71733333333333 -2.855 -1.94366666666667 -1.18066666666667 0.812333333333333 1.614 2.58166666666667 2.23033333333333 1.812 0.742666666666667 -0.570666666666667 -1.72966666666667 -2.34233333333333
-0.712333333333333 -2.45933333333333 -2.71733333333333 -2.855 -1.94366666666667 -1.18066666666667 0.812333333333333 1.614 2.58166666666667 2.23033333333333 1.812 0.742666666666667 -0.570666666666667 -1.72966666666667 -2.34233333333333 -2.53333333333333 -2.41566666666667 -1.37866666666667 -0.0463333333333333 1.49266666666667 2.44633333333333 2.51066666666667 1.881 0.701666666666667 -0.851333333333333 -2.22966666666667 -3.35133333333333
-0.570666666666667 -1.72966666666667 -2.34233333333333 -2.53333333333333 -2.41566666666667 -1.37866666666667 -0.0463333333333333 1.49266666666667 2.44633333333333 2.51066666666667 1.881 0.701666666666667 -0.851333333333333 -2.22966666666667 -3.35133333333333 -3.436 -2.91633333333333 -2.05566666666667 -0.462 0.982 1.75933333333333 1.78266666666667 0.911333333333333 0.562666666666667 -0.746333333333333 -1.53166666666667 -2.65066666666667
-0.851333333333333 -2.22966666666667 -3.35133333333333 -3.436 -2.91633333333333 -2.05566666666667 -0.462 0.982 1.75933333333333 1.78266666666667 0.911333333333333 0.562666666666667 -0.746333333333333 -1.53166666666667 -2.65066666666667 -2.77066666666667 -2.50566666666667 -1.439 0.1 1.26433333333333 1.41933333333333 1.31366666666667 1.74966666666667 0.866 -0.63 -2.71566666666667 -3.04566666666667
-0.746333333333333 -1.53166666666667 -2.65066666666667 -2.77066666666667 -2.50566666666667 -1.439 0.1 1.26433333333333 1.41933333333333 1.31366666666667 1.74966666666667 0.866 -0.63 -2.71566666666667 -3.04566666666667 -2.90666666666667 -2.032 -0.792666666666667 0.657666666666667 1.424 2.13466666666667 2.071 1.80333333333333 0.0696666666666668 -1.52066666666667 -2.74833333333333 -3.173
-0.63 -2.71566666666667 -3.04566666666667 -2.90666666666667 -2.032 -0.792666666666667 0.657666666666667 1.424 2.13466666666667 2.071 1.80333333333333 0.0696666666666668 -1.52066666666667 -2.74833333333333 -3.173 -3.103 -2.62066666666667 -1.365 0.587 2.127 3.091 2.856 1.94633333333333 1.00433333333333 -0.800666666666667 -2.00166666666667 -3.05233333333333
-1.52066666666667 -2.74833333333333 -3.173 -3.103 -2.62066666666667 -1.365 0.587 2.127 3.091 2.856 1.94633333333333 1.00433333333333 -0.800666666666667 -2.00166666666667 -3.05233333333333 -2.85566666666667 -2.38833333333333 -1.82633333333333 -0.582333333333333 0.657333333333333 1.94166666666667 2.414 1.88666666666667 0.472 -1.413 -2.705 -3.178
-0.800666666666667 -2.00166666666667 -3.05233333333333 -2.85566666666667 -2.38833333333333 -1.82633333333333 -0.582333333333333 0.657333333333333 1.94166666666667 2.414 1.88666666666667 0.472 -1.413 -2.705 -3.178 -3.07033333333333 -2.242 -1.22433333333333 0.312666666666667 1.141 2.20066666666667 2.26066666666667 2.466 0.586 -1.187 -3.00433333333333 -3.23933333333333
-1.413 -2.705 -3.178 -3.07033333333333 -2.242 -1.22433333333333 0.312666666666667 1.141 2.20066666666667 2.26066666666667 2.466 0.586 -1.187 -3.00433333333333 -3.23933333333333 -3.048 -2.424 -1.69166666666667 -0.383333333333333 0.890333333333333 1.988 2.24433333333333 1.55633333333333 0.299 -0.791 -1.735 -2.182
-1.187 -3.00433333333333 -3.23933333333333 -3.048 -2.424 -1.69166666666667 -0.383333333333333 0.890333333333333 1.988 2.24433333333333 1.55633333333333 0.299 -0.791 -1.735 -2.182 -2.81733333333333 -2.34433333333333 -1.02233333333333 0.629333333333333 1.99833333333333 2.35933333333333 2.67066666666667 1.77733333333333 0.0329999999999999 -1.598 -2.851 -2.96966666666667
-0.791 -1.735 -2.182 -2.81733333333333 -2.34433333333333 -1.02233333333333 0.629333333333333 1.99833333333333 2.35933333333333 2.67066666666667 1.77733333333333 0.0329999999999999 -1.598 -2.851 -2.96966666666667 -3.138 -2.75866666666667 -1.78733333333333 -0.495666666666667 0.688333333333333 1.34266666666667 1.74533333333333 1.66066666666667 0.786666666666667 -0.49 -1.487 -2.38
-1.598 -2.851 -2.96966666666667 -3.138 -2.75866666666667 -1.78733333333333 -0.495666666666667 0.688333333333333 1.34266666666667 1.74533333333333 1.66066666666667 0.786666666666667 -0.49 -1.487 -2.38 -2.75433333333333 -2.42833333333333 -0.915 -0.118 0.893 1.17 2.18366666666667 1.97933333333333 1.602 0.0043333333333333 -1.351 -2.25133333333333
-0.49 -1.487 -2.38 -2.75433333333333 -2.42833333333333 -0.915 -0.118 0.893 1.17 2.18366666666667 1.97933333333333 1.602 0.0043333333333333 -1.351 -2.25133333333333 -2.47666666666667 -2.08766666666667 -1.13666666666667 0.121333333333333 1.51733333333333 2.15266666666667 2.13866666666667 1.099 -0.446666666666667 -2.003 -3.099 -3.456
0.0043333333333333 -1.351 -2.25133333333333 -2.47666666666667 -2.08766666666667 -1.13666666666667 0.121333333333333 1.51733333333333 2.15266666666667 2.13866666666667 1.099 -0.446666666666667 -2.003 -3.099 -3.456 -3.438 -2.98433333333333 -2.296 -0.764666666666667 0.378 1.167 1.52733333333333 1.729 1.53266666666667 0.464666666666667 -0.736 -1.95266666666667
-2.003 -3.099 -3.456 -3.438 -2.98433333333333 -2.296 -0.764666666666667 0.378 1.167 1.52733333333333 1.729 1.53266666666667 0.464666666666667 -0.736 -1.95266666666667 -2.089 -1.10966666666667 0.0836666666666666 1.368 2.072 2.60366666666667 2.311 1.504 0.749333333333333 -0.104666666666667 -1.29766666666667 -1.95166666666667
0.464666666666667 -0.736 -1.95266666666667 -2.089 -1.10966666666667 0.0836666666666666 1.368 2.072 2.60366666666667 2.311 1.504 0.749333333333333 -0.104666666666667 -1.29766666666667 -1.95166666666667 -2.08466666666667 -1.294 -0.119 0.897666666666667 1.98833333333333 2.488 2.32933333333333 2.25366666666667 0.617333333333333 -0.103 -1.75866666666667 -1.90033333333333
-0.104666666666667 -1.29766666666667 -1.95166666666667 -2.08466666666667 -1.294 -0.119 0.897666666666667 1.98833333333333 2.488 2.32933333333333 2.25366666666667 0.617333333333333 -0.103 -1.75866666666667 -1.90033333333333 -2.14166666666667 -1.57433333333333 -0.539 0.860333333333334 1.93433333333333 2.86366666666667 2.69066666666667 2.196 0.776333333333333 -0.572666666666667 -2.01733333333333 -2.86466666666667
-0.103 -1.75866666666667 -1.90033333333333 -2.14166666666667 -1.57433333333333 -0.539 0.860333333333334 1.93433333333333 2.86366666666667 2.69066666666667 2.196 0.776333333333333 -0.572666666666667 -2.01733333333333 -2.86466666666667 -3.00366666666667 -2.48633333333333 -1.37533333333333 0.0976666666666667 1.68233333333333 2.645 2.79133333333333 2.052 0.635 -1.11033333333333 -2.35166666666667 -3.052
-0.572666666666667 -2.01733333333333 -2.86466666666667 -3.00366666666667 -2.48633333333333 -1.37533333333333 0.0976666666666667 1.68233333333333 2.645 2.79133333333333 2.052 0.635 -1.11033333333333 -2.35166666666667 -3.052 -3.10466666666667 -2.55233333333333 -1.03366666666667 0.349666666666667 1.47166666666667 1.89033333333333 2.39566666666667 2.04733333333333 0.734333333333333 -0.941 -2.294 -2.66833333333333
-1.11033333333333 -2.35166666666667 -3.052 -3.10466666666667 -2.55233333333333 -1.03366666666667 0.349666666666667 1.47166666666667 1.89033333333333 2.39566666666667 2.04733333333333 0.734333333333333 -0.941 -2.294 -2.66833333333333 -2.60266666666667 -1.95766666666667 -0.681333333333333 1.033 2.088 2.67 1.897 1.07433333333333 -0.547666666666667 -1.56533333333333 -2.33433333333333 -2.657
-0.941 -2.294 -2.66833333333333 -2.60266666666667 -1.95766666666667 -0.681333333333333 1.033 2.088 2.67 1.897 1.07433333333333 -0.547666666666667 -1.56533333333333 -2.33433333333333 -2.657 -2.79066666666667 -2.513 -1.35233333333333 0.171333333333333 1.64866666666667 2.199 2.37266666666667 1.83233333333333 0.954 -0.221 -1.06033333333333 -2.077
-1.56533333333333 -2.33433333333333 -2.657 -2.79066666666667 -2.513 -1.35233333333333 0.171333333333333 1.64866666666667 2.199 2.37266666666667 1.83233333333333 0.954 -0.221 -1.06033333333333 -2.077 -2.43733333333333 -2.34333333333333 -1.15033333333333 0.145 1.51433333333333 2.35833333333333 2.58366666666667 1.82833333333333 0.290333333333333 -1.215 -2.28166666666667 -2.537
-0.221 -1.06033333333333 -2.077 -2.43733333333333 -2.34333333333333 -1.15033333333333 0.145 1.51433333333333 2.35833333333333 2.58366666666667 1.82833333333333 0.290333333333333 -1.215 -2.28166666666667 -2.537 -2.566 -2.39266666666667 -1.47433333333333 -0.469 0.880333333333333 1.651 2.28833333333333 2.085 1.44633333333333 -0.156 -1.269 -2.358
-1.215 -2.28166666666667 -2.537 -2.566 -2.39266666666667 -1.47433333333333 -0.469 0.880333333333333 1.651 2.28833333333333 2.085 1.44633333333333 -0.156 -1.269 -2.358 -2.48666666666667 -2.28133333333333 -0.799333333333333 0.420666666666667 1.63866666666667 1.56333333333333 2.139 1.53766666666667 0.660333333333333 -0.968333333333333 -1.74466666666667 -1.973
-0.156 -1.269 -2.358 -2.48666666666667 -2.28133333333333 -0.799333333333333 0.420666666666667 1.63866666666667 1.56333333333333 2.139 1.53766666666667 0.660333333333333 -0.968333333333333 -1.74466666666667 -1.973 -1.92066666666667 -1.182 -0.431 0.861 1.65933333333333 2.183 2.60266666666667 2.145 0.899666666666667 -1.09966666666667 -2.47133333333333 -2.86033333333333
-0.968333333333333 -1.74466666666667 -1.973 -1.92066666666667 -1.182 -0.431 0.861 1.65933333333333 2.183 2.60266666666667 2.145 0.899666666666667 -1.09966666666667 -2.47133333333333 -2.86033333333333 -2.85133333333333 -2.67633333333333 -2.049 -0.804333333333333 0.383333333333333 1.21566666666667 1.10866666666667 1.07033333333333 0.255 -0.390666666666667 -1.521 -2.05266666666667
-1.09966666666667 -2.47133333333333 -2.86033333333333 -2.85133333333333 -2.67633333333333 -2.049 -0.804333333333333 0.383333333333333 1.21566666666667 1.10866666666667 1.07033333333333 0.255 -0.390666666666667 -1.521 -2.05266666666667 -2.46433333333333 -2.268 -1.246 0.238333333333333 1.577 2.019 2.245 1.40933333333333 0.467 -0.994 -1.78333333333333 -2.192
-0.390666666666667 -1.521 -2.05266666666667 -2.46433333333333 -2.268 -1.246 0.238333333333333 1.577 2.019 2.245 1.40933333333333 0.467 -0.994 -1.78333333333333 -2.192 -2.193 -1.58766666666667 -0.454666666666667 0.983333333333333 2.09133333333333 2.51133333333333 2.459 1.50833333333333 0.0983333333333333 -1.53166666666667 -2.22 -2.61366666666667
-0.994 -1.78333333333333 -2.192 -2.193 -1.58766666666667 -0.454666666666667 0.983333333333333 2.09133333333333 2.51133333333333 2.459 1.50833333333333 0.0983333333333333 -1.53166666666667 -2.22 -2.61366666666667 -2.544 -2.197 -1.22066666666667 0.0653333333333332 1.292 2.04 2.26933333333333 1.69333333333333 0.343666666666667 -1.04766666666667 -1.999 -2.24266666666667
