-5.017 -5.69666666666667 -5.615 -5.377 -4.84866666666667 -4.537 -3.745 -2.525 -1.211 -0.018 -0.550333333333333 -1.82766666666667 -3.58133333333333 -4.89433333333333 -5.82 -6.081 -5.214 -4.48733333333333 -3.89766666666667 -3.284 -2.347 -1.16633333333333 -0.601333333333333 -0.404 -0.848 -1.94866666666667 -3.38766666666667
-3.58133333333333 -4.89433333333333 -5.82 -6.081 -5.214 -4.48733333333333 -3.89766666666667 -3.284 -2.347 -1.16633333333333 -0.601333333333333 -0.404 -0.848 -1.94866666666667 -3.38766666666667 -4.57366666666667 -4.912 -4.79 -4.417 -3.683 -2.74233333333333 -1.918 -1.667 -1.98033333333333 -2.91033333333333 -3.97366666666667 -4.83033333333333
-0.848 -1.94866666666667 -3.38766666666667 -4.57366666666667 -4.912 -4.79 -4.417 -3.683 -2.74233333333333 -1.918 -1.667 -1.98033333333333 -2.91033333333333 -3.97366666666667 -4.83033333333333 -5.61433333333333 -5.773 -5.79966666666667 -5.356 -4.42233333333333 -2.87566666666667 -1.934 -1.81066666666667 -2.14166666666667 -2.30366666666667 -3.15133333333333 -4.548
-2.91033333333333 -3.97366666666667 -4.83033333333333 -5.61433333333333 -5.773 -5.79966666666667 -5.356 -4.42233333333333 -2.87566666666667 -1.934 -1.81066666666667 -2.14166666666667 -2.30366666666667 -3.15133333333333 -4.548 -5.38466666666667 -4.64066666666667 -3.52666666666667 -2.61533333333333 -2.311 -1.703 -0.872 -0.889 -1.44133333333333 -3.239 -4.701 -5.72866666666667
-2.30366666666667 -3.15133333333333 -4.548 -5.38466666666667 -4.64066666666667 -3.52666666666667 -2.61533333333333 -2.311 -1.703 -0.872 -0.889 -1.44133333333333 -3.239 -4.701 -5.72866666666667 -4.93466666666667 -4.53466666666667 -4.20566666666667 -4.49366666666667 -4.00366666666667 -3.22833333333333 -2.58333333333333 -1.948 -2.163 -3.05366666666667 -4.546 -5.21766666666667
-3.239 -4.701 -5.72866666666667 -4.93466666666667 -4.53466666666667 -4.20566666666667 -4.49366666666667 -4.00366666666667 -3.22833333333333 -2.58333333333333 -1.948 -2.163 -3.05366666666667 -4.546 -5.21766666666667 -5.326 -4.47433333333333 -3.715 -2.638 -1.104 0.548333333333333 2.32166666666667 2.76833333333333 2.85133333333333 -0.276666666666666 -3.30666666666667 -6.4
-3.05366666666667 -4.546 -5.21766666666667 -5.326 -4.47433333333333 -3.715 -2.638 -1.104 0.548333333333333 2.32166666666667 2.76833333333333 2.85133333333333 -0.276666666666666 -3.30666666666667 -6.4 -6.384 -5.93 -5.381 -4.83566666666667 -3.828 -2.70066666666667 -1.96233333333333 -2.10433333333333 -2.767 -3.92166666666667 -4.94466666666667 -5.69766666666667
-0.276666666666666 -3.30666666666667 -6.4 -6.384 -5.93 -5.381 -4.83566666666667 -3.828 -2.70066666666667 -1.96233333333333 -2.10433333333333 -2.767 -3.92166666666667 -4.94466666666667 -5.69766666666667 -6.17933333333333 -6.35866666666667 -6.271 -5.57933333333333 -4.78866666666667 -3.623 -2.81266666666667 -2.23933333333333 -2.35933333333333 -3.31833333333333 -4.55 -5.831
-3.92166666666667 -4.94466666666667 -5.69766666666667 -6.17933333333333 -6.35866666666667 -6.271 -5.57933333333333 -4.78866666666667 -3.623 -2.81266666666667 -2.23933333333333 -2.35933333333333 -3.31833333333333 -4.55 -5.831 -6.16066666666667 -5.61766666666667 -4.98733333333333 -4.24566666666667 -3.70633333333333 -2.92766666666667 -2.55066666666667 -2.36833333333333 -2.60833333333333 -3.47033333333333 -4.954 -6.02966666666667
-3.31833333333333 -4.55 -5.831 -6.16066666666667 -5.61766666666667 -4.98733333333333 -4.24566666666667 -3.70633333333333 -2.92766666666667 -2.55066666666667 -2.36833333333333 -2.60833333333333 -3.47033333333333 -4.954 -6.02966666666667 -6.29133333333333 -5.87933333333333 -4.46033333333333 -3.30866666666667 -1.688 -1.21633333333333 -0.264 -0.359666666666667 -1.00133333333333 -1.69966666666667 -3.66733333333333 -4.96533333333333
-3.47033333333333 -4.954 -6.02966666666667 -6.29133333333333 -5.87933333333333 -4.46033333333333 -3.30866666666667 -1.688 -1.21633333333333 -0.264 -0.359666666666667 -1.00133333333333 -1.69966666666667 -3.66733333333333 -4.96533333333333 -6.30866666666667 -5.79233333333333 -4.86533333333333 -4.02566666666667 -2.495 -1.266 0.602666666666667 0.241 -0.738666666666667 -3.205 -4.84 -6.21433333333333
-1.69966666666667 -3.66733333333333 -4.96533333333333 -6.30866666666667 -5.79233333333333 -4.86533333333333 -4.02566666666667 -2.495 -1.266 0.602666666666667 0.241 -0.738666666666667 -3.205 -4.84 -6.21433333333333 -6.846 -6.66133333333333 -6.38433333333333 -5.258 -4.41166666666667 -3.46666666666667 -3.58666666666667 -3.98866666666667 -4.897 -5.61733333333333 -6.43533333333333 -6.49533333333333
-3.205 -4.84 -6.21433333333333 -6.846 -6.66133333333333 -6.38433333333333 -5.258 -4.41166666666667 -3.46666666666667 -3.58666666666667 -3.98866666666667 -4.897 -5.61733333333333 -6.43533333333333 -6.49533333333333 -6.26766666666667 -5.83866666666667 -5.54533333333333 -4.788 -4.08366666666667 -2.96866666666667 -2.52633333333333 -2.11366666666667 -1.54366666666667 -2.21133333333333 -3.13166666666667 -4.07466666666667
-5.61733333333333 -6.43533333333333 -6.49533333333333 -6.26766666666667 -5.83866666666667 -5.54533333333333 -4.788 -4.08366666666667 -2.96866666666667 -2.52633333333333 -2.11366666666667 -1.54366666666667 -2.21133333333333 -3.13166666666667 -4.07466666666667 -4.09266666666667 -3.75866666666667 -3.95966666666667 -3.388 -2.344 -1.40233333333333 -0.874666666666667 -1.05 -0.383 -0.718 -1.689 -3.46
-2.21133333333333 -3.13166666666667 -4.07466666666667 -4.09266666666667 -3.75866666666667 -3.95966666666667 -3.388 -2.344 -1.40233333333333 -0.874666666666667 -1.05 -0.383 -0.718 -1.689 -3.46 -4.22966666666667 -3.89833333333333 -3.71866666666667 -3.10466666666667 -2.24933333333333 -1.04433333333333 0.05 0.293333333333333 0.553 -0.547333333333333 -1.52233333333333 -3.107
-0.718 -1.689 -3.46 -4.22966666666667 -3.89833333333333 -3.71866666666667 -3.10466666666667 -2.24933333333333 -1.04433333333333 0.05 0.293333333333333 0.553 -0.547333333333333 -1.52233333333333 -3.107 -3.90333333333333 -3.973 -3.757 -3.20666666666667 -2.412 -1.60533333333333 -0.369666666666667 -0.211333333333333 0.120333333333333 -0.851 -1.96066666666667 -3.09966666666667
-0.547333333333333 -1.52233333333333 -3.107 -3.90333333333333 -3.973 -3.757 -3.20666666666667 -2.412 -1.60533333333333 -0.369666666666667 -0.211333333333333 0.120333333333333 -0.851 -1.96066666666667 -3.09966666666667 -3.63166666666667 -3.741 -3.717 -3.24633333333333 -2.527 -1.335 -0.828 -0.00366666666666667 -0.683666666666667 -1.45566666666667 -3.33166666666667 -4.34133333333333
-0.851 -1.96066666666667 -3.09966666666667 -3.63166666666667 -3.741 -3.717 -3.24633333333333 -2.527 -1.335 -0.828 -0.00366666666666667 -0.683666666666667 -1.45566666666667 -3.33166666666667 -4.34133333333333 -4.92766666666667 -4.66733333333333 -4.30733333333333 -3.40033333333333 -2.24866666666667 -0.985666666666667 -0.029 0.794 1.39233333333333 0.822333333333333 -1.08033333333333 -3.01566666666667
-1.45566666666667 -3.33166666666667 -4.34133333333333 -4.92766666666667 -4.66733333333333 -4.30733333333333 -3.40033333333333 -2.24866666666667 -0.985666666666667 -0.029 0.794 1.39233333333333 0.822333333333333 -1.08033333333333 -3.01566666666667 -4.06066666666667 -3.779 -3.592 -3.313 -2.96933333333333 -2.73266666666667 -2.303 -2.42633333333333 -2.46733333333333 -3.05366666666667 -3.581 -4.16533333333333
0.822333333333333 -1.08033333333333 -3.01566666666667 -4.06066666666667 -3.779 -3.592 -3.313 -2.96933333333333 -2.73266666666667 -2.303 -2.42633333333333 -2.46733333333333 -3.05366666666667 -3.581 -4.16533333333333 -4.54333333333333 -4.64533333333333 -4.43233333333333 -3.78033333333333 -3.11666666666667 -2.627 -2.348 -2.31466666666667 -2.155 -2.269 -2.50066666666667 -3.39533333333333
-3.05366666666667 -3.581 -4.16533333333333 -4.54333333333333 -4.64533333333333 -4.43233333333333 -3.78033333333333 -3.11666666666667 -2.627 -2.348 -2.31466666666667 -2.155 -2.269 -2.50066666666667 -3.39533333333333 -3.32033333333333 -2.58133333333333 -0.950333333333333 0.408 0.734666666666667 2.20666666666667 2.894 3.87633333333333 1.676 -0.918333333333333 -3.97233333333333 -5.439
-2.269 -2.50066666666667 -3.39533333333333 -3.32033333333333 -2.58133333333333 -0.950333333333333 0.408 0.734666666666667 2.20666666666667 2.894 3.87633333333333 1.676 -0.918333333333333 -3.97233333333333 -5.439 -6.12666666666667 -6.246 -5.82666666666667 -5.21566666666667 -4.31333333333333 -3.48966666666667 -3.101 -2.995 -3.574 -4.39633333333333 -5.51566666666667 -6.25933333333333
-0.918333333333333 -3.97233333333333 -5.439 -6.12666666666667 -6.246 -5.82666666666667 -5.21566666666667 -4.31333333333333 -3.48966666666667 -3.101 -2.995 -3.574 -4.39633333333333 -5.51566666666667 -6.25933333333333 -6.57933333333333 -6.45733333333333 -5.934 -5.15366666666667 -4.28233333333333 -3.66033333333333 -3.16233333333333 -3.28766666666667 -3.40933333333333 -4.45133333333333 -4.479 -5.47
-4.39633333333333 -5.51566666666667 -6.25933333333333 -6.57933333333333 -6.45733333333333 -5.934 -5.15366666666667 -4.28233333333333 -3.66033333333333 -3.16233333333333 -3.28766666666667 -3.40933333333333 -4.45133333333333 -4.479 -5.47 -5.707 -6.60066666666667 -6.324 -6.00766666666667 -4.53266666666667 -3.285 -1.61733333333333 -1.786 -2.463 -4.501 -5.777 -6.709
-4.45133333333333 -4.479 -5.47 -5.707 -6.60066666666667 -6.324 -6.00766666666667 -4.53266666666667 -3.285 -1.61733333333333 -1.786 -2.463 -4.501 -5.777 -6.709 -6.52566666666667 -6.30566666666667 -5.71633333333333 -5.01533333333333 -3.529 -2.48033333333333 -1.4 -1.47333333333333 -1.53766666666667 -2.37566666666667 -3.47866666666667 -4.48866666666667
-4.501 -5.777 -6.709 -6.52566666666667 -6.30566666666667 -5.71633333333333 -5.01533333333333 -3.529 -2.48033333333333 -1.4 -1.47333333333333 -1.53766666666667 -2.37566666666667 -3.47866666666667 -4.48866666666667 -5.30033333333333 -4.89666666666667 -4.33533333333333 -3.67433333333333 -2.097 -0.497666666666667 1.69466666666667 1.961 0.643666666666666 -1.58866666666667 -3.83233333333333 -4.871
-2.37566666666667 -3.47866666666667 -4.48866666666667 -5.30033333333333 -4.89666666666667 -4.33533333333333 -3.67433333333333 -2.097 -0.497666666666667 1.69466666666667 1.961 0.643666666666666 -1.58866666666667 -3.83233333333333 -4.871 -5.522 -5.20566666666667 -4.75266666666667 -3.988 -3.47066666666667 -2.596 -1.85133333333333 -1.40166666666667 -1.42433333333333 -2.605 -3.772 -5.061
-1.58866666666667 -3.83233333333333 -4.871 -5.522 -5.20566666666667 -4.75266666666667 -3.988 -3.47066666666667 -2.596 -1.85133333333333 -1.40166666666667 -1.42433333333333 -2.605 -3.772 -5.061 -5.28033333333333 -5.24633333333333 -4.68333333333333 -3.59466666666667 -2.35833333333333 -0.931 -0.566 -0.399333333333333 -1.13533333333333 -1.813 -3.50833333333333 -4.597
-2.605 -3.772 -5.061 -5.28033333333333 -5.24633333333333 -4.68333333333333 -3.59466666666667 -2.35833333333333 -0.931 -0.566 -0.399333333333333 -1.13533333333333 -1.813 -3.50833333333333 -4.597 -5.56466666666667 -5.59733333333333 -5.645 -5.17266666666667 -4.35233333333333 -2.96866666666667 -2.14866666666667 -1.85033333333333 -2.56733333333333 -3.88933333333333 -5.255 -6.41766666666667
-1.813 -3.50833333333333 -4.597 -5.56466666666667 -5.59733333333333 -5.645 -5.17266666666667 -4.35233333333333 -2.96866666666667 -2.14866666666667 -1.85033333333333 -2.56733333333333 -3.88933333333333 -5.255 -6.41766666666667 -6.33133333333333 -6.12033333333333 -5.10933333333333 -4.37966666666667 -3.002 -1.69 -0.668666666666667 0.0773333333333333 -0.597666666666667 -2.26233333333333 -4.61833333333333 -6.00433333333333
-3.88933333333333 -5.255 -6.41766666666667 -6.33133333333333 -6.12033333333333 -5.10933333333333 -4.37966666666667 -3.002 -1.69 -0.668666666666667 0.0773333333333333 -0.597666666666667 -2.26233333333333 -4.61833333333333 -6.00433333333333 -6.03866666666667 -5.80866666666667 -5.50766666666667 -5.43733333333333 -4.75233333333333 -4.075 -3.63533333333333 -3.424 -4.24366666666667 -5.22266666666667 -6.337 -6.69866666666667
-2.26233333333333 -4.61833333333333 -6.00433333333333 -6.03866666666667 -5.80866666666667 -5.50766666666667 -5.43733333333333 -4.75233333333333 -4.075 -3.63533333333333 -3.424 -4.24366666666667 -5.22266666666667 -6.337 -6.69866666666667 -6.38933333333333 -6.237 -5.80566666666667 -5.485 -5.19866666666667 -4.76666666666667 -4.25333333333333 -3.939 -4.542 -5.045 -5.82933333333333 -6.31133333333333
-5.22266666666667 -6.337 -6.69866666666667 -6.38933333333333 -6.237 -5.80566666666667 -5.485 -5.19866666666667 -4.76666666666667 -4.25333333333333 -3.939 -4.542 -5.045 -5.82933333333333 -6.31133333333333 -6.42266666666667 -6.23033333333333 -5.51566666666667 -4.85133333333333 -3.62066666666667 -2.05233333333333 -1.12466666666667 -0.565 -1.27166666666667 -2.38533333333333 -3.93633333333333 -4.84866666666667
-5.045 -5.82933333333333 -6.31133333333333 -6.42266666666667 -6.23033333333333 -5.51566666666667 -4.85133333333333 -3.62066666666667 -2.05233333333333 -1.12466666666667 -0.565 -1.27166666666667 -2.38533333333333 -3.93633333333333 -4.84866666666667 -5.567 -5.76366666666667 -5.903 -5.58566666666667 -5.291 -4.98166666666667 -4.71666666666667 -4.412 -4.53166666666667 -4.54833333333333 -4.96133333333333 -4.721
-2.38533333333333 -3.93633333333333 -4.84866666666667 -5.567 -5.76366666666667 -5.903 -5.58566666666667 -5.291 -4.98166666666667 -4.71666666666667 -4.412 -4.53166666666667 -4.54833333333333 -4.96133333333333 -4.721 -5.17066666666667 -5.26633333333333 -5.66533333333333 -5.68233333333333 -4.982 -4.19133333333333 -3.67 -3.48 -3.611 -4.49033333333333 -5.44233333333333 -6.658
-4.54833333333333 -4.96133333333333 -4.721 -5.17066666666667 -5.26633333333333 -5.66533333333333 -5.68233333333333 -4.982 -4.19133333333333 -3.67 -3.48 -3.611 -4.49033333333333 -5.44233333333333 -6.658 -6.32866666666667 -5.952 -5.183 -4.76233333333333 -4.67433333333333 -3.937 -3.25733333333333 -2.73566666666667 -3.27166666666667 -4.038 -5.168 -6.188
-4.49033333333333 -5.44233333333333 -6.658 -6.32866666666667 -5.952 -5.183 -4.76233333333333 -4.67433333333333 -3.937 -3.25733333333333 -2.73566666666667 -3.27166666666667 -4.038 -5.168 -6.188 -6.68133333333333 -6.68866666666667 -6.23766666666667 -5.81433333333333 -5.18633333333333 -4.17833333333333 -3.179 -2.309 -2.708 -3.89533333333333 -5.33333333333333 -5.367
