-1.478 -2.73366666666667 -3.26533333333333 -3.542 -2.59333333333333 -0.222 2.036 3.82566666666667 4.09566666666667 4.457 2.81333333333333 1.132 -1.095 -2.10666666666667 -3.16266666666667 -3.66 -3.25533333333333 -1.52266666666667 0.583 2.83233333333333 3.97866666666667 4.72366666666667 3.197 1.30866666666667 -1.37133333333333 -2.91466666666667 -4.114
-1.095 -2.10666666666667 -3.16266666666667 -3.66 -3.25533333333333 -1.52266666666667 0.583 2.83233333333333 3.97866666666667 4.72366666666667 3.197 1.30866666666667 -1.37133333333333 -2.91466666666667 -4.114 -4.03133333333333 -2.97133333333333 -1.322 0.392 1.684 2.826 2.853 2.519 0.937666666666667 -0.842 -3.05133333333333 -3.89633333333333
-1.37133333333333 -2.91466666666667 -4.114 -4.03133333333333 -2.97133333333333 -1.322 0.392 1.684 2.826 2.853 2.519 0.937666666666667 -0.842 -3.05133333333333 -3.89633333333333 -3.808 -2.40866666666667 -0.996333333333333 0.707666666666667 2.28166666666667 3.365 3.05 2.13566666666667 0.468 -0.907333333333333 -2.65033333333333 -3.88266666666667
-0.842 -3.05133333333333 -3.89633333333333 -3.808 -2.40866666666667 -0.996333333333333 0.707666666666667 2.28166666666667 3.365 3.05 2.13566666666667 0.468 -0.907333333333333 -2.65033333333333 -3.88266666666667 -3.966 -3.266 -1.16633333333333 0.702333333333333 2.492 3.22766666666667 3.702 2.87633333333333 1.30266666666667 -0.628666666666667 -2.23933333333333 -3.306
-0.907333333333333 -2.65033333333333 -3.88266666666667 -3.966 -3.266 -1.16633333333333 0.702333333333333 2.492 3.22766666666667 3.702 2.87633333333333 1.30266666666667 -0.628666666666667 -2.23933333333333 -3.306 -3.63533333333333 -2.68366666666667 -1.02666666666667 0.828 2.01833333333333 3.41266666666667 3.20566666666667 2.57333333333333 0.633333333333333 -1.30866666666667 -2.83433333333333 -3.61666666666667
-0.628666666666667 -2.23933333333333 -3.306 -3.63533333333333 -2.68366666666667 -1.02666666666667 0.828 2.01833333333333 3.41266666666667 3.20566666666667 2.57333333333333 0.633333333333333 -1.30866666666667 -2.83433333333333 -3.61666666666667 -3.123 -2.28833333333333 -0.743333333333333 1.26866666666667 3.50833333333333 4.84433333333333 4.991 3.84833333333333 1.859 -0.0796666666666666 -1.907 -2.83133333333333
-1.30866666666667 -2.83433333333333 -3.61666666666667 -3.123 -2.28833333333333 -0.743333333333333 1.26866666666667 3.50833333333333 4.84433333333333 4.991 3.84833333333333 1.859 -0.0796666666666666 -1.907 -2.83133333333333 -3.08433333333333 -2.50566666666667 -1.24066666666667 0.344666666666667 2.09733333333333 3.29633333333333 3.32366666666667 2.35166666666667 1.15533333333333 -0.509666666666667 -1.681 -3.02833333333333
-0.0796666666666666 -1.907 -2.83133333333333 -3.08433333333333 -2.50566666666667 -1.24066666666667 0.344666666666667 2.09733333333333 3.29633333333333 3.32366666666667 2.35166666666667 1.15533333333333 -0.509666666666667 -1.681 -3.02833333333333 -2.95333333333333 -2.13366666666667 -0.556333333333333 1.248 2.312 3.39733333333333 2.73166666666667 2.34033333333333 0.533333333333333 -0.723 -2.34566666666667 -2.92266666666667
-0.509666666666667 -1.681 -3.02833333333333 -2.95333333333333 -2.13366666666667 -0.556333333333333 1.248 2.312 3.39733333333333 2.73166666666667 2.34033333333333 0.533333333333333 -0.723 -2.34566666666667 -2.92266666666667 -3.054 -1.89233333333333 -0.713 1.657 2.77966666666667 3.94466666666667 3.40966666666667 2.61366666666667 0.753666666666667 -0.539333333333333 -1.98866666666667 -2.64866666666667
-0.723 -2.34566666666667 -2.92266666666667 -3.054 -1.89233333333333 -0.713 1.657 2.77966666666667 3.94466666666667 3.40966666666667 2.61366666666667 0.753666666666667 -0.539333333333333 -1.98866666666667 -2.64866666666667 -2.88666666666667 -2.20966666666667 -0.0543333333333333 1.49733333333333 3.06 4.05566666666667 4.21266666666667 3.30333333333333 1.15266666666667 -0.841666666666667 -2.687 -4.11833333333333
-0.539333333333333 -1.98866666666667 -2.64866666666667 -2.88666666666667 -2.20966666666667 -0.0543333333333333 1.49733333333333 3.06 4.05566666666667 4.21266666666667 3.30333333333333 1.15266666666667 -0.841666666666667 -2.687 -4.11833333333333 -3.93066666666667 -2.605 -0.686 1.42033333333333 3.23166666666667 4.30033333333333 4.44733333333333 3.26566666666667 1.832 -0.318333333333333 -1.58166666666667 -2.594
-0.841666666666667 -2.687 -4.11833333333333 -3.93066666666667 -2.605 -0.686 1.42033333333333 3.23166666666667 4.30033333333333 4.44733333333333 3.26566666666667 1.832 -0.318333333333333 -1.58166666666667 -2.594 -2.79333333333333 -2.11666666666667 -0.696 1.35766666666667 2.76666666666667 3.094 2.66533333333333 1.92466666666667 0.766 -0.722666666666667 -2.23366666666667 -2.72566666666667
-0.318333333333333 -1.58166666666667 -2.594 -2.79333333333333 -2.11666666666667 -0.696 1.35766666666667 2.76666666666667 3.094 2.66533333333333 1.92466666666667 0.766 -0.722666666666667 -2.23366666666667 -2.72566666666667 -2.661 -2.06433333333333 -0.728 0.822333333333333 2.28366666666667 3.2 3.32166666666667 2.779 0.998333333333333 -0.983 -2.777 -3.51933333333333
-0.722666666666667 -2.23366666666667 -2.72566666666667 -2.661 -2.06433333333333 -0.728 0.822333333333333 2.28366666666667 3.2 3.32166666666667 2.779 0.998333333333333 -0.983 -2.777 -3.51933333333333 -3.67466666666667 -2.664 -1.11133333333333 1.26766666666667 3.009 4.35466666666667 4.429 3.399 1.55133333333333 -0.899333333333333 -2.54733333333333 -3.68466666666667
-0.983 -2.777 -3.51933333333333 -3.67466666666667 -2.664 -1.11133333333333 1.26766666666667 3.009 4.35466666666667 4.429 3.399 1.55133333333333 -0.899333333333333 -2.54733333333333 -3.68466666666667 -3.29133333333333 -2.418 -0.696 1.17666666666667 3.05666666666667 4.394 4.733 4.05766666666667 2.13633333333333 -0.251 -2.12133333333333 -3.20633333333333
-0.899333333333333 -2.54733333333333 -3.68466666666667 -3.29133333333333 -2.418 -0.696 1.17666666666667 3.05666666666667 4.394 4.733 4.05766666666667 2.13633333333333 -0.251 -2.12133333333333 -3.20633333333333 -3.01033333333333 -2.14033333333333 -0.641666666666667 1.107 2.50833333333333 3.63133333333333 3.385 2.564 0.705 -1.05366666666667 -2.54866666666667 -3.107
-0.251 -2.12133333333333 -3.20633333333333 -3.01033333333333 -2.14033333333333 -0.641666666666667 1.107 2.50833333333333 3.63133333333333 3.385 2.564 0.705 -1.05366666666667 -2.54866666666667 -3.107 -2.83766666666667 -2.08666666666667 -0.853 0.783 2.35333333333333 3.41033333333333 3.32533333333333 2.41866666666667 0.958666666666666 -0.372666666666667 -1.602 -2.341
-1.05366666666667 -2.54866666666667 -3.107 -2.83766666666667 -2.08666666666667 -0.853 0.783 2.35333333333333 3.41033333333333 3.32533333333333 2.41866666666667 0.958666666666666 -0.372666666666667 -1.602 -2.341 -2.50766666666667 -1.571 -0.143666666666667 1.39166666666667 2.967 3.734 4.04366666666667 2.86533333333333 0.879666666666667 -1.078 -2.642 -2.90466666666667
-0.372666666666667 -1.602 -2.341 -2.50766666666667 -1.571 -0.143666666666667 1.39166666666667 2.967 3.734 4.04366666666667 2.86533333333333 0.879666666666667 -1.078 -2.642 -2.90466666666667 -2.98066666666667 -2.369 -1.288 0.227333333333333 1.42766666666667 2.18733333333333 2.32033333333333 1.95666666666667 0.834 -0.398333333333333 -1.49766666666667 -2.24266666666667
-1.078 -2.642 -2.90466666666667 -2.98066666666667 -2.369 -1.288 0.227333333333333 1.42766666666667 2.18733333333333 2.32033333333333 1.95666666666667 0.834 -0.398333333333333 -1.49766666666667 -2.24266666666667 -2.418 -1.72133333333333 -0.337666666666667 0.718333333333333 1.61933333333333 1.81633333333333 2.149 1.33533333333333 0.742 -1.16566666666667 -2.235 -3.19633333333333
-0.398333333333333 -1.49766666666667 -2.24266666666667 -2.418 -1.72133333333333 -0.337666666666667 0.718333333333333 1.61933333333333 1.81633333333333 2.149 1.33533333333333 0.742 -1.16566666666667 -2.235 -3.19633333333333 -2.76266666666667 -1.90033333333333 -0.518666666666667 1.2 2.51333333333333 3.58366666666667 3.38366666666667 2.528 0.834666666666667 -0.709666666666667 -1.65233333333333 -2.031
-1.16566666666667 -2.235 -3.19633333333333 -2.76266666666667 -1.90033333333333 -0.518666666666667 1.2 2.51333333333333 3.58366666666667 3.38366666666667 2.528 0.834666666666667 -0.709666666666667 -1.65233333333333 -2.031 -1.81966666666667 -1.483 -0.808666666666667 -0.0106666666666667 0.764333333333333 1.18733333333333 1.49866666666667 1.35533333333333 0.546333333333333 -0.616666666666667 -1.662 -2.63433333333333
-0.709666666666667 -1.65233333333333 -2.031 -1.81966666666667 -1.483 -0.808666666666667 -0.0106666666666667 0.764333333333333 1.18733333333333 1.49866666666667 1.35533333333333 0.546333333333333 -0.616666666666667 -1.662 -2.63433333333333 -2.555 -1.972 -0.686 0.186333333333333 1.18066666666667 1.99066666666667 2.182 1.15566666666667 -0.097 -1.361 -2.47766666666667 -3.016
-0.616666666666667 -1.662 -2.63433333333333 -2.555 -1.972 -0.686 0.186333333333333 1.18066666666667 1.99066666666667 2.182 1.15566666666667 -0.097 -1.361 -2.47766666666667 -3.016 -2.797 -1.94766666666667 -0.852 -0.0700000000000001 1.363 1.97133333333333 2.20566666666667 1.032 -0.357 -1.65366666666667 -2.31 -2.726
-1.361 -2.47766666666667 -3.016 -2.797 -1.94766666666667 -0.852 -0.0700000000000001 1.363 1.97133333333333 2.20566666666667 1.032 -0.357 -1.65366666666667 -2.31 -2.726 -2.738 -2.30466666666667 -0.957666666666666 0.197333333333333 1.55766666666667 2.76666666666667 2.96466666666667 2.03766666666667 0.307 -1.276 -2.69 -4.045
-1.65366666666667 -2.31 -2.726 -2.738 -2.30466666666667 -0.957666666666666 0.197333333333333 1.55766666666667 2.76666666666667 2.96466666666667 2.03766666666667 0.307 -1.276 -2.69 -4.045 -4.08066666666667 -3.16966666666667 -1.355 0.345 2.50533333333333 3.57633333333333 3.569 1.97866666666667 0.245 -1.31966666666667 -2.59466666666667 -3.59433333333333
-1.276 -2.69 -4.045 -4.08066666666667 -3.16966666666667 -1.355 0.345 2.50533333333333 3.57633333333333 3.569 1.97866666666667 0.245 -1.31966666666667 -2.59466666666667 -3.59433333333333 -3.75866666666667 -3.06533333333333 -1.174 0.346666666666667 1.72533333333333 2.238 2.489 1.70566666666667 0.375333333333333 -1.31833333333333 -2.561 -3.33733333333333
-1.31966666666667 -2.59466666666667 -3.59433333333333 -3.75866666666667 -3.06533333333333 -1.174 0.346666666666667 1.72533333333333 2.238 2.489 1.70566666666667 0.375333333333333 -1.31833333333333 -2.561 -3.33733333333333 -3.27433333333333 -2.31933333333333 -1.16933333333333 0.927 1.92433333333333 3.52666666666667 2.84966666666667 2.14066666666667 0.0643333333333333 -1.23266666666667 -2.79066666666667 -3.61566666666667
-1.31833333333333 -2.561 -3.33733333333333 -3.27433333333333 -2.31933333333333 -1.16933333333333 0.927 1.92433333333333 3.52666666666667 2.84966666666667 2.14066666666667 0.0643333333333333 -1.23266666666667 -2.79066666666667 -3.61566666666667 -3.89833333333333 -3.023 -1.509 0.164333333333333 1.63433333333333 2.52866666666667 2.76366666666667 1.75266666666667 0.0270000000000001 -1.542 -2.53433333333333 -3.10433333333333
-1.23266666666667 -2.79066666666667 -3.61566666666667 -3.89833333333333 -3.023 -1.509 0.164333333333333 1.63433333333333 2.52866666666667 2.76366666666667 1.75266666666667 0.0270000000000001 -1.542 -2.53433333333333 -3.10433333333333 -3.12866666666667 -2.61433333333333 -1.449 -0.246333333333333 1.69666666666667 3.222 3.67433333333333 2.99566666666667 1.044 -0.521 -2.232 -2.916
-1.542 -2.53433333333333 -3.10433333333333 -3.12866666666667 -2.61433333333333 -1.449 -0.246333333333333 1.69666666666667 3.222 3.67433333333333 2.99566666666667 1.044 -0.521 -2.232 -2.916 -3.135 -2.494 -1.22666666666667 -0.132333333333333 1.25433333333333 2.186 2.86566666666667 2.12833333333333 1.03966666666667 -0.631333333333333 -1.81433333333333 -2.86266666666667
-0.521 -2.232 -2.916 -3.135 -2.494 -1.22666666666667 -0.132333333333333 1.25433333333333 2.186 2.86566666666667 2.12833333333333 1.03966666666667 -0.631333333333333 -1.81433333333333 -2.86266666666667 -2.69066666666667 -1.89033333333333 -0.241333333333333 0.975 1.98833333333333 2.35533333333333 2.459 1.748 0.450666666666667 -0.759333333333333 -1.66466666666667 -2.197
-0.631333333333333 -1.81433333333333 -2.86266666666667 -2.69066666666667 -1.89033333333333 -0.241333333333333 0.975 1.98833333333333 2.35533333333333 2.459 1.748 0.450666666666667 -0.759333333333333 -1.66466666666667 -2.197 -2.28666666666667 -1.73 -0.639333333333333 0.787666666666667 1.99833333333333 2.95966666666667 3.19133333333333 2.564 0.862 -1.44866666666667 -3.25666666666667 -4.00566666666667
-0.759333333333333 -1.66466666666667 -2.197 -2.28666666666667 -1.73 -0.639333333333333 0.787666666666667 1.99833333333333 2.95966666666667 3.19133333333333 2.564 0.862 -1.44866666666667 -3.25666666666667 -4.00566666666667 -3.87866666666667 -3.21133333333333 -2.24466666666667 -0.884 -0.056 0.667333333333333 0.442333333333333 0.424 -0.524 -1.17666666666667 -2.21833333333333 -2.59066666666667
-1.44866666666667 -3.25666666666667 -4.00566666666667 -3.87866666666667 -3.21133333333333 -2.24466666666667 -0.884 -0.056 0.667333333333333 0.442333333333333 0.424 -0.524 -1.17666666666667 -2.21833333333333 -2.59066666666667 -2.80766666666667 -2.426 -1.33366666666667 0.259666666666667 1.898 2.793 2.82333333333333 1.781 0.206666666666667 -1.631 -2.71533333333333 -3.261
-1.17666666666667 -2.21833333333333 -2.59066666666667 -2.80766666666667 -2.426 -1.33366666666667 0.259666666666667 1.898 2.793 2.82333333333333 1.781 0.206666666666667 -1.631 -2.71533333333333 -3.261 -3.06333333333333 -2.53666666666667 -1.444 0.395666666666667 1.86833333333333 3.004 2.83066666666667 2.05233333333333 0.0490000000000001 -1.64066666666667 -2.89733333333333 -3.375
-1.631 -2.71533333333333 -3.261 -3.06333333333333 -2.53666666666667 -1.444 0.395666666666667 1.86833333333333 3.004 2.83066666666667 2.05233333333333 0.0490000000000001 -1.64066666666667 -2.89733333333333 -3.375 -3.64266666666667 -2.99266666666667 -1.945 -0.583 0.277666666666667 1.23566666666667 1.799 1.692 0.358 -1.20266666666667 -2.689 -3.45233333333333
