2.468 0.921666666666667 0.327333333333333 0.00633333333333334 0.634 1.10466666666667 2.37533333333333 3.62633333333333 4.87033333333333 5.07833333333333 4.13566666666667 2.993 1.85966666666667 0.832 -0.258333333333333 -0.230666666666667 0.300333333333333 1.84833333333333 3.19166666666667 4.9 5.37633333333333 5.36633333333333 4.33033333333333 3.577 1.93833333333333 0.422666666666667 -0.76
1.85966666666667 0.832 -0.258333333333333 -0.230666666666667 0.300333333333333 1.84833333333333 3.19166666666667 4.9 5.37633333333333 5.36633333333333 4.33033333333333 3.577 1.93833333333333 0.422666666666667 -0.76 -0.85 0.0933333333333334 1.77733333333333 3.50833333333333 4.975 5.524 5.539 4.85066666666667 3.91366666666667 2.56466666666667 1.20933333333333 0.0523333333333334
1.93833333333333 0.422666666666667 -0.76 -0.85 0.0933333333333334 1.77733333333333 3.50833333333333 4.975 5.524 5.539 4.85066666666667 3.91366666666667 2.56466666666667 1.20933333333333 0.0523333333333334 -0.585 -0.296 1.12366666666667 3.003 4.69533333333333 5.08233333333333 4.855 4.11633333333333 3.409 2.17066666666667 0.474333333333333 -1.03833333333333
2.56466666666667 1.20933333333333 0.0523333333333334 -0.585 -0.296 1.12366666666667 3.003 4.69533333333333 5.08233333333333 4.855 4.11633333333333 3.409 2.17066666666667 0.474333333333333 -1.03833333333333 -1.478 -0.503333333333333 1.009 3.04533333333333 4.48866666666667 5.432 5.40433333333333 4.71966666666667 3.465 2.035 0.420333333333333 -0.329666666666667
2.17066666666667 0.474333333333333 -1.03833333333333 -1.478 -0.503333333333333 1.009 3.04533333333333 4.48866666666667 5.432 5.40433333333333 4.71966666666667 3.465 2.035 0.420333333333333 -0.329666666666667 -0.426333333333333 0.0856666666666667 0.924333333333333 2.04933333333333 3.84733333333333 5.124 5.41966666666667 4.811 3.53433333333333 2.348 0.678 -0.464333333333333
2.035 0.420333333333333 -0.329666666666667 -0.426333333333333 0.0856666666666667 0.924333333333333 2.04933333333333 3.84733333333333 5.124 5.41966666666667 4.811 3.53433333333333 2.348 0.678 -0.464333333333333 -0.831333333333333 0.0246666666666667 1.26966666666667 2.74633333333333 3.86133333333333 4.938 4.76933333333333 3.874 2.32133333333333 0.289333333333333 -0.605 -2.08
2.348 0.678 -0.464333333333333 -0.831333333333333 0.0246666666666667 1.26966666666667 2.74633333333333 3.86133333333333 4.938 4.76933333333333 3.874 2.32133333333333 0.289333333333333 -0.605 -2.08 -1.57133333333333 -1.208 0.830666666666667 2.37866666666667 4.107 5.024 5.386 4.986 4.08633333333333 2.46666666666667 0.0203333333333335 -1.479
0.289333333333333 -0.605 -2.08 -1.57133333333333 -1.208 0.830666666666667 2.37866666666667 4.107 5.024 5.386 4.986 4.08633333333333 2.46666666666667 0.0203333333333335 -1.479 -1.33133333333333 0.3 2.15233333333333 3.70733333333333 5.41733333333333 6.103 5.633 4.33966666666667 2.96633333333333 1.66966666666667 0.247666666666667 -0.974666666666667
2.46666666666667 0.0203333333333335 -1.479 -1.33133333333333 0.3 2.15233333333333 3.70733333333333 5.41733333333333 6.103 5.633 4.33966666666667 2.96633333333333 1.66966666666667 0.247666666666667 -0.974666666666667 -0.699 -0.256666666666667 1.486 2.47166666666667 4.01433333333333 4.95333333333333 5.12966666666667 4.917 3.66266666666667 2.646 0.711 -0.633
1.66966666666667 0.247666666666667 -0.974666666666667 -0.699 -0.256666666666667 1.486 2.47166666666667 4.01433333333333 4.95333333333333 5.12966666666667 4.917 3.66266666666667 2.646 0.711 -0.633 -1.10933333333333 0.105333333333333 1.74333333333333 3.07 3.86133333333333 4.40733333333333 4.498 4.281 3.277 1.89233333333333 0.225 -0.667666666666667
2.646 0.711 -0.633 -1.10933333333333 0.105333333333333 1.74333333333333 3.07 3.86133333333333 4.40733333333333 4.498 4.281 3.277 1.89233333333333 0.225 -0.667666666666667 -1.258 -0.794333333333333 -0.275333333333333 1.82633333333333 3.32366666666667 4.83333333333333 4.90366666666667 4.73733333333333 3.9 2.57133333333333 1.089 0.0293333333333334
1.89233333333333 0.225 -0.667666666666667 -1.258 -0.794333333333333 -0.275333333333333 1.82633333333333 3.32366666666667 4.83333333333333 4.90366666666667 4.73733333333333 3.9 2.57133333333333 1.089 0.0293333333333334 -0.58 0.0113333333333333 1.03566666666667 3.09366666666667 4.35866666666667 5.03766666666667 4.691 3.74333333333333 2.449 1.18566666666667 -0.312 -1.034
2.57133333333333 1.089 0.0293333333333334 -0.58 0.0113333333333333 1.03566666666667 3.09366666666667 4.35866666666667 5.03766666666667 4.691 3.74333333333333 2.449 1.18566666666667 -0.312 -1.034 -1.34933333333333 -0.558 1.35466666666667 3.32166666666667 5.14533333333333 5.814 5.52666666666667 4.98033333333333 3.98 2.38233333333333 0.511666666666667 -1.03533333333333
1.18566666666667 -0.312 -1.034 -1.34933333333333 -0.558 1.35466666666667 3.32166666666667 5.14533333333333 5.814 5.52666666666667 4.98033333333333 3.98 2.38233333333333 0.511666666666667 -1.03533333333333 -1.079 -0.191666666666667 1.29966666666667 3.06733333333333 4.231 5.097 5.17766666666667 4.54966666666667 3.234 1.55533333333333 0.462 -0.462
2.38233333333333 0.511666666666667 -1.03533333333333 -1.079 -0.191666666666667 1.29966666666667 3.06733333333333 4.231 5.097 5.17766666666667 4.54966666666667 3.234 1.55533333333333 0.462 -0.462 -0.0623333333333334 0.219 1.16166666666667 1.751 3.38233333333333 4.484 4.944 3.61466666666667 1.88466666666667 0.416666666666667 -0.327333333333333 -1.83633333333333
1.55533333333333 0.462 -0.462 -0.0623333333333334 0.219 1.16166666666667 1.751 3.38233333333333 4.484 4.944 3.61466666666667 1.88466666666667 0.416666666666667 -0.327333333333333 -1.83633333333333 -1.915 -1.43866666666667 0.744333333333333 2.40933333333333 4.16833333333333 5.41733333333333 5.31933333333333 4.66633333333333 3.72966666666667 2.523 1.212 0.149333333333333
0.416666666666667 -0.327333333333333 -1.83633333333333 -1.915 -1.43866666666667 0.744333333333333 2.40933333333333 4.16833333333333 5.41733333333333 5.31933333333333 4.66633333333333 3.72966666666667 2.523 1.212 0.149333333333333 -0.570666666666667 -0.408333333333333 0.289 2.24166666666667 4.11166666666667 5.02133333333333 5.02033333333333 4.243 3.426 1.788 -0.0509999999999999 -1.86933333333333
2.523 1.212 0.149333333333333 -0.570666666666667 -0.408333333333333 0.289 2.24166666666667 4.11166666666667 5.02133333333333 5.02033333333333 4.243 3.426 1.788 -0.0509999999999999 -1.86933333333333 -1.91266666666667 -1.20066666666667 0.692666666666667 2.43733333333333 3.96833333333333 4.91833333333333 4.673 3.684 2.18033333333333 0.983333333333333 -0.301666666666667 -1.60166666666667
1.788 -0.0509999999999999 -1.86933333333333 -1.91266666666667 -1.20066666666667 0.692666666666667 2.43733333333333 3.96833333333333 4.91833333333333 4.673 3.684 2.18033333333333 0.983333333333333 -0.301666666666667 -1.60166666666667 -1.963 -1.401 0.549333333333333 2.045 3.90066666666667 4.88266666666667 5.211 4.805 3.57366666666667 2.15233333333333 0.362333333333333 -0.804
0.983333333333333 -0.301666666666667 -1.60166666666667 -1.963 -1.401 0.549333333333333 2.045 3.90066666666667 4.88266666666667 5.211 4.805 3.57366666666667 2.15233333333333 0.362333333333333 -0.804 -1.00466666666667 -0.811333333333333 0.421666666666667 1.78633333333333 3.96133333333333 5.09033333333333 5.42533333333333 4.88933333333333 3.788 1.88 -0.0793333333333334 -1.409
2.15233333333333 0.362333333333333 -0.804 -1.00466666666667 -0.811333333333333 0.421666666666667 1.78633333333333 3.96133333333333 5.09033333333333 5.42533333333333 4.88933333333333 3.788 1.88 -0.0793333333333334 -1.409 -1.09233333333333 -0.558 0.872666666666667 2.474 4.29466666666667 5.66566666666667 5.68633333333333 4.621 2.542 0.666666666666667 -0.353666666666667 -1.33866666666667
1.88 -0.0793333333333334 -1.409 -1.09233333333333 -0.558 0.872666666666667 2.474 4.29466666666667 5.66566666666667 5.68633333333333 4.621 2.542 0.666666666666667 -0.353666666666667 -1.33866666666667 -1.97966666666667 -2.13 -0.857 1.505 3.52933333333333 4.91033333333333 5.27266666666667 5.12066666666667 4.57733333333333 3.16266666666667 1.95366666666667 0.733
0.666666666666667 -0.353666666666667 -1.33866666666667 -1.97966666666667 -2.13 -0.857 1.505 3.52933333333333 4.91033333333333 5.27266666666667 5.12066666666667 4.57733333333333 3.16266666666667 1.95366666666667 0.733 0.123666666666667 0.605333333333333 1.843 3.49633333333333 4.62966666666667 5.08266666666667 5.092 4.661 3.91466666666667 2.706 1.00166666666667 -0.480666666666667
3.16266666666667 1.95366666666667 0.733 0.123666666666667 0.605333333333333 1.843 3.49633333333333 4.62966666666667 5.08266666666667 5.092 4.661 3.91466666666667 2.706 1.00166666666667 -0.480666666666667 -0.909666666666667 -0.296666666666667 1.439 3.15366666666667 4.469 4.86566666666667 4.694 4.198 3.38266666666667 1.91766666666667 -0.359 -1.33633333333333
2.706 1.00166666666667 -0.480666666666667 -0.909666666666667 -0.296666666666667 1.439 3.15366666666667 4.469 4.86566666666667 4.694 4.198 3.38266666666667 1.91766666666667 -0.359 -1.33633333333333 -1.294 0.332666666666667 1.548 3.111 4.48533333333333 5.15466666666667 4.84633333333333 4.57233333333333 3.84533333333333 2.91433333333333 0.465666666666667 -1.094
1.91766666666667 -0.359 -1.33633333333333 -1.294 0.332666666666667 1.548 3.111 4.48533333333333 5.15466666666667 4.84633333333333 4.57233333333333 3.84533333333333 2.91433333333333 0.465666666666667 -1.094 -1.84266666666667 -0.715333333333333 0.748333333333333 2.84333333333333 4.35533333333333 5.39633333333333 5.34633333333333 4.81833333333333 3.107 1.50333333333333 -0.0536666666666667 -0.894
2.91433333333333 0.465666666666667 -1.094 -1.84266666666667 -0.715333333333333 0.748333333333333 2.84333333333333 4.35533333333333 5.39633333333333 5.34633333333333 4.81833333333333 3.107 1.50333333333333 -0.0536666666666667 -0.894 -0.859 -0.00866666666666667 1.29766666666667 2.74366666666667 3.938 4.793 4.94866666666667 4.37366666666667 3.53033333333333 1.854 0.334 -1.18733333333333
1.50333333333333 -0.0536666666666667 -0.894 -0.859 -0.00866666666666667 1.29766666666667 2.74366666666667 3.938 4.793 4.94866666666667 4.37366666666667 3.53033333333333 1.854 0.334 -1.18733333333333 -1.40533333333333 -0.949666666666667 0.745666666666667 2.61433333333333 4.18233333333333 5.37266666666667 5.24166666666667 4.668 3.39533333333333 2.03566666666667 0.77 -0.598333333333333
1.854 0.334 -1.18733333333333 -1.40533333333333 -0.949666666666667 0.745666666666667 2.61433333333333 4.18233333333333 5.37266666666667 5.24166666666667 4.668 3.39533333333333 2.03566666666667 0.77 -0.598333333333333 -1.053 -0.915333333333333 0.104333333333333 1.80833333333333 3.70433333333333 5.106 5.12733333333333 4.584 3.979 2.763 1.306 0.0243333333333333
2.03566666666667 0.77 -0.598333333333333 -1.053 -0.915333333333333 0.104333333333333 1.80833333333333 3.70433333333333 5.106 5.12733333333333 4.584 3.979 2.763 1.306 0.0243333333333333 -0.226666666666667 0.384666666666667 1.56166666666667 3.30266666666667 4.82733333333333 5.51966666666667 5.43833333333333 4.44 3.16933333333333 1.349 -0.129 -1.765
2.763 1.306 0.0243333333333333 -0.226666666666667 0.384666666666667 1.56166666666667 3.30266666666667 4.82733333333333 5.51966666666667 5.43833333333333 4.44 3.16933333333333 1.349 -0.129 -1.765 -1.93066666666667 -1.16833333333333 1.10266666666667 3.329 5.01766666666667 5.841 5.83766666666667 5.19833333333333 3.81633333333333 1.666 0.0496666666666667 -1.246
1.349 -0.129 -1.765 -1.93066666666667 -1.16833333333333 1.10266666666667 3.329 5.01766666666667 5.841 5.83766666666667 5.19833333333333 3.81633333333333 1.666 0.0496666666666667 -1.246 -1.281 -0.294 1.352 3.23366666666667 4.27166666666667 4.92433333333333 4.71433333333333 3.83 2.63566666666667 1.192 -0.174 -1.066
1.666 0.0496666666666667 -1.246 -1.281 -0.294 1.352 3.23366666666667 4.27166666666667 4.92433333333333 4.71433333333333 3.83 2.63566666666667 1.192 -0.174 -1.066 -0.881 0.0126666666666667 1.30966666666667 2.49366666666667 4.03933333333333 5.04366666666667 5.42066666666667 4.449 3.21466666666667 1.49433333333333 0.126666666666667 -1.04766666666667
1.192 -0.174 -1.066 -0.881 0.0126666666666667 1.30966666666667 2.49366666666667 4.03933333333333 5.04366666666667 5.42066666666667 4.449 3.21466666666667 1.49433333333333 0.126666666666667 -1.04766666666667 -1.056 -0.316 1.28733333333333 2.94066666666667 4.28266666666667 4.99 5.164 4.66833333333333 3.614 2.26066666666667 0.62 -0.851666666666667
1.49433333333333 0.126666666666667 -1.04766666666667 -1.056 -0.316 1.28733333333333 2.94066666666667 4.28266666666667 4.99 5.164 4.66833333333333 3.614 2.26066666666667 0.62 -0.851666666666667 -1.495 -0.384 1.58933333333333 3.42633333333333 4.624 5.25866666666667 5.30366666666667 4.85233333333333 3.65433333333333 1.97433333333333 -0.118 -1.50866666666667
2.26066666666667 0.62 -0.851666666666667 -1.495 -0.384 1.58933333333333 3.42633333333333 4.624 5.25866666666667 5.30366666666667 4.85233333333333 3.65433333333333 1.97433333333333 -0.118 -1.50866666666667 -1.73733333333333 -0.876 0.596 2.22 3.69633333333333 4.81033333333333 5.16 4.68933333333333 3.385 1.62566666666667 -0.016 -0.742
1.97433333333333 -0.118 -1.50866666666667 -1.73733333333333 -0.876 0.596 2.22 3.69633333333333 4.81033333333333 5.16 4.68933333333333 3.385 1.62566666666667 -0.016 -0.742 -0.884666666666667 -0.0353333333333334 1.39933333333333 3.26866666666667 4.53433333333333 4.988 4.80466666666667 4.34533333333333 3.435 2.149 0.701 -0.838666666666667
