1948	1	3.423	997.729	-1.129	-1.242	NA
1948	2	6.505	997.803	-1.908	-2.558	NA
1948	3	12.327	997.225	-2.027	-0.545	NA
1948	4	15.909	997.555	-1.774	2.546	NA
1948	5	17.648	997	-1.571	4.472	NA
1948	6	19.373	997.124	-1.641	6.147	NA
1948	7	18.978	997.205	-1.232	5.212	NA
1948	8	18.924	996.376	-1.002	5.286	NA
1948	9	17.715	996.906	-1.681	3.198	NA
1948	10	12.703	997.056	-1.37	1.341	NA
1948	11	8.159	997.712	-2.586	-0.314	NA
1948	12	5.131	998.014	-1.923	-0.654	NA
1949	1	3.052	997.997	-0.892	-0.142	NA
1949	2	6.197	996.358	-2.189	-0.636	NA
1949	3	11.731	996.796	-1.899	0.393	NA
1949	4	14.94	997.186	-1.147	2.842	NA
1949	5	16.847	996.493	-0.1	4.74	NA
1949	6	19.282	997.255	-1.285	7.871	NA
1949	7	19.153	997.383	-0.961	6.041	NA
1949	8	19.032	997.425	-1.328	6.908	NA
1949	9	18.45	997.173	-1.812	5.663	NA
1949	10	14.754	996.551	-2.589	4.095	NA
1949	11	7.763	996.223	-2.144	1.666	NA
1949	12	1.69	994.515	-1.81	-2.218	NA
1950	1	3.621	995.594	-1.584	-2.187	NA
1950	2	5.269	995.995	-2.154	-1.035	NA
1950	3	10.106	996.023	-1.683	0.139	NA
1950	4	14.463	995.403	-1.113	2.335	NA
1950	5	17.041	996.068	-0.927	5.983	NA
1950	6	19.094	996.19	-0.952	8.309	NA
1950	7	18.702	997.309	-0.811	8.145	NA
1950	8	18.701	997.458	-1.125	7.313	NA
1950	9	18.177	997.397	-1.932	6.525	NA
1950	10	16.02	997.005	-2.363	3.913	NA
1950	11	6.902	995.229	-1.725	0.628	NA
1950	12	1.718	996.109	-0.629	-0.92	NA
1951	1	1.549	997.142	-1.911	-1.216	NA
1951	2	7.167	996.052	-2.503	-0.991	NA
1951	3	8.628	997.093	-1.759	0.169	NA
1951	4	14.832	997.062	-1.762	1.479	NA
1951	5	16.422	997.784	-0.534	3.491	NA
1951	6	19.279	997.338	-1.038	8.072	NA
1951	7	19.091	997.762	-0.767	6.157	NA
1951	8	19.371	998.074	-1.197	6.933	NA
1951	9	17.778	997.74	-1.471	4.292	NA
1951	10	14.198	997.955	-1.719	3.349	NA
1951	11	7.804	996.833	-1.566	1.372	NA
1951	12	3.468	997.12	-0.622	0.095	NA
1952	1	3.422	997.542	-1.053	-0.772	NA
1952	2	6.396	996.618	-2.891	-0.486	NA
1952	3	12.064	996.85	-2.286	0.628	NA
1952	4	13.597	997.696	-0.823	1.166	NA
1952	5	17.303	996.865	-1.212	4.827	NA
1952	6	19.128	997.323	-0.815	7.188	NA
1952	7	19.563	997.771	-0.937	7.565	NA
1952	8	18.848	997.36	-1.289	7.144	NA
1952	9	17.957	997.501	-1.422	4.466	NA
1952	10	14.324	997.093	-1.519	4.833	NA
1952	11	9.652	996.318	-2.337	2.209	NA
1952	12	1.105	997.936	-1.39	-0.983	NA
1953	1	1.726	997.606	-1.701	-0.986	NA
1953	2	4.562	998.209	-2.043	-1.112	NA
1953	3	11.504	997.111	-2.339	0.251	NA
1953	4	13.607	996.901	-1.922	1.503	NA
1953	5	16.786	997.875	-0.259	4.66	NA
1953	6	18.992	997.182	-0.378	6.635	NA
1953	7	19.706	998.109	-0.454	5.927	NA
1953	8	19.858	997.461	-0.917	5.988	NA
1953	9	17.344	998.013	-2.254	4.462	NA
1953	10	14.641	997.623	-1.971	2.129	NA
1953	11	7.783	997.442	-1.538	1.745	NA
1953	12	2.143	997.195	-1.045	-2.018	NA
1954	1	4.729	995.717	-2.114	-1.397	NA
1954	2	7.295	996.945	-1.95	-1.5	NA
1954	3	7.963	996.634	-2.172	-0.61	NA
1954	4	16.307	996.117	-1.695	0.732	NA
1954	5	17.612	995.556	-0.864	2.814	NA
1954	6	19.044	996.402	-0.682	5.67	NA
1954	7	19.205	996.333	-0.702	3.828	NA
1954	8	18.789	996.188	-1.399	4.614	NA
1954	9	18.078	996.549	-1.555	3.889	NA
1954	10	14.108	996.957	-2.062	0.556	NA
1954	11	8.779	996.585	-2.09	-1.499	NA
1954	12	2.285	995.325	-2.333	-1.308	NA
1955	1	-0.314	997.689	-0.938	-2.845	NA
1955	2	5.674	994.614	-1.486	-1.749	NA
1955	3	11.119	996.341	-2.062	-0.717	NA
1955	4	15.312	995.6	-1.52	0.237	NA
1955	5	17.703	995.379	-0.863	3.36	NA
1955	6	18.653	996.185	-0.652	5.847	NA
1955	7	19.425	996.57	-0.563	3.775	NA
1955	8	18.07	996.48	-1.091	4.077	NA
1955	9	18.208	996.278	-1.102	1.883	NA
1955	10	13.983	995.989	-2.163	1.366	NA
1955	11	5.389	995.098	-0.777	-0.047	NA
1955	12	2.706	995.975	-1.013	-2.28	NA
1956	1	-0.208	994.984	-1.295	-2.512	NA
1956	2	3.899	995.393	-2.434	-1.563	NA
1956	3	10.777	996.277	-2.26	0.337	NA
1956	4	15.329	995.005	-1.048	1.642	NA
1956	5	17.128	995.317	-1.016	4.602	NA
1956	6	18.899	996.224	-0.373	4.921	NA
1956	7	18.976	996.416	0.081	5.562	NA
1956	8	18.702	996.119	-0.704	4.341	NA
1956	9	17.336	996.205	-1.324	3.76	NA
1956	10	13.298	996.447	-1.68	1.78	NA
1956	11	6.996	996.198	-1.328	-1.868	NA
1956	12	3.545	995.608	-1.371	-2.472	NA
1957	1	4.829	996.103	-1.629	-1.691	NA
1957	2	3.505	996.766	-1.764	-1.581	NA
1957	3	10.457	997.018	-1.566	-0.79	NA
1957	4	14.635	996.754	-1.518	1.388	NA
1957	5	16.326	996.781	-1.569	2.935	NA
1957	6	18.562	996.547	-1.037	5.679	NA
1957	7	20.214	996.12	-0.29	3.933	NA
1957	8	19.392	996.309	-0.868	4.043	NA
1957	9	16.739	997.167	-1.721	3.736	NA
1957	10	11.85	997.259	-0.569	0.877	NA
1957	11	9.033	997.207	-0.577	-0.926	NA
1957	12	5.651	995.967	-0.105	-1.999	NA
1958	1	2.72	998.175	-0.312	-1.646	NA
1958	2	4.503	998.262	-0.428	-2.774	NA
1958	3	12.168	997.019	-0.639	-1.314	NA
1958	4	16.016	996.551	-0.515	-0.103	NA
1958	5	17.122	996.013	-1.24	2.85	NA
1958	6	19.351	996.093	-0.996	4.956	NA
1958	7	20.065	996.527	-0.614	4.572	NA
1958	8	18.798	995.993	-1.152	2.752	NA
1958	9	17.271	996.506	-1.265	2.895	NA
1958	10	12.22	996.246	-0.879	2.226	NA
1958	11	8.562	996.221	-0.98	-0.695	NA
1958	12	5.54	996.974	-0.146	-2.071	NA
1959	1	3.07	997.601	-0.255	-1.036	NA
1959	2	5.132	997.72	-1.142	-1.32	NA
1959	3	10.024	996.688	-0.918	-0.653	NA
1959	4	14.645	996.32	-0.276	1.503	NA
1959	5	15.676	995.536	-1.067	2.286	NA
1959	6	18.636	996.896	-0.372	4.338	NA
1959	7	20.037	997.155	-0.059	4.509	NA
1959	8	19.76	996.618	-0.645	3.523	NA
1959	9	16.592	996.566	-0.888	2.845	NA
1959	10	13.588	996.864	-0.905	1.155	NA
1959	11	8.232	995.51	-1.097	-1.16	NA
1959	12	4.947	995.882	-0.86	-1.408	NA
1960	1	3.959	996.339	-0.905	-1.247	NA
1960	2	6.991	996.532	-0.727	-1.295	NA
1960	3	11.433	996.42	-1.678	-2.269	NA
1960	4	13.216	995.701	-1.405	-0.144	NA
1960	5	16.35	995.694	-1.325	3.161	NA
1960	6	19.469	996.434	-0.877	5.055	NA
1960	7	19.546	996.399	-0.706	3.093	NA
1960	8	19.504	996.334	-1.464	3.539	NA
1960	9	17.668	996.2	-1.439	3.3	NA
1960	10	12.407	996.808	-1.693	1	NA
1960	11	8.552	996.564	-1.142	0.997	NA
1960	12	4.395	996.335	-1.07	-1.524	NA
1961	1	3.743	996.84	-0.937	-1.4	NA
1961	2	5.292	995.159	-1.331	-0.687	NA
1961	3	9.237	997.323	-1.743	-0.673	NA
1961	4	13.716	995.589	-1.456	0.566	NA
1961	5	16.267	995.754	-0.834	3.815	NA
1961	6	19.144	996.338	-1.307	3.626	NA
1961	7	20.16	996.897	-0.803	3.526	NA
1961	8	19.69	996.852	-1.412	4.14	NA
1961	9	17.297	996.827	-1.951	2.853	NA
1961	10	14.383	996.637	-2.591	0.505	NA
1961	11	8.658	996.39	-1.607	-0.187	NA
1961	12	4.863	995.182	-1.219	-1.74	NA
1962	1	1.597	995.14	-1.088	-1.285	NA
1962	2	6.313	996.837	-0.809	-1.442	NA
1962	3	8.991	996.271	-0.821	-0.955	NA
1962	4	13.066	996.22	-1.444	-0.518	NA
1962	5	16.273	995.561	-1.274	3.509	NA
1962	6	18.5	996.526	-1.228	4.144	NA
1962	7	20.173	996.116	-0.751	4.251	NA
1962	8	19.006	997.403	-1.134	2.445	NA
1962	9	17.705	996.573	-1.632	2.804	NA
1962	10	13.082	996.294	-2.054	1.059	NA
1962	11	7.715	996.089	-1.499	-1.608	NA
1962	12	4.836	996.398	-0.375	-1.407	NA
1963	1	2.357	995.748	0.451	-1.744	NA
1963	2	5.468	997.279	-1.022	-1.031	NA
1963	3	10.771	996.54	-1.486	-0.617	NA
1963	4	14.727	996.276	-1.951	-0.75	NA
1963	5	18.58	995.53	-2.186	3.001	NA
1963	6	19.046	997.347	-1.415	4.279	NA
1963	7	19.843	996.915	-1.015	3.797	NA
1963	8	19.551	996.884	-0.948	2.949	NA
1963	9	18.765	997.427	-2.247	2.056	NA
1963	10	13.332	997.788	-1.756	0.909	NA
1963	11	9.197	996.941	-1.154	-1.353	NA
1963	12	4.519	997.17	-0.226	-1.542	NA
1964	1	3.508	996.925	-1.736	-2.919	NA
1964	2	4.342	996.302	-2.471	-1.722	NA
1964	3	10.691	996.741	-1.298	-0.779	NA
1964	4	15.849	995.461	-2.069	-0.127	NA
1964	5	17.198	995.298	-2.023	3.068	NA
1964	6	18.652	995.997	-0.992	4.576	NA
1964	7	19.822	996.172	-0.936	2.904	NA
1964	8	19.607	996.045	-1.148	4.01	NA
1964	9	18.188	995.414	-2.668	2.699	NA
1964	10	14.952	995.806	-2.243	1.694	NA
1964	11	8.589	995.037	-1.081	1.006	NA
1964	12	3.645	996.042	-0.425	-1.987	NA
1965	1	3.808	996.434	-1.119	-1.98	NA
1965	2	5.871	995.216	-1.897	-1.099	NA
1965	3	9.018	996.388	-1.413	-1.699	NA
1965	4	13.536	996.624	-1.638	0.146	NA
1965	5	16.226	995.923	-0.425	4.116	NA
1965	6	18.244	997.481	-1.122	5.335	NA
1965	7	19.603	997.135	-0.558	3.969	NA
1965	8	18.717	997.082	-0.329	3.507	NA
1965	9	16.852	997.34	-1.087	2.888	NA
1965	10	14.042	997.193	-1.265	1.113	NA
1965	11	8.929	997.005	-0.446	-1.268	NA
1965	12	4.126	995.753	-0.789	-0.457	NA
1966	1	4.771	997.919	-0.893	-1.099	NA
1966	2	7.207	997.069	-0.87	-1.057	NA
1966	3	11.659	996.455	-1.292	-1.244	NA
1966	4	14.246	996.374	-1.303	1.305	NA
1966	5	16.444	996.891	-1.067	3.397	NA
1966	6	18.097	997.89	-0.21	3.813	NA
1966	7	19.527	996.571	-0.751	4.061	NA
1966	8	19.098	997.072	-0.646	3.981	NA
1966	9	16.78	997.362	-1.258	1.848	NA
1966	10	13.044	997.071	-1.069	0.071	NA
1966	11	8.223	996.164	-0.551	-0.774	NA
1966	12	4.223	995.411	-1.612	-1.106	NA
1967	1	2.635	996.227	-1.126	-1.447	NA
1967	2	4.182	996.325	-1.508	-1.256	NA
1967	3	9.351	996.79	-1.212	-1.977	NA
1967	4	12.424	997.234	-1.529	-0.725	NA
1967	5	17.042	996.425	-1.465	3.834	NA
1967	6	18.556	996.549	-0.583	3.304	NA
1967	7	20.001	996.853	-0.501	4.124	NA
1967	8	19.876	997.368	-1.541	4.487	NA
1967	9	16.583	997.796	-1.65	2.577	NA
1967	10	11.709	997.53	-1.245	0.819	NA
1967	11	7.447	996.62	-1.635	-1.503	NA
1967	12	2.132	997.454	-0.785	-1.618	NA
1968	1	4.011	995.92	-1.494	-1.925	NA
1968	2	1.672	997.612	-1.659	-2.435	NA
1968	3	9.69	996.423	-1.344	-1.496	NA
1968	4	12.061	997.284	-0.889	-0.279	NA
1968	5	15.972	996.393	-0.874	2.045	NA
1968	6	17.874	997.22	-0.759	5.101	NA
1968	7	19.394	997.1	-0.502	4.681	NA
1968	8	19.232	997.287	-1.569	4.397	NA
1968	9	16.74	997.391	-1.414	3.923	NA
1968	10	12.675	997.492	-1.767	0.137	NA
1968	11	8.961	997.892	-0.707	-0.628	NA
1968	12	6.69	996.261	-1.249	-1.195	NA
1969	1	3.604	996.538	-1.351	-2.09	NA
1969	2	4.8	997.396	-1.721	-2.283	NA
1969	3	10.268	997.619	-1.6	-1.27	NA
1969	4	14.116	997.708	-1.133	0.048	NA
1969	5	17.57	996.43	-0.641	3.615	NA
1969	6	17.964	997.232	-0.521	4.962	NA
1969	7	19.876	997.592	-0.95	5.372	NA
1969	8	18.944	997.864	-0.268	2.132	NA
1969	9	16.957	996.827	-1.342	3.026	NA
1969	10	13.23	997.269	-1.367	0.867	NA
1969	11	6.744	996.856	-1.099	0.303	NA
1969	12	4.2	997.002	-0.816	-1.354	NA
1970	1	2.519	997.809	-1.46	-1.983	NA
1970	2	6.869	997.769	-1.462	-1.868	NA
1970	3	9.213	996.606	-2.8	-2.313	NA
1970	4	12.585	997.099	-1.25	-0.303	NA
1970	5	16.376	996.197	-0.994	2.35	NA
1970	6	18.076	996.928	-0.937	4.683	NA
1970	7	19.544	997.618	-0.604	3.521	NA
1970	8	19.503	996.671	-1.294	3.895	NA
1970	9	17.127	996.103	-1.701	1.365	NA
1970	10	11.928	995.814	-1.089	1.569	NA
1970	11	7.848	996.102	-1.079	-0.176	NA
1970	12	4.751	995.54	-1.244	-1.351	NA
1971	1	2.206	996.044	-1.1	-2.221	NA
1971	2	5.08	995.197	-1.951	-2.904	NA
1971	3	9.81	996.323	-1.672	-1.622	NA
1971	4	13.301	996.02	-1.499	-1.419	NA
1971	5	15.34	995.962	-0.778	3.093	NA
1971	6	18.566	997.026	-0.892	4.503	NA
1971	7	19.399	996.519	-0.22	4.106	NA
1971	8	18.415	996.889	-1.031	3.025	NA
1971	9	16.629	996.458	-1.806	2.198	NA
1971	10	11.57	996.67	-1.261	1.351	NA
1971	11	7.735	996.509	-1.147	-1.866	NA
1971	12	3.688	995.807	-0.873	-1.288	NA
1972	1	3.854	996.484	-1.338	-1.8	NA
1972	2	4.118	995.691	-2.223	-3.107	NA
1972	3	10.819	996.823	-1.696	-2.246	NA
1972	4	11.727	997.328	-0.968	-0.157	NA
1972	5	16.263	997.061	-1.535	2.054	NA
1972	6	18.807	996.66	-0.608	3.968	NA
1972	7	19.661	997.044	-1.033	5.149	NA
1972	8	19.442	997.745	-0.957	3.828	NA
1972	9	16.052	997.556	-0.91	2.055	NA
1972	10	13.332	997.985	-1.236	-0.169	NA
1972	11	8.34	996.919	-0.926	0.128	NA
1972	12	4.162	997.986	-1.111	-1.819	NA
1973	1	3.615	997.453	-1.415	-3.072	NA
1973	2	8.602	998.183	-1.385	-2.069	NA
1973	3	11.07	997.097	-1.873	-1.061	NA
1973	4	14.156	996.259	-1.057	-0.365	NA
1973	5	16.557	996.673	-1.258	3.159	NA
1973	6	18.398	996.412	-1.079	5.068	NA
1973	7	19.179	996.338	-0.75	4.437	NA
1973	8	19.031	996.568	-1.364	5.153	NA
1973	9	17.179	997.325	-1.576	3.167	NA
1973	10	12.389	995.634	-1.371	0.818	NA
1973	11	7.588	995.648	-0.498	0.157	NA
1973	12	3.729	995.758	-0.539	-1.788	NA
1974	1	2.556	995.24	-1.655	-1.52	NA
1974	2	3.502	995.526	-1.355	-1.674	NA
1974	3	8.372	996.637	-1.209	-0.339	NA
1974	4	13.404	996.116	-0.413	1.656	NA
1974	5	16.363	996.353	-1.022	3.316	NA
1974	6	18.227	996.615	-1.087	5.329	NA
1974	7	18.877	997.191	-0.528	4.483	NA
1974	8	17.943	996.603	-0.671	4.733	NA
1974	9	16.969	996.749	-1.467	3.093	NA
1974	10	12.498	996.032	-1.425	2.306	NA
1974	11	9.076	995.662	-1.494	0.195	NA
1974	12	3.191	995.868	-1.776	-2.857	NA
1975	1	3.66	996.949	-1.065	-0.753	NA
1975	2	5.479	996.863	-1.373	-2.17	NA
1975	3	9.211	996.538	-1.703	-0.394	NA
1975	4	13.655	995.621	-1.55	0.278	NA
1975	5	15.663	996.112	-1.286	3.366	NA
1975	6	18.422	996.64	-1.046	6.079	NA
1975	7	19.395	996.962	-0.565	2.353	NA
1975	8	19.223	996.239	-1.085	4.66	NA
1975	9	17.833	996.501	-1.681	2.065	NA
1975	10	12.794	996.123	-1.539	2.043	NA
1975	11	6.416	996.35	-1.084	-0.042	NA
1975	12	1.623	995.24	-0.592	-3.774	NA
1976	1	2.695	996.195	-0.725	-2.805	NA
1976	2	6.304	996.612	-1.424	-2.517	NA
1976	3	7.874	996.277	-1.525	-1.29	NA
1976	4	12.134	997.298	-1.217	1.081	NA
1976	5	15.685	997.312	-0.919	3.888	NA
1976	6	17.722	997.117	-0.762	4.078	NA
1976	7	18.848	997.98	-0.681	4.251	NA
1976	8	19.161	998.152	-0.976	3.501	NA
1976	9	16.247	998.235	-1.032	2.582	NA
1976	10	12.988	997.29	-1.042	0.453	NA
1976	11	5.923	996.329	-1.1	-0.937	NA
1976	12	3.994	996.444	-1.13	-1.95	NA
1977	1	0.844	996.567	-1.952	-2.203	NA
1977	2	3.699	996.951	-0.804	-1.25	NA
1977	3	9.69	998.197	-0.77	-0.934	NA
1977	4	13.127	997.099	-0.998	-0.485	NA
1977	5	15.706	997.147	-1.067	2.413	NA
1977	6	18.276	997.219	-0.656	3.665	NA
1977	7	19.811	996.699	-0.796	4.472	NA
1977	8	18.883	997.73	-0.469	2.448	NA
1977	9	16.448	997.739	-0.841	2.043	NA
1977	10	13.221	998.243	-0.865	-0.482	NA
1977	11	7.395	997.53	-0.781	-1.329	NA
1977	12	5.47	997.842	-0.988	-2.461	NA
1978	1	2.291	997.718	-0.483	-1.968	NA
1978	2	4.511	999.08	-1.059	-1.271	NA
1978	3	9.043	997.315	-1.857	-1.888	NA
1978	4	13.177	997.307	-0.503	0.899	NA
1978	5	15.947	995.514	-1.188	3.893	NA
1978	6	18.671	996.646	-0.694	4.025	NA
1978	7	19.642	996.472	-0.619	3.622	NA
1978	8	19.684	996.816	-0.895	4.259	NA
1978	9	16.351	997.163	-0.793	2.252	NA
1978	10	12.484	996.724	-1.309	-0.533	NA
1978	11	7.689	997.252	-1.519	-2.28	NA
1978	12	5.665	997.064	-0.886	-3.002	NA
1979	1	4.233	998.15	-0.482	-2.532	NA
1979	2	7.33	997.454	-1.015	-3.003	NA
1979	3	9.393	997.272	-1.701	-1.999	NA
1979	4	13.885	996.863	-1.318	-0.116	NA
1979	5	15.997	997.149	-1.418	1.258	NA
1979	6	18.727	997.211	-0.122	3.142	NA
1979	7	20.118	998.598	-0.678	3.874	NA
1979	8	19.648	997.661	-1.152	3.379	NA
1979	9	16.583	997.587	-1.352	2.171	NA
1979	10	12.417	997.84	-0.159	-0.635	NA
1979	11	7.068	996.525	-0.713	-2.731	NA
1979	12	5.144	997.866	-1.142	-2.331	NA
1980	1	3.142	996.721	-1.278	-2.49	0
1980	2	3.812	997.614	-1.852	-1.704	14.3108443708609
1980	3	9.549	997.84	-1.864	-1.248	37.0702012383901
1980	4	13.439	996.921	-1.261	1.441	51.35352
1980	5	15.96	997.113	-0.808	2.927	195.200316455696
1980	6	18.788	997.569	-0.46	3.842	257.598000000001
1980	7	19.628	997.859	-0.563	4.334	160.340518638574
1980	8	18.929	998.259	-0.682	3.845	174.042076069731
1980	9	16.364	998.071	-0.777	2.453	332.866584766585
1980	10	13.08	997.674	-1.052	0.01	145.967260940033
1980	11	9.958	996.872	-0.844	-2.502	17.8802643171806
1980	12	4.547	996.283	-0.432	-1.563	0.000248756218905473
1981	1	3.672	997.246	-1.455	-2.541	0
1981	2	5.976	997.477	-1.511	-1.826	25.5620068610635
1981	3	10.359	998.673	-1.204	-1.208	28.611919504644
1981	4	13.434	997.649	-1.029	0.934	91.0026186579378
1981	5	15.363	996.567	-0.409	3.213	148.095510835914
1981	6	18.496	997.448	-1.024	5.15	163.413654946852
1981	7	19.818	996.936	-0.883	3.892	227.824425059477
1981	8	20.208	997.603	-0.921	4.081	197.465265082267
1981	9	17.227	997.256	-1.098	1.994	132.370819672131
1981	10	11.842	997.374	-0.944	0.707	87.5735923869945
1981	11	7.567	996.44	-1.418	0.345	49.5953608247423
1981	12	3.218	997.545	-0.671	-2.47	0.0831535269709544
1982	1	4.807	997.283	-1.079	-2.936	0.0370656370656371
1982	2	4.33	997.292	-1.784	-3.333	13.7247448979592
1982	3	9.607	997.257	-1.602	-1.765	43.6504538577912
1982	4	11.297	997.494	-0.864	0.005	83.6031274433151
1982	5	16.323	997.431	-0.108	0.933	120.809682299546
1982	6	17.804	998.364	-0.545	5.194	145.424237685692
1982	7	19.704	998.225	-0.671	3.995	142.91278366112
1982	8	19.516	998.562	-0.956	4.01	214.555597579425
1982	9	16.634	999.132	-1.334	2.443	394.899687255669
1982	10	13.825	998.293	-0.948	-0.462	108.336081694402
1982	11	7.968	997.614	-0.927	-1.118	38.6966426858513
1982	12	2.448	997.708	-0.29	-4.332	1.3357034795764
1983	1	1.654	999.206	-1.032	-3.134	3.80247678018576
1983	2	3.837	999.633	-1.55	-2.455	4.35283018867924
1983	3	7.351	999.124	-1.375	-2.362	4.76818885448916
1983	4	13.129	997.629	-0.78	-1.037	27.94008
1983	5	16.776	997.611	-0.919	2.118	134.494387351779
1983	6	18.638	997.671	-0.783	4.243	225.8904
1983	7	19.955	997.757	-0.44	3.326	154.096439628483
1983	8	19.15	998.296	-0.732	3.347	299.556733746131
1983	9	17.779	997.745	-0.957	1.327	224.18592
1983	10	13.827	997.136	-1.364	1.003	229.300773993808
1983	11	8.583	997.736	-0.645	-0.055	26.74104
1983	12	3.451	997.5	-0.913	-2.137	0.585759493670886
1984	1	1.754	996.555	-1.383	-1.531	1.19319213313162
1984	2	4.861	995.927	-2.129	-0.068	16.7351941747573
1984	3	9.493	997.314	-1.439	-0.928	40.2835098335855
1984	4	13.758	996.721	-1.513	0.558	102.860828772479
1984	5	15.604	996.694	-1.128	2.289	157.081770045386
1984	6	19.03	996.97	-0.617	5.344	154.722126661455
1984	7	19.616	996.958	-0.649	3.362	152.949394856279
1984	8	19.001	997.015	-0.877	4.208	270.065824782952
1984	9	16.435	997.551	-1.14	1.459	214.109929632526
1984	10	11.908	997.799	-0.474	0.098	142.633204633205
1984	11	8.642	997.154	-1.049	-2.037	26.5897763578275
1984	12	2.873	995.664	-1.652	-1.973	0.000926640926640927
1985	1	3.383	997.526	-1.229	-1.527	17.4578668683812
1985	2	4.831	994.68	-1.739	-0.885	32.978313253012
1985	3	7.058	996.821	-1.86	-0.484	21.9882753403933
1985	4	12.719	995.621	-0.531	0.087	114.7456606724
1985	5	16.819	995.802	-0.995	3.175	190.691301059002
1985	6	18.531	997.252	-1.063	5.763	155.158874120407
1985	7	19.367	997.993	0.002	3.169	170.360968229955
1985	8	19.83	997.484	-0.926	4.265	205.669515885023
1985	9	16.445	997.531	-1.274	2.051	262.154261141517
1985	10	13.121	997.641	-0.73	0.66	143.395915279879
1985	11	7.865	996.95	-0.652	-0.497	28.0941594317285
1985	12	3.462	996.99	-0.833	-2.175	0.00927357032457496
1986	1	4.248	996.153	-0.94	-2.543	0
1986	2	4.393	997.735	-1.725	-1.881	0.591701592623638
1986	3	8.807	996.855	-1.315	-1.626	18.50741301059
1986	4	13.227	996.944	-0.987	0.853	88.2114933541831
1986	5	16.401	997.342	-0.711	2.993	199.463691376702
1986	6	19.001	996.498	-1.106	4.356	121.42799061767
1986	7	19.281	997.951	-0.475	4.17	167.151059001513
1986	8	18.878	996.882	-0.445	3.237	234.12776096823
1986	9	16.47	998.086	-0.422	1.727	170.789201877935
1986	10	11.767	998.301	-0.988	-0.277	146.573373676248
1986	11	7.388	997.398	-1.315	-2.393	8.52103205629397
1986	12	5.25	998.356	-1.101	-2.887	2.42723146747353
1987	1	5.068	998.063	-0.746	-2.167	0
1987	2	7.238	999.063	-1.03	-1.31	10.8450125733445
1987	3	10.52	998.788	-1.421	-1.307	23.4651285930408
1987	4	13.103	998.302	-0.711	-0.12	53.7295543393276
1987	5	16.419	998.164	-0.977	1.173	101.763540090772
1987	6	18.494	997.815	-1.165	5.354	195.153166536357
1987	7	19.589	998.783	-0.387	3.465	143.711573373676
1987	8	19.289	998.456	-0.055	2.737	182.65915279879
1987	9	16.592	998.586	-0.659	0.887	346.490148553558
1987	10	13.1	998.065	-0.894	0.49	98.2538577912256
1987	11	8.519	997.115	-1.066	-0.58	60.986082877248
1987	12	3.82	997.581	-0.106	-3.214	1.40491679273828
1988	1	4.327	996.9	-1.164	-2.999	0.493116490166415
1988	2	5.513	997.204	-2.155	-0.476	21.0575242718447
1988	3	8.157	996.032	-2.065	-0.469	20.2502269288956
1988	4	12.426	997.148	-0.483	0.13	89.1961688819391
1988	5	16.889	996.799	-1.187	4.463	187.480484114978
1988	6	19.161	997.661	-0.591	3.396	225.018764659891
1988	7	19.892	997.537	-0.85	3.354	144.658547655068
1988	8	19.24	997.659	-1.193	2.751	125.206510219531
1988	9	16.305	996.599	-1.12	1.563	173.188193901486
1988	10	12.78	996.226	-1.304	0.25	179.257942511347
1988	11	8.317	996.197	-0.236	-2.107	1.03932759968726
1988	12	5.496	996.942	-1.149	-2.736	0.000226928895612708
1989	1	2.871	995.532	-1.854	-2.259	3.05151285930409
1989	2	4.476	996.892	-1.983	-1.722	0.983738474434199
1989	3	8.531	996.404	-1.493	-0.764	52.7845688350984
1989	4	12.819	996.144	-1.515	-0.709	48.512744331509
1989	5	16.018	996.279	-0.894	4.607	200.095688350984
1989	6	18.77	997.757	-0.898	4.558	133.982251759187
1989	7	19.232	997.23	-0.678	3.619	191.892889561271
1989	8	19.145	997.235	-0.927	3.665	231.564599092285
1989	9	17.477	997.51	-1.071	1.603	157.303909304144
1989	10	12.733	997.242	-0.518	1.456	118.716036308623
1989	11	7.256	997.229	-1.245	-1.796	7.54691164972635
1989	12	4.35	997.764	-0.52	-3.084	0
1990	1	4.024	997.019	-1.467	-2.424	9.6161119515885
1990	2	5.328	998.851	-1.94	-1.006	33.041743503772
1990	3	8.913	998.431	-1.392	-0.472	81.1434190620272
1990	4	12.616	996.747	-1.243	0.389	49.3104769351056
1990	5	15.503	996.184	-0.255	2.967	183.963993948563
1990	6	18.56	997.083	-0.477	5.138	174.045269741986
1990	7	19.519	997.63	-0.203	3.361	212.854084720121
1990	8	19.882	997.681	-0.316	4.882	204.107791225416
1990	9	17.165	997.981	-0.867	2.797	251.612275215012
1990	10	12.512	997.575	-1.085	-0.312	169.284190620273
1990	11	9.254	997.175	-0.895	-1.177	32.6136825645035
1990	12	5.017	997.33	-0.729	-2.15	0
1991	1	3.312	997.228	-1.56	-1.678	0.885022692889561
1991	2	6.103	997.736	-1.54	-1.581	3.48309012875536
1991	3	10.008	997.791	-1.652	-0.457	21.3723903177004
1991	4	12.952	996.833	-1.093	1.238	31.6172770700637
1991	5	15.762	997.253	-1.08	1.319	146.447428139183
1991	6	18.966	997.542	-0.6	4.156	158.085222830337
1991	7	19.715	997.9	-0.212	3.564	137.454462934947
1991	8	19.124	998.118	-0.784	4.275	275.220953101362
1991	9	16.88	998.857	-0.911	1.858	306.475215011728
1991	10	12.025	997.42	-0.653	0.893	131.153101361574
1991	11	7.5	997.79	-0.665	-2.802	0.000938232994526974
1991	12	4.448	997.559	-0.886	-2.258	4.25060514372163
1992	1	2.597	999.527	-0.737	-1.952	17.3031013615734
1992	2	3.556	998.568	-0.976	-2.794	13.2924757281553
1992	3	7.792	998.698	-1.882	-1.72	2.75559757942511
1992	4	13.924	997.579	-0.828	-0.781	21.0168881939015
1992	5	15.738	996.813	-1.19	1.61	122.298789712557
1992	6	18.378	996.641	-1.071	4.77	222.091946833464
1992	7	19.132	998.302	-0.318	3.497	187.995612708019
1992	8	19.419	997.783	-0.512	3.51	256.418759455371
1992	9	17.408	997.484	-0.901	1.638	191.159343236904
1992	10	11.334	997.18	-0.79	1.095	100.007564296521
1992	11	7.441	997.512	-0.09	-1.792	0.212040656763096
1992	12	4.494	998.132	-0.607	-2.726	12.7633888048412
1993	1	2.125	997.671	-1.168	-2.129	1.51838124054463
1993	2	6.706	998.326	-1.067	-1.813	4.74970662196144
1993	3	9.198	998.297	-1.643	-0.647	42.8596066565809
1993	4	13.135	997.854	-1.131	0.384	92.1785770132917
1993	5	15.548	997.518	-0.872	2.09	158.0276096823
1993	6	18.697	997.867	-0.346	3.499	177.55027365129
1993	7	19.7	997.774	-0.625	3.621	182.367104247105
1993	8	19.041	999.113	-0.793	3.669	145.157374517375
1993	9	16.921	998.688	-0.757	1.851	216.328381548084
1993	10	11.787	998.539	-0.513	0.099	71.8627080181544
1993	11	8.292	996.575	-0.857	-2.439	0.685613760750587
1993	12	3.866	996.445	-0.569	-3.508	5.49706563706564
1994	1	4.653	996.769	-0.747	-1.82	0.0408472012102874
1994	2	5.277	996.71	-1.848	-0.563	36.3995808885163
1994	3	7.528	997.764	-1.034	0.885	71.5064296520424
1994	4	14.147	996.953	-1.041	0.771	49.0517591868648
1994	5	17.024	997.48	0.064	1.759	202.490468986385
1994	6	18.47	997.22	-0.948	4.413	213.945738858484
1994	7	19.457	997.698	-0.646	4.359	86.2663388804843
1994	8	19.534	998.428	-0.806	3.006	245.282450832073
1994	9	16.457	998.652	-0.567	1.508	211.081548084441
1994	10	11.629	998.183	-0.713	-0.985	63.4268532526476
1994	11	9.721	997.287	-0.814	-2.618	0.92556684910086
1994	12	4.522	997.834	-1.06	-2.469	1.91096822995461
1995	1	2.981	997.788	-0.879	-2.082	1.38086232980333
1995	2	4.38	997.888	-1.252	-2.552	12.4232187761945
1995	3	8.978	997.271	-0.826	-0.042	32.8096066565809
1995	4	13.196	996.928	-1.048	0.64	54.5458170445661
1995	5	16.475	997.117	-0.548	2.635	168.765204236006
1995	6	19.071	997.078	-0.621	4.293	149.0570758405
1995	7	19.611	997.126	-0.583	3.858	257.619667170953
1995	8	19.319	997.458	-0.892	2.995	186.588880484115
1995	9	17.128	998.053	-0.973	1.751	229.307896794371
1995	10	13.279	996.543	-0.961	-0.573	100.915506807867
1995	11	8.136	996.599	-0.232	-0.827	16.7927286942924
1995	12	4.06	997.013	-0.981	-4.715	0.230105900151286
1996	1	2.795	996.26	-1.327	-2.726	1.87488653555219
1996	2	4.408	996.416	-1.26	-1.83	10.2932038834951
1996	3	9.127	996.413	-1.751	-0.944	31.0454614220878
1996	4	11.906	996.411	-1.239	0.492	115.768334636435
1996	5	15.699	997.514	-1.067	1.86	147.619288956127
1996	6	18.51	997.284	-0.083	2.538	162.048318999218
1996	7	19.63	997.065	-0.73	4.395	115.929803328291
1996	8	19.325	997.651	-0.694	2.983	176.78124054463
1996	9	17.154	996.339	-0.925	3.15	356.599609069586
1996	10	13.267	996.805	-0.685	0.92	135.935239567234
1996	11	8.302	996.071	-1.051	-0.781	90.2973621103118
1996	12	4.903	996.101	0.152	-3.23	0.0004739336492891
1997	1	3.669	997.506	-0.913	-2.891	0.826970633693972
1997	2	4.137	996.198	-1.6	-3.349	14.0665549036044
1997	3	9.807	998.458	-1.652	-1.528	46.9656580937973
1997	4	12.095	998.245	-1.05	-0.558	87.37200938233
1997	5	16.477	997.517	-0.548	2.615	155.017170953102
1997	6	18.017	998.403	-0.761	2.281	143.268647380766
1997	7	19.369	998.276	-0.775	4.314	232.227912254161
1997	8	19.795	999.284	-0.517	3.653	199.364750378215
1997	9	15.471	999.73	-0.44	0.528	152.514229867084
1997	10	12.791	999.447	-0.233	-1.008	98.8524962178518
1997	11	8.437	998.786	-0.951	-1.187	3.12619233776388
1997	12	4.507	998.15	-0.886	-2.067	0.000226928895612708
1998	1	2.749	998.716	-1.332	-2.667	0.901815431164902
1998	2	5.652	999.725	-1.212	-2.206	23.5626990779547
1998	3	9.384	998.802	-1.454	-1.959	20.717019667171
1998	4	14.7	998.182	-0.733	-0.813	57.4334636434715
1998	5	16.757	997.149	-1.288	2.466	145.219288956127
1998	6	19.057	997.424	-0.588	3.718	146.626817826427
1998	7	20.208	997.464	-0.501	2.785	140.495990922844
1998	8	19.678	997.866	-0.346	1.632	214.333661119516
1998	9	17.266	997.507	-0.523	2.317	194.867625899281
1998	10	14.197	996.77	-0.893	0.196	85.7357791225416
1998	11	10.234	995.994	-0.327	-1.314	60.4232613908873
1998	12	5.571	996.085	-0.627	-2.738	1.66452344931921
1999	1	4.351	994.692	-0.916	-1.771	2.40499243570348
1999	2	7.653	996.66	-0.987	-1.303	2.16085498742666
1999	3	10.074	994.5	-1.751	-1.369	70.2982602118003
1999	4	14.059	995.711	-1.268	2.165	159.291321344801
1999	5	15.577	996.643	-0.531	3.183	211.840166414524
1999	6	18.971	997.079	-1.007	3.305	165.62744331509
1999	7	19.53	996.883	-1.024	3.722	180.618381240545
1999	8	19.036	997.901	-0.76	2.284	111.524432677761
1999	9	17.745	997.276	-1.097	1.154	227.134949179046
1999	10	13.706	996.567	-0.958	0.714	126.152723146748
1999	11	8.7	995.849	-1.041	-1.825	40.6449569976544
1999	12	3.901	995.326	-0.248	-3.682	0.317473524962178
2000	1	3.008	995.811	-1.585	-2.257	5.71738794435858
2000	2	3.682	995.646	-1.392	-2.35	33.7349514563107
2000	3	8.654	995.83	-1.046	-1.803	12.3063540090772
2000	4	12.398	995.915	-0.501	0.397	159.628381548085
2000	5	16.586	996.397	-0.158	1.854	251.139031770046
2000	6	18.304	996.942	-0.778	3.729	238.10242376857
2000	7	19.894	996.53	-0.367	3.389	207.094856278367
2000	8	19.291	996.916	-0.629	2.704	286.732148260212
2000	9	16.546	997.117	-0.882	1.339	175.351993745113
2000	10	13.306	995.86	-1.189	1.315	96.9721633888049
2000	11	7.504	995.072	-1.098	-4.061	1.52086330935252
2000	12	5.207	995.167	-0.464	-3.642	0.000231839258114374
2001	1	4.234	995.874	-1.038	-1.99	10.8984871406959
2001	2	6.133	994.994	-1.244	-1.803	4.49522212908634
2001	3	9.885	996.44	-0.303	-0.519	74.0659606656581
2001	4	12.764	996.301	-0.993	-0.587	38.9111024237686
2001	5	15.314	996.672	-0.091	4.266	134.193494704993
2001	6	18.083	996.5	-0.382	3.943	243.829632525411
2001	7	20.091	996.856	-0.63	3.669	160.944099848714
2001	8	19.094	997.096	-0.736	2.828	294.412102874433
2001	9	17.563	997.172	-1.531	1.577	255.631196247068
2001	10	14.047	996.721	-1.094	0.731	162.459613899614
2001	11	8.546	996.279	-0.504	-1.922	38.0046325878594
2001	12	3.834	997.32	-0.903	-2.897	0.829676400947119
2002	1	4.588	997.296	-0.342	-2.273	1.52577399380805
2002	2	7.499	998.253	-1.306	-1.638	12.1147512864494
2002	3	9.84	997.092	-0.534	-1.435	29.6637770897833
2002	4	13.667	996.446	-0.937	-0.896	76.21008
2002	5	15.264	997.022	-0.955	2.642	113.4076625387
2002	6	19.257	997.261	-0.637	3.335	170.32824
2002	7	19.84	998.108	-0.449	3.708	179.683513931889
2002	8	18.436	997.877	-0.407	2.698	296.535139318886
2002	9	16.356	998.605	-0.693	1.297	365.80464
2002	10	12.852	997.364	-0.659	0.532	75.2978190630048
2002	11	8.675	996.744	-0.252	-1.146	20.6244983277592
2002	12	3.775	997.581	-1.22	-2.455	17.0658319870759
2003	1	4	997.843	-0.708	-2.604	0.192724458204334
2003	2	7.04	997.041	-1.29	-2.442	24.8127416520211
2003	3	9.265	997.518	-1.617	-1.621	59.0482198142415
2003	4	13.899	996.791	-1.002	-0.94	63.50544
2003	5	16.154	996.625	-1.255	2.528	146.72786377709
2003	6	18.171	997.319	-0.375	1.905	154.384124386252
2003	7	19.937	997.755	-0.286	2.727	136.57592879257
2003	8	20.062	997.612	-0.98	3.156	218.226547987616
2003	9	17.582	997.951	-0.872	1.9	277.5996
2003	10	12.944	997.388	-0.45	-1.892	54.7376582278481
2003	11	8.596	996.59	-1.168	-2.745	0.159328968903437
2003	12	4.438	996.656	-0.871	-3.057	0.000237341772151899
2004	1	3.256	997.236	-1.225	-2.522	16.1118795768918
2004	2	6.126	997.039	-0.555	-2.942	33.3440577249575
2004	3	10.653	996.613	-1.172	-1.775	20.489512195122
2004	4	13.443	997.038	-0.258	-0.497	60.966773418735
2004	5	15.721	996.563	-0.203	3.811	133.948024786987
2004	6	18.154	998.022	-0.554	3.58	223.932605042017
2004	7	19.286	997.669	-0.278	2.904	261.343379366369
2004	8	19.537	998.06	-0.98	3.522	193.764213787762
2004	9	16.865	998.187	-0.981	1.292	148.734836065574
2004	10	12.152	997.911	-0.88	-1.616	6.95195121951219
2004	11	8.292	996.844	-0.524	-3.03	5.09546218487395
2004	12	4.512	996.637	-0.991	-4.178	1.6163469557965
2005	1	3.321	997.236	-1.332	-2.272	0.0577981651376147
2005	2	5.883	998.349	-1.821	-1.869	1.73198594024605
2005	3	8.697	998.022	-1.051	-0.382	23.7320681642138
2005	4	13.882	997.903	-0.241	-0.242	71.9065652522017
2005	5	16.75	997.068	-1.234	1.55	145.503018575852
2005	6	19.582	996.843	-0.561	4.517	136.579918032787
2005	7	20.2	997.629	-0.422	3.582	183.692182662539
2005	8	19.246	997.73	-0.861	3.045	186.589107413011
2005	9	18.012	997.619	-1.089	2.751	246.84384
2005	10	13.052	997.097	-0.902	-0.684	67.6802380952382
2005	11	9.033	996.485	-0.567	-1.887	66.3622641509434
2005	12	3.898	995.974	-1.002	-3.236	2.1420604182804
2006	1	4.598	996.054	-1.366	-3.748	0
2006	2	6.336	996.766	-1.353	-2.038	7.76253298153034
2006	3	9.805	996.305	-0.762	-1.293	50.8344995931652
2006	4	13.895	996.405	-0.252	1.694	95.4159967186219
2006	5	16.162	997.23	-0.583	2.038	134.306904761905
2006	6	18.876	997.264	-0.339	2.959	106.839151321057
2006	7	20.65	997.997	-0.603	5.385	198.526103795507
2006	8	20.036	997.806	-0.946	3.557	247.820476190476
2006	9	17.095	998.048	-1.166	2.146	203.025430680886
2006	10	14.463	998.26	-0.594	-0.89	200.078763222132
2006	11	9.311	996.793	-0.643	-3.301	13.4756896551724
2006	12	4.579	996.308	-0.914	-4.65	0.208173477898249
2007	1	2.954	997.092	-0.724	-3.74	2.24377542717657
2007	2	7.506	997.334	-0.928	-3.149	12.5375112714157
2007	3	10.479	996.769	-1.255	-3.197	33.5453213995118
2007	4	12.398	997.027	-0.574	-0.15	66.9804643714972
2007	5	17.132	997.062	-0.017	3.25	242.057214345288
2007	6	18.616	995.604	-0.989	3.918	111.42781512605
2007	7	19.959	997.226	-0.491	3.299	125.64670558799
2007	8	19.939	997.364	-0.819	2.838	269.919432860718
2007	9	16.479	996.796	-0.928	2.018	253.579915966387
2007	10	13.357	996.497	-1.015	0.131	207.920547945206
2007	11	8.644	995.701	-0.874	-1.792	7.82362831858407
2007	12	5.255	995.078	-1.145	-2.959	0.0105540897097625
2008	1	2.192	995.982	-1.6	-3.076	NA
2008	2	1.959	995.934	-0.837	-2.656	NA
2008	3	10.159	996.208	-1.015	-1.393	NA
2008	4	13.852	995.901	-0.838	-0.124	NA
2008	5	16.545	996.688	-0.431	2.717	NA
2008	6	18.54	997.233	-0.702	3.737	NA
2008	7	19.757	997.283	-0.556	3.646	NA
2008	8	19.298	997.332	-0.655	2.09	NA
2008	9	18.046	997.217	-1.223	1.659	NA
2008	10	14.195	997.073	-0.889	-1.255	NA
2008	11	8.161	995.833	-0.553	-3.151	NA
2008	12	5.054	995.61	-0.536	-4.557	NA
2009	1	3.422	996.484	-0.859	-3.513	NA
2009	2	9.65	995.687	-1.57	-4.158	NA
2009	3	9.926	996.774	-1.283	-1.463	NA
2009	4	13.13	996.361	-1.239	-0.109	NA
2009	5	16.289	995.957	-1.05	2.315	NA
2009	6	19.053	997.234	-0.193	4.275	NA
2009	7	20.328	997.193	-0.763	3.334	NA
2009	8	19.833	996.978	-0.814	2.467	NA
2009	9	18.197	996.91	-1.267	2.952	NA
2009	10	13.978	997.234	-0.81	0.673	NA
2009	11	7.005	995.731	-0.728	-2.234	NA
2009	12	4.164	996.902	-1.024	-2.864	NA
2010	1	4.905	997.391	-1.123	-2.246	NA
2010	2	7.053	998.016	-1.315	-2.452	NA
2010	3	10.456	997.582	-1.303	-1.996	NA
2010	4	12.145	997.208	-1.305	-1.267	NA
2010	5	16.555	995.683	-1.264	1.287	NA
2010	6	18.005	997.114	-0.914	3.261	NA
2010	7	20.501	996.882	-0.716	2.55	NA
2010	8	19.937	996.938	-0.647	3.948	NA
2010	9	17.898	996.63	-1.265	1.913	NA
2010	10	12.754	995.714	-0.882	1.915	NA
2010	11	8.562	995.603	-0.18	-2.143	NA
2010	12	4.406	994.065	-0.03	-2.364	NA
2011	1	-0.659	994.955	-1.433	-2.981	NA
2011	2	6.21	995.548	-1.472	-4.139	NA
2011	3	7.259	995.585	-0.98	-2.876	NA
2011	4	13.43	996.221	-0.471	0.246	NA
2011	5	15.907	996.485	-0.653	1.979	NA
2011	6	19.186	996.576	-0.882	4.167	NA
2011	7	20.055	996.742	-0.383	3.448	NA
2011	8	19.636	997.04	-0.581	2.788	NA
2011	9	17.136	997.306	-1.486	2.187	NA
2011	10	12.673	996.492	-1.086	-0.267	NA
2011	11	9.532	995.522	-1.43	-2.746	NA
2011	12	3.134	995.115	-1.312	-2.504	NA
2012	1	1.837	995.736	-1.721	-2.967	NA
2012	2	5.121	995.647	-2.127	-2.383	NA
2012	3	9.331	995.72	-1.507	-1.908	NA
2012	4	13.717	996.95	-0.679	-0.13	NA
2012	5	17.021	996.107	-1.303	2.6	NA
2012	6	18.665	996.888	-0.841	4.434	NA
2012	7	20.103	996.638	-0.71	4.053	NA
2012	8	19.814	997.692	-0.932	2.594	NA
2012	9	16.359	997.454	-0.862	1.633	NA
2012	10	13.206	996.728	-0.899	-1.267	NA
2012	11	8.239	996.33	-0.906	-1.171	NA
2012	12	3.882	995.654	-0.992	-2.79	NA
2013	1	3.243	996.537	-0.903	-2.584	NA
2013	2	8.147	995.947	-1.574	-2.218	NA
2013	3	11.615	997.014	-0.744	-2.219	NA
2013	4	13.143	996.26	-0.65	-2.036	NA
2013	5	16.291	996.412	-0.809	2.631	NA
2013	6	19.353	995.488	-0.96	3.781	NA
2013	7	20.541	996.391	-0.51	4.141	NA
2013	8	19.939	997.234	-0.61	3.321	NA
2013	9	16.759	996.815	-1.038	2.068	NA
2013	10	12.83	997.119	-0.798	0.334	NA
2013	11	8.826	995.685	-0.547	-0.884	NA
2013	12	3.071	995.596	-0.303	-3.504	NA
2014	1	4.682	996.705	-0.668	-2.632	NA
2014	2	5.064	996.622	-1.934	-2.592	NA
2014	3	9.726	997.388	-1.093	-2.315	NA
2014	4	14.109	996.772	-1.368	-2.668	NA
2014	5	16.458	996.873	-0.628	1.144	NA
2014	6	19.081	996.221	-0.817	5.226	NA
2014	7	20.259	997.271	-0.501	NA	NA
2014	8	NA	NA	NA	NA	NA
2014	9	NA	NA	NA	NA	NA
2014	10	NA	NA	NA	NA	NA
2014	11	NA	NA	NA	NA	NA
2014	12	NA	NA	NA	NA	NA
