79.7886147229114
99.51
103.792294609608
99.51
265.030950382909
116.122585151572
116.122585151572
99.51
116.122585151572
265.030950382909
99.51
99.51
265.030950382909
79.7886147229114
99.51
265.030950382909
79.7886147229114
103.792294609608
17.7061276760982
79.7886147229114
99.51
265.030950382909
265.030950382909
99.51
103.792294609608
79.7886147229114
99.51
17.7061276760982
116.122585151572
265.030950382909
99.51
265.030950382909
265.030950382909
79.7886147229114
265.030950382909
99.51
103.792294609608
99.51
99.51
116.122585151572
99.51
99.51
99.51
99.51
99.51
17.7061276760982
99.51
99.51
265.030950382909
17.7061276760982
116.122585151572
116.122585151572
116.122585151572
17.7061276760982
99.51
103.792294609608
99.51
99.51
99.51
79.7886147229114
17.7061276760982
116.122585151572
265.030950382909
265.030950382909
116.122585151572
99.51
103.792294609608
17.7061276760982
103.792294609608
79.7886147229114
265.030950382909
99.51
265.030950382909
79.7886147229114
99.51
116.122585151572
116.122585151572
79.7886147229114
99.51
116.122585151572
79.7886147229114
116.122585151572
265.030950382909
265.030950382909
265.030950382909
99.51
99.51
265.030950382909
103.792294609608
99.51
99.51
17.7061276760982
79.7886147229114
116.122585151572
116.122585151572
99.51
79.7886147229114
103.792294609608
103.792294609608
17.7061276760982
99.51
103.792294609608
265.030950382909
265.030950382909
103.792294609608
265.030950382909
17.7061276760982
265.030950382909
265.030950382909
99.51
99.51
17.7061276760982
79.7886147229114
116.122585151572
116.122585151572
17.7061276760982
265.030950382909
99.51
103.792294609608
79.7886147229114
99.51
103.792294609608
99.51
99.51
99.51
99.51
79.7886147229114
116.122585151572
265.030950382909
79.7886147229114
99.51
99.51
103.792294609608
99.51
99.51
79.7886147229114
103.792294609608
116.122585151572
103.792294609608
99.51
265.030950382909
79.7886147229114
265.030950382909
116.122585151572
99.51
99.51
265.030950382909
103.792294609608
99.51
99.51
99.51
17.7061276760982
265.030950382909
99.51
103.792294609608
265.030950382909
265.030950382909
99.51
79.7886147229114
99.51
99.51
99.51
99.51
265.030950382909
103.792294609608
99.51
99.51
99.51
99.51
116.122585151572
265.030950382909
99.51
116.122585151572
103.792294609608
265.030950382909
79.7886147229114
99.51
99.51
103.792294609608
116.122585151572
116.122585151572
79.7886147229114
265.030950382909
99.51
116.122585151572
79.7886147229114
103.792294609608
265.030950382909
99.51
103.792294609608
265.030950382909
99.51
99.51
17.7061276760982
99.51
99.51
99.51
79.7886147229114
116.122585151572
79.7886147229114
99.51
99.51
265.030950382909
99.51
116.122585151572
116.122585151572
116.122585151572
99.51
17.7061276760982
99.51
116.122585151572
265.030950382909
99.51
17.7061276760982
265.030950382909
17.7061276760982
99.51
265.030950382909
79.7886147229114
99.51
265.030950382909
103.792294609608
265.030950382909
99.51
17.7061276760982
265.030950382909
116.122585151572
99.51
99.51
265.030950382909
116.122585151572
99.51
99.51
79.7886147229114
99.51
99.51
265.030950382909
265.030950382909
99.51
99.51
99.51
265.030950382909
99.51
116.122585151572
99.51
99.51
99.51
265.030950382909
99.51
99.51
116.122585151572
103.792294609608
99.51
17.7061276760982
99.51
17.7061276760982
103.792294609608
79.7886147229114
103.792294609608
17.7061276760982
265.030950382909
17.7061276760982
99.51
99.51
116.122585151572
103.792294609608
79.7886147229114
99.51
103.792294609608
99.51
116.122585151572
116.122585151572
99.51
116.122585151572
116.122585151572
99.51
265.030950382909
265.030950382909
103.792294609608
99.51
99.51
17.7061276760982
17.7061276760982
99.51
99.51
116.122585151572
99.51
265.030950382909
265.030950382909
103.792294609608
265.030950382909
116.122585151572
103.792294609608
103.792294609608
103.792294609608
99.51
99.51
79.7886147229114
99.51
79.7886147229114
