1948   26.150   26.610   26.549   26.570   26.155   25.520   25.106   24.850   25.039   25.342   24.914   25.847
1949   26.055   26.365   26.667   26.473   26.412   25.364   24.696   24.557   24.987   25.530   25.962   26.346
1950   26.485   26.580   27.322   26.965   26.106   25.804   24.786   24.814   25.424   25.512   25.641   25.729
1951   25.854   26.578   26.881   26.958   26.171   25.769   25.308   25.073   25.304   25.709   26.330   26.452
1952   26.497   26.860   27.167   27.330   26.585   25.968   25.376   25.107   25.509   25.944   25.987   25.905
1953   26.234   26.549   27.153   27.167   26.468   25.969   25.368   24.587   25.255   25.686   26.518   26.555
1954   26.879   27.102   27.445   27.069   26.746   25.957   25.402   25.315   25.474   26.026   26.208   26.457
1955   26.411   26.881   27.009   26.805   26.881   26.262   25.555   25.689   26.134   26.194   26.145   26.446
1956   26.722   26.523   26.864   26.965   26.317   25.965   25.272   25.279   25.454   26.033   26.466   26.262
1957   26.580   26.855   26.871   27.326   26.837   26.038   25.621   25.076   25.464   26.267   26.983   27.303
1958   27.471   27.240   27.676   27.711   27.372   26.948   25.995   26.171   26.222   26.847   27.450   27.468
1959   27.100   27.489   27.632   27.369   27.131   26.553   25.629   25.089   25.726   26.502   27.145   26.930
1960   27.033   27.161   27.177   27.317   27.131   25.917   25.820   25.286   25.686   26.568   26.979   27.132
1961   26.991   27.471   27.091   27.287   26.640   25.627   24.302   23.813   24.652   25.793   26.735   26.979
1962   26.914   26.372   26.945   26.484   26.399   25.881   24.973   24.610   25.294   25.977   26.377   26.301
1963   26.806   26.592   26.824   26.812   26.551   25.520   24.525   24.047   24.437   25.631   26.483   26.616
1964   27.265   27.555   27.507   27.514   26.662   25.979   25.476   24.922   25.580   25.648   25.872   26.508
1965   26.713   27.014   26.634   27.045   26.779   25.875   24.704   24.880   25.267   25.942   26.540   26.820
1966   26.630   26.804   27.311   27.658   26.783   25.949   25.308   24.917   25.141   26.006   26.585   26.998
1967   26.565   26.948   26.986   27.126   26.702   25.439   24.551   24.294   24.843   25.873   26.799   26.650
1968   26.579   26.303   27.058   26.844   26.226   26.025   25.402   25.153   25.747   26.274   26.808   27.123
1969   26.986   27.114   27.493   27.352   27.051   26.239   25.359   24.915   25.070   26.147   26.626   26.709
1970   27.350   27.323   27.635   27.557   26.938   26.291   25.354   24.819   25.307   26.344   26.627   26.574
1971   26.614   26.558   26.427   26.748   26.409   25.548   25.269   25.158   25.743   26.095   25.756   26.271
1972   26.378   27.202   26.659   26.943   26.540   25.873   24.676   25.053   25.500   26.157   27.074   27.237
1973   27.539   27.652   27.849   27.738   27.065   26.781   26.047   26.144   26.324   26.861   26.843   26.893
1974   26.511   26.462   26.574   26.781   26.746   25.862   25.568   25.462   25.971   26.469   26.623   26.646
1975   26.979   27.060   26.999   27.068   26.652   25.850   25.571   25.100   25.948   26.241   26.352   26.364
1976   26.191   26.280   26.690   26.777   25.621   24.898   24.346   24.374   24.474   25.350   25.960   26.222
1977   26.515   26.717   26.627   26.982   26.466   25.785   24.665   24.161   24.531   25.507   26.188   26.663
1978   27.222   26.932   27.533   27.023   26.936   25.927   25.288   25.062   25.344   25.951   26.771   26.954
1979   26.565   26.944   27.162   27.162   26.523   25.853   25.013   24.750   25.363   26.075   27.214   26.756
1980   26.859   26.864   27.109   27.198   27.005   26.420   25.732   25.277   25.547   26.175   26.590   26.759
1981   26.370   26.378   27.116   27.377   26.954   25.995   25.563   25.125   25.713   26.444   26.226   26.286
1982   26.435   26.442   26.740   27.022   26.468   25.746   24.642   24.425   24.515   25.431   26.479   27.334
1983   27.517   27.579   27.999   28.054   26.907   25.983   24.815   24.551   25.281   26.274   26.629   26.750
1984   27.094   26.934   27.005   27.265   27.155   26.068   25.511   24.948   25.690   26.326   26.787   26.587
1985   27.009   27.790   27.172   27.534   27.107   26.488   25.507   24.952   25.254   25.794   26.373   26.360
1986   26.810   26.497   27.325   27.590   26.735   26.357   25.172   24.554   25.240   25.682   26.251   26.613
1987   26.883   26.754   27.519   27.338   27.011   26.256   25.537   24.761   24.944   25.524   26.265   26.426
1988   27.254   27.497   28.159   27.116   27.010   26.257   25.165   25.190   25.633   26.177   26.311   26.128
1989   27.372   26.810   26.822   27.254   26.795   26.216   25.971   25.510   25.477   25.763   26.481   26.900
1990   27.341   27.110   27.117   27.529   26.943   26.182   25.461   25.301   25.483   26.102   26.609   26.964
1991   26.965   27.015   27.301   27.372   26.917   25.983   25.007   24.476   24.796   25.765   25.572   26.665
1992   26.687   27.279   27.246   27.484   26.957   26.648   25.576   24.955   25.114   25.567   25.551   25.532
1993   26.072   25.303   26.806   26.887   26.404   26.125   25.201   24.907   24.963   25.325   26.405   26.682
1994   26.828   27.342   27.228   27.025   26.123   25.235   24.360   24.230   24.830   25.492   26.919   26.844
1995   27.168   27.140   27.227   27.180   26.710   26.250   25.552   25.003   25.385   26.061   26.667   26.373
1996   26.648   26.840   27.234   27.230   26.571   26.307   25.824   25.550   25.682   26.614   26.688   26.694
1997   26.747   26.670   26.908   27.166   26.824   26.493   25.011   24.591   24.905   25.489   26.304   26.998
1998   27.108   27.843   28.091   28.286   27.811   27.350   26.846   26.757   26.358   26.890   26.791   26.770
1999   27.424   27.343   27.710   27.427   27.116   26.379   25.654   25.362   25.634   26.274   26.602   27.239
2000   27.569   27.605   27.127   27.537   26.971   26.250   25.733   25.572   25.844   26.451   26.646   26.899
2001   27.710   27.173   27.489   27.513   27.039   26.502   25.769   25.489   25.946   26.302   26.700   26.545
2002   27.391   27.282   27.866   27.864   27.359   26.392   25.524   24.890   24.762   25.868   26.730   27.518
2003   27.476   27.771   27.568   27.832   26.891   26.273   25.161   24.779   25.008   25.962   26.601   26.830
2004   27.069   27.350   27.621   27.738   26.804   25.924   25.524   24.625   25.276   25.704   26.908   27.096
2005   27.423   28.001   28.194   27.893   27.422   26.638   25.855   25.382   25.395   26.179   26.659   27.153
2006   26.566   27.111   27.589   27.058   26.650   25.904   24.655   24.648   24.664   25.561   26.669   27.479
2007   26.967   27.474   27.155   27.270   27.019   26.147   25.387   24.788   24.815   25.567   26.108   27.096
2008   26.981   27.018   27.146   27.137   26.467   25.719   24.817   24.705   25.257   26.130   26.562   26.347
2009   26.573   26.922   27.344   27.797   27.167   26.414   25.594   25.173   25.134   26.090   26.895   27.274
2010   27.062   27.505   28.150   27.781   27.520   26.836   26.062   25.875   26.249   26.836   27.563   27.103
2011   26.892   27.051   26.948   27.278   26.768   25.911   25.277   24.977   24.995   25.693   26.552   27.436
2012   27.160   27.109   27.141   27.130   26.748   25.561   24.799   24.293   24.925   25.964   26.963   27.306
2013   27.001   27.608   27.415   27.956   27.202   26.586   25.777   25.253   25.036   26.132   26.910   27.059
2014   26.602   27.107   27.835   27.922   27.623   26.858   25.242 -999.999 -999.999 -999.999 -999.999 -999.999