1948   -4.099   -3.069   -2.026   -0.473    0.717    1.961    1.946    3.798    1.930    1.868    0.425   -1.630
1949   -3.489   -3.661   -2.371   -0.418    1.361    1.863    2.013    1.923    2.662    1.690   -0.778   -1.279
1950   -2.141   -2.695   -1.413   -1.104    0.780    1.918    2.449    2.601    3.191    1.486   -0.826   -5.118
1951   -3.626   -3.445   -4.042   -0.788    1.446    1.839    0.918    2.130    1.174    0.721   -1.541   -2.421
1952   -4.439   -3.962   -3.045   -1.365    0.885    1.167    1.827    2.498    1.036    0.982   -0.890   -2.254
1953   -4.061   -3.795   -3.223   -1.856    0.713    0.661    1.400    3.378    0.966    0.269   -0.341   -2.242
1954   -3.635   -2.478   -2.765   -1.940   -0.634    0.229    0.498    2.095    2.323    0.215    0.053   -3.520
1955   -4.109   -3.614   -3.455   -1.666   -0.057    0.092    0.784    0.518    0.511    0.626   -1.170   -3.416
1956   -4.452   -3.682   -3.928   -1.274   -0.746   -0.353    0.900    0.818    1.562   -0.714   -1.707   -2.763
1957   -3.923   -5.540   -4.216   -2.185   -1.339    0.364    0.011    1.668    1.339   -1.324   -2.784   -4.663
1958   -4.742   -3.647   -4.973   -3.692   -1.262    0.925    1.646   -0.177    1.310   -0.463   -2.691   -4.525
1959   -7.090   -4.990   -3.895   -3.307   -0.975    0.589    0.747    2.301    0.777   -0.428   -2.012   -4.106
1960   -4.208   -4.036   -3.708   -2.231   -0.792    0.290    0.104    3.077    0.105    0.716   -3.169   -3.303
1961   -6.279   -4.315   -4.102   -3.018   -0.334    0.538    1.293    2.089    1.543   -1.575   -3.703   -4.202
1962   -5.348   -5.052   -3.715   -2.901   -0.694   -0.108    1.591    1.067    0.304    0.483   -2.853   -4.767
1963   -5.303   -5.832   -5.624   -3.537   -0.758    1.937    1.352    1.481    1.365    0.075   -2.933   -2.995
1964   -4.191   -4.916   -3.670   -1.469    1.019    1.481    1.480    2.851    1.314    0.348   -1.125   -2.471
1965   -3.265   -4.499   -2.816   -1.224    0.121    1.932    2.809    1.853    1.961   -0.278   -2.031   -3.767
1966   -3.906   -3.324   -2.031   -1.566    0.674    0.961    1.433    2.157    3.244   -0.463   -1.232   -1.699
1967   -5.118   -4.131   -4.518   -1.708   -0.160    1.747    2.594    2.891    2.851    0.342   -2.266   -3.665
1968   -4.161   -4.784   -3.250   -2.646   -0.478    0.397    1.760    3.003    2.872   -1.075   -2.174   -4.018
1969   -4.661   -4.566   -3.598   -2.145   -0.220    0.857    1.856    1.249    2.608   -0.358   -0.943   -2.601
1970   -3.337   -3.654   -3.063   -2.282   -0.832    0.980    1.652    2.406    0.984    0.223   -1.417   -3.063
1971   -4.839   -3.400   -3.113   -1.603    0.359    1.156    3.095    1.329    1.249    0.220   -1.198   -3.279
1972   -2.487   -2.930   -3.345   -2.103   -0.207    0.883    4.849    2.345    2.014   -0.696   -2.272   -2.638
1973   -3.724   -4.278   -4.407   -1.969   -0.592    0.990    2.070    1.616    0.584    0.890   -1.040   -1.847
1974   -3.416   -3.615   -4.304   -1.709   -0.598    1.541    1.633    3.720    0.559    1.366   -1.142   -2.368
1975   -4.472   -3.656   -2.785   -1.669    0.234    1.267    1.288    2.508    0.983    0.764   -2.473   -2.246
1976   -3.174   -3.740   -3.778   -1.600    2.110    1.969    3.157    2.273    3.085   -0.851   -0.836   -2.088
1977   -2.452   -3.721   -3.946   -2.551    0.269    0.577    2.250    2.910    4.119   -0.617   -0.896   -3.358
1978   -4.059   -4.539   -3.010   -1.678   -0.069    1.425    2.404    2.868    1.458    0.798   -1.639   -3.215
1979   -4.978   -3.723   -3.404   -1.260    0.297    1.134    3.207    3.563    0.726    0.426   -1.794   -3.152
1980   -3.695   -4.997   -3.632   -2.359    0.085    1.193    2.230    1.992    2.729    0.549   -1.369   -1.548
1981   -3.923   -4.219   -3.289   -1.885    0.079    1.816    1.716    4.774    1.300   -0.040   -1.074   -3.969
1982   -3.477   -3.130   -2.820   -1.930   -0.117    1.911    3.635    3.934    3.454    0.894   -1.608   -1.508
1983   -3.577   -3.199   -2.237   -2.143   -0.357    0.977    1.906    2.797    1.553    0.016    0.261   -2.724
1984   -2.813   -3.700   -2.387   -0.707    0.740    2.266    1.604    4.080    0.809    0.524   -1.245   -3.173
1985   -3.379   -3.148   -3.510    0.013   -0.274    2.532    2.096    3.542    1.322    0.624   -1.939   -1.738
1986   -3.348   -3.246   -2.629   -2.547    1.808    1.660    2.516    5.303    1.969    0.281   -0.916   -3.645
1987   -5.061   -4.673   -3.091   -1.705    0.047    2.757    3.152    2.558    3.758    0.536   -0.207   -2.314
1988   -2.563   -3.271   -2.634   -1.399    0.653    2.054    2.614    1.185    1.715    1.433   -1.181   -1.736
1989   -2.833   -2.096   -2.167   -1.626    0.565    1.651    2.732    3.514    2.299    0.934   -2.172   -3.485
1990   -4.071   -3.742   -4.414   -1.801    0.346    2.160    2.778    4.316    2.478    0.271   -0.961   -3.820
1991   -4.051   -4.110   -3.314   -1.831   -0.631    1.356    2.619    4.466    2.640    1.780   -0.992   -3.692
1992   -3.432   -3.730   -2.700   -1.388    0.143    1.475    1.694    3.474    1.857    0.919   -1.980   -3.555
1993   -3.213   -3.073   -3.096   -2.074   -0.855    1.464    2.090    3.398    2.063    0.627   -0.831   -1.972
1994   -3.350   -3.607   -3.243   -0.350    0.842    1.166    4.081    2.524    3.176    1.543   -3.036   -3.402
1995   -4.148   -3.698   -3.612   -2.720   -0.498    1.177    1.119    1.482    2.347    0.632   -1.015   -1.001
1996   -2.811   -3.622   -2.609   -0.363    0.899    0.339    2.232    1.510    2.420    0.196    0.066   -4.966
1997   -3.620   -3.978   -3.267   -2.027    0.285    2.031    2.315    3.486    1.476    0.020   -1.118   -2.950
1998   -2.625   -1.686   -1.970   -1.560   -0.089    0.664    0.875    1.036    2.020    1.094   -0.448   -1.702
1999   -1.869   -3.744   -0.691    0.396    0.292    1.333    2.347    2.104    1.660   -0.479   -0.344   -1.584
2000   -4.129   -2.353   -0.864   -0.913    0.975    0.712    2.327    1.742    2.054   -0.177   -1.345   -1.465
2001   -2.078   -2.885   -2.044   -1.283    0.396    0.203    2.566    4.154    1.623   -0.120   -0.434   -3.723
2002   -4.530   -5.341   -2.905   -2.358   -0.310    0.872    4.705    2.734    1.404   -0.574   -1.694   -2.621
2003   -3.201   -3.801   -3.420   -1.844    1.098    0.552    1.130    2.292    1.601    0.524   -1.408   -3.636
2004   -3.463   -3.036   -2.605   -1.288    0.144    2.727    1.156    4.702    0.493    0.359   -1.465   -2.621
2005   -5.052   -4.277   -3.666   -2.792   -0.286    0.979    1.498    3.053    2.325   -0.286   -1.442   -2.439
2006   -3.368   -3.988   -3.023   -2.169   -0.561    0.173    3.187    3.806    1.248    1.706   -1.739   -2.280
2007   -3.255   -3.624   -3.550   -2.106   -0.311   -0.000    1.609    2.263    1.909    0.589   -0.407   -2.310
2008   -3.048   -2.451   -1.898   -1.176    1.704    0.855    1.905    1.787    1.696    0.185   -0.923   -1.725
2009   -1.889   -2.224   -2.360   -1.081    0.622    1.425    1.614    3.065    2.615    0.605   -2.051   -3.939
2010   -4.554   -3.650   -3.744   -2.529   -0.965    0.275    0.108    1.166    0.182    0.654   -1.265   -1.596
2011   -3.056   -2.553   -2.873   -1.785    0.510    1.174    2.514    2.809    2.032    0.437   -1.387   -3.161
2012   -3.308   -3.057   -2.965   -1.903    0.262    1.833    1.787    2.887    1.948    0.239   -2.752   -2.856
2013   -2.991   -3.976   -3.521   -1.348   -0.614    0.845    0.723    1.534    2.199    1.241   -1.850   -2.389
2014   -3.391   -4.505   -3.314   -1.428   -0.348    1.458    3.134 -999.999 -999.999 -999.999 -999.999 -999.999