135.856760273793
365.60572661559
272.961256558739
135.856760273793
135.856760273793
272.961256558739
272.961256558739
272.961256558739
272.961256558739
272.961256558739
272.961256558739
272.961256558739
365.60572661559
272.961256558739
457.46395982235
272.961256558739
338.739222377146
365.60572661559
380.241759812441
380.241759812441
135.856760273793
272.961256558739
272.961256558739
135.856760273793
272.961256558739
380.241759812441
380.241759812441
135.856760273793
365.60572661559
380.241759812441
272.961256558739
272.961256558739
380.241759812441
272.961256558739
272.961256558739
338.739222377146
135.856760273793
272.961256558739
272.961256558739
135.856760273793
272.961256558739
365.60572661559
135.856760273793
380.241759812441
272.961256558739
338.739222377146
457.46395982235
365.60572661559
135.856760273793
457.46395982235
272.961256558739
365.60572661559
272.961256558739
272.961256558739
457.46395982235
365.60572661559
272.961256558739
272.961256558739
272.961256558739
135.856760273793
272.961256558739
380.241759812441
365.60572661559
380.241759812441
380.241759812441
380.241759812441
272.961256558739
338.739222377146
457.46395982235
135.856760273793
365.60572661559
272.961256558739
272.961256558739
365.60572661559
380.241759812441
338.739222377146
380.241759812441
272.961256558739
272.961256558739
380.241759812441
272.961256558739
272.961256558739
135.856760273793
135.856760273793
338.739222377146
272.961256558739
135.856760273793
135.856760273793
365.60572661559
338.739222377146
380.241759812441
365.60572661559
135.856760273793
380.241759812441
272.961256558739
457.46395982235
135.856760273793
365.60572661559
272.961256558739
272.961256558739
457.46395982235
272.961256558739
380.241759812441
457.46395982235
380.241759812441
135.856760273793
338.739222377146
457.46395982235
135.856760273793
272.961256558739
135.856760273793
365.60572661559
380.241759812441
272.961256558739
135.856760273793
365.60572661559
272.961256558739
135.856760273793
272.961256558739
365.60572661559
272.961256558739
135.856760273793
272.961256558739
272.961256558739
380.241759812441
457.46395982235
272.961256558739
365.60572661559
272.961256558739
135.856760273793
338.739222377146
272.961256558739
457.46395982235
272.961256558739
380.241759812441
135.856760273793
135.856760273793
365.60572661559
135.856760273793
272.961256558739
365.60572661559
272.961256558739
272.961256558739
272.961256558739
338.739222377146
272.961256558739
135.856760273793
457.46395982235
365.60572661559
380.241759812441
272.961256558739
272.961256558739
365.60572661559
380.241759812441
380.241759812441
272.961256558739
380.241759812441
365.60572661559
272.961256558739
272.961256558739
380.241759812441
272.961256558739
272.961256558739
365.60572661559
272.961256558739
135.856760273793
272.961256558739
272.961256558739
135.856760273793
272.961256558739
365.60572661559
272.961256558739
365.60572661559
380.241759812441
457.46395982235
135.856760273793
365.60572661559
457.46395982235
338.739222377146
272.961256558739
272.961256558739
272.961256558739
457.46395982235
135.856760273793
272.961256558739
338.739222377146
365.60572661559
365.60572661559
135.856760273793
365.60572661559
272.961256558739
457.46395982235
380.241759812441
457.46395982235
135.856760273793
457.46395982235
380.241759812441
380.241759812441
135.856760273793
135.856760273793
457.46395982235
272.961256558739
272.961256558739
380.241759812441
380.241759812441
272.961256558739
135.856760273793
135.856760273793
272.961256558739
135.856760273793
272.961256558739
338.739222377146
272.961256558739
272.961256558739
380.241759812441
457.46395982235
272.961256558739
365.60572661559
272.961256558739
135.856760273793
272.961256558739
338.739222377146
135.856760273793
457.46395982235
135.856760273793
380.241759812441
272.961256558739
380.241759812441
272.961256558739
272.961256558739
365.60572661559
272.961256558739
457.46395982235
135.856760273793
272.961256558739
272.961256558739
272.961256558739
457.46395982235
338.739222377146
365.60572661559
272.961256558739
365.60572661559
135.856760273793
135.856760273793
272.961256558739
272.961256558739
365.60572661559
365.60572661559
135.856760273793
338.739222377146
272.961256558739
272.961256558739
272.961256558739
380.241759812441
272.961256558739
380.241759812441
272.961256558739
135.856760273793
135.856760273793
272.961256558739
272.961256558739
272.961256558739
272.961256558739
338.739222377146
135.856760273793
272.961256558739
272.961256558739
272.961256558739
272.961256558739
272.961256558739
272.961256558739
135.856760273793
380.241759812441
135.856760273793
365.60572661559
380.241759812441
457.46395982235
272.961256558739
135.856760273793
272.961256558739
380.241759812441
380.241759812441
457.46395982235
365.60572661559
272.961256558739
272.961256558739
135.856760273793
272.961256558739
272.961256558739
365.60572661559
380.241759812441
272.961256558739
365.60572661559
338.739222377146
272.961256558739
365.60572661559
272.961256558739
365.60572661559
338.739222377146
272.961256558739
