738.129119846669 501.427346010748 111.762848432056 32.8821442621108 140.310020321987 428.261806036273 549.03562981427 566.500873362446 329.54908764816 347.84430314085 508.064621176608 789.955212861043 779.025906840976 489.348876820351 141.364535135917 96.5063522473767 254.012842143295 385.241136478271 400.37435252331 349.96551724138 436.376091954023 521.055765275257 646.892055867825 698.954387559123 599.200001594211 388.46659398638 115.510928961749
779.025906840976 489.348876820351 141.364535135917 96.5063522473767 254.012842143295 385.241136478271 400.37435252331 349.96551724138 436.376091954023 521.055765275257 646.892055867825 698.954387559123 599.200001594211 388.46659398638 115.510928961749 38.1843432667419 28.1400809716599 206.84048582996 355.178370959995 506.05633706169 435.39374732944 413.0521040977 433.146415223728 537.92678191586 463.552484362361 326.921285972812 137.081270093495
599.200001594211 388.46659398638 115.510928961749 38.1843432667419 28.1400809716599 206.84048582996 355.178370959995 506.05633706169 435.39374732944 413.0521040977 433.146415223728 537.92678191586 463.552484362361 326.921285972812 137.081270093495 91.6536577325045 117.824267206019 219.445220209885 320.286372865279 369.350250164451 392.520038784745 417.253564082976 401.929946524064 421.298378016833 499.734741653197 402.773702692158 291.636363636364
463.552484362361 326.921285972812 137.081270093495 91.6536577325045 117.824267206019 219.445220209885 320.286372865279 369.350250164451 392.520038784745 417.253564082976 401.929946524064 421.298378016833 499.734741653197 402.773702692158 291.636363636364 110.127494456763 223.770490945253 294.261641387731 365.069211866033 356.17946213079 317.024411273374 373.369444618407 455.33314903626 564.837049451198 568.547860262009 392.327044534413 200.53615167727
499.734741653197 402.773702692158 291.636363636364 110.127494456763 223.770490945253 294.261641387731 365.069211866033 356.17946213079 317.024411273374 373.369444618407 455.33314903626 564.837049451198 568.547860262009 392.327044534413 200.53615167727 38.6563945922499 57.4237804375837 305.496412425162 421.391662467928 510.952725045927 454.633561022788 601.557092455286 853.278441602803 1039.44307961026 896.558600674562 549.474390148246 168.30992932707
568.547860262009 392.327044534413 200.53615167727 38.6563945922499 57.4237804375837 305.496412425162 421.391662467928 510.952725045927 454.633561022788 601.557092455286 853.278441602803 1039.44307961026 896.558600674562 549.474390148246 168.30992932707 56.6859961174234 66.4190788241903 213.551020408163 295.578166783955 355.650211118931 399.91551724138 395.365640394089 571.035919156577 664.06518744926 661.000162818718 443.023527304699 169.651401869159
896.558600674562 549.474390148246 168.30992932707 56.6859961174234 66.4190788241903 213.551020408163 295.578166783955 355.650211118931 399.91551724138 395.365640394089 571.035919156577 664.06518744926 661.000162818718 443.023527304699 169.651401869159 104.034126121651 77.1365704063379 250.152069058629 285.24007989629 316.299825975453 267.485155480512 403.945572058076 463.126170696435 892.164269550938 712.188219924038 628.720858320962 67.8680316952094
661.000162818718 443.023527304699 169.651401869159 104.034126121651 77.1365704063379 250.152069058629 285.24007989629 316.299825975453 267.485155480512 403.945572058076 463.126170696435 892.164269550938 712.188219924038 628.720858320962 67.8680316952094 61.9691991490905 90.2641090112326 271.369413485831 328.055135333125 331.318244687539 260.72076993107 394.946447762011 542.113773190207 634.713349579483 439.210140336864 224.051793584314 20.249089439144
712.188219924038 628.720858320962 67.8680316952094 61.9691991490905 90.2641090112326 271.369413485831 328.055135333125 331.318244687539 260.72076993107 394.946447762011 542.113773190207 634.713349579483 439.210140336864 224.051793584314 20.249089439144 19.7917723659733 80.5350141709967 212.254310344827 240.772167487684 214.802955665024 167.514162561577 337.363952477543 643.120991600246 830.662023843865 729.647825060903 398.993299165713 130.737455009869
439.210140336864 224.051793584314 20.249089439144 19.7917723659733 80.5350141709967 212.254310344827 240.772167487684 214.802955665024 167.514162561577 337.363952477543 643.120991600246 830.662023843865 729.647825060903 398.993299165713 130.737455009869 45.1096164901044 85.7898790311264 214.593469558246 271.109385225877 295.050277738214 327.140193704601 397.451698583902 454.156855624628 417.411477473367 384.319714775971 266.561048840442 145.123310108586
729.647825060903 398.993299165713 130.737455009869 45.1096164901044 85.7898790311264 214.593469558246 271.109385225877 295.050277738214 327.140193704601 397.451698583902 454.156855624628 417.411477473367 384.319714775971 266.561048840442 145.123310108586 32.8837024219799 55.2956858930543 145.637012616123 296.185003352117 410.354654007139 416.168765595758 376.618141489409 656.626150408855 784.41084921327 735.212157592827 332.737776706883 107.519068162209
384.319714775971 266.561048840442 145.123310108586 32.8837024219799 55.2956858930543 145.637012616123 296.185003352117 410.354654007139 416.168765595758 376.618141489409 656.626150408855 784.41084921327 735.212157592827 332.737776706883 107.519068162209 140.711233233979 197.79898018648 326.586576488484 343.550800626415 370.33649912332 318.727397855694 379.047369753005 533.8443298256 879.229000935423 929.747736998946 669.658199129883 245.56776025841
735.212157592827 332.737776706883 107.519068162209 140.711233233979 197.79898018648 326.586576488484 343.550800626415 370.33649912332 318.727397855694 379.047369753005 533.8443298256 879.229000935423 929.747736998946 669.658199129883 245.56776025841 135.325340711946 182.502353168766 345.152353168766 356.228459559196 426.016419703644 497.150824092359 585.591883721057 616.017764778326 697.327890435836 559.472897049592 423.723200693317 109.269579738001
929.747736998946 669.658199129883 245.56776025841 135.325340711946 182.502353168766 345.152353168766 356.228459559196 426.016419703644 497.150824092359 585.591883721057 616.017764778326 697.327890435836 559.472897049592 423.723200693317 109.269579738001 81.9343945528156 99.6590909090909 176.761392405063 219.592615112487 273.273837819911 391.269934401631 543.561925979922 591.048806720774 948.02131773399 755.134523201362 645.709158342298 126.576945952917
559.472897049592 423.723200693317 109.269579738001 81.9343945528156 99.6590909090909 176.761392405063 219.592615112487 273.273837819911 391.269934401631 543.561925979922 591.048806720774 948.02131773399 755.134523201362 645.709158342298 126.576945952917 75.1719778127343 266.517734798744 307.905540408463 469.670991450427 410.029398530073 515.961069883725 683.986644293078 806.322350333863 1066.38970114449 1117.82760143876 838.534788661473 416.759620281467
755.134523201362 645.709158342298 126.576945952917 75.1719778127343 266.517734798744 307.905540408463 469.670991450427 410.029398530073 515.961069883725 683.986644293078 806.322350333863 1066.38970114449 1117.82760143876 838.534788661473 416.759620281467 50.9798551678737 124.720828480276 213.818278027391 333.453152508157 389.987870003052 728.29153683161 889.332501718849 980.275752857263 709.19358143678 518.497177670767 299.442760794343 116.809617703323
1117.82760143876 838.534788661473 416.759620281467 50.9798551678737 124.720828480276 213.818278027391 333.453152508157 389.987870003052 728.29153683161 889.332501718849 980.275752857263 709.19358143678 518.497177670767 299.442760794343 116.809617703323 16.1108601790132 28.1043652783154 144.332975330699 359.753460709054 560.937410323032 584.140615622054 623.351292751308 879.986477402796 1092.91767006335 1036.33355056649 656.156768785495 497.064790974528
518.497177670767 299.442760794343 116.809617703323 16.1108601790132 28.1043652783154 144.332975330699 359.753460709054 560.937410323032 584.140615622054 623.351292751308 879.986477402796 1092.91767006335 1036.33355056649 656.156768785495 497.064790974528 386.095728027462 528.670414320898 549.568109050258 568.671255725603 440.398807922349 332.065018455019 455.805934726741 607.638410368993 676.948923711615 611.844289929851 386.756897225988 240.148673778373
1036.33355056649 656.156768785495 497.064790974528 386.095728027462 528.670414320898 549.568109050258 568.671255725603 440.398807922349 332.065018455019 455.805934726741 607.638410368993 676.948923711615 611.844289929851 386.756897225988 240.148673778373 205.626640893471 356.197397774205 552.960717939924 596.097653168992 586.032998183993 613.839981569248 562.815824117957 606.905555555555 758.846235721702 735.722070247215 647.80612821823 275.550508112143
611.844289929851 386.756897225988 240.148673778373 205.626640893471 356.197397774205 552.960717939924 596.097653168992 586.032998183993 613.839981569248 562.815824117957 606.905555555555 758.846235721702 735.722070247215 647.80612821823 275.550508112143 361.663739780484 270.083029698843 406.677964970249 366.505817968315 473.705500381972 415.928835870013 420.536816125052 479.9592760181 555.13861045879 479.981766567387 273.122943037975 85.3410714285714
735.722070247215 647.80612821823 275.550508112143 361.663739780484 270.083029698843 406.677964970249 366.505817968315 473.705500381972 415.928835870013 420.536816125052 479.9592760181 555.13861045879 479.981766567387 273.122943037975 85.3410714285714 41.4785714285714 80.4019194461925 168.180947136564 230.185612208334 286.291929262483 310.599601636754 315.748314943361 430.635241799842 718.383859195518 749.636382104694 552.892175113682 166.536918511788
479.981766567387 273.122943037975 85.3410714285714 41.4785714285714 80.4019194461925 168.180947136564 230.185612208334 286.291929262483 310.599601636754 315.748314943361 430.635241799842 718.383859195518 749.636382104694 552.892175113682 166.536918511788 75.1342329918689 95.8096741415869 190.110904239912 268.087339635068 352.244164710903 336.325601885053 394.455834443192 607.44037246959 748.161627495272 815.409658347206 488.659493548261 275.846059566123
749.636382104694 552.892175113682 166.536918511788 75.1342329918689 95.8096741415869 190.110904239912 268.087339635068 352.244164710903 336.325601885053 394.455834443192 607.44037246959 748.161627495272 815.409658347206 488.659493548261 275.846059566123 53.6546343549611 82.1701554192627 143.800580270793 262.740821678322 370.118006993007 429.427859444221 380.248595042703 391.293487650095 400.9714860577 340.875357718156 197.401960147985 46.9595638346206
815.409658347206 488.659493548261 275.846059566123 53.6546343549611 82.1701554192627 143.800580270793 262.740821678322 370.118006993007 429.427859444221 380.248595042703 391.293487650095 400.9714860577 340.875357718156 197.401960147985 46.9595638346206 24.7705243846507 62.3453473586869 218.477700299863 354.601552164142 454.114653826132 423.565260526212 391.991150442478 542.702586206897 729.522223968238 821.314138833375 576.244885959811 340.920940242608
340.875357718156 197.401960147985 46.9595638346206 24.7705243846507 62.3453473586869 218.477700299863 354.601552164142 454.114653826132 423.565260526212 391.991150442478 542.702586206897 729.522223968238 821.314138833375 576.244885959811 340.920940242608 186.920176145006 270.412318096844 431.608927735493 489.732892086245 464.939572278106 390.440046248182 538.209156593935 607.664402691706 584.329143588064 398.621700159101 251.104260561485 112.962171467783
821.314138833375 576.244885959811 340.920940242608 186.920176145006 270.412318096844 431.608927735493 489.732892086245 464.939572278106 390.440046248182 538.209156593935 607.664402691706 584.329143588064 398.621700159101 251.104260561485 112.962171467783 77.4204891517815 164.958527174595 378.815518563877 458.326643792178 454.8819090983 312.46516697588 334.315340404936 539.573168848814 733.029654436398 651.81621570122 381.225943869028 131.202463708853
398.621700159101 251.104260561485 112.962171467783 77.4204891517815 164.958527174595 378.815518563877 458.326643792178 454.8819090983 312.46516697588 334.315340404936 539.573168848814 733.029654436398 651.81621570122 381.225943869028 131.202463708853 99.2606828869352 135.46233329385 273.650122107788 371.76235747516 407.700339695892 324.34090909091 293.775990877635 287.584483700601 736.653826766295 714.273642546791 623.466412350087 103.772520547931
651.81621570122 381.225943869028 131.202463708853 99.2606828869352 135.46233329385 273.650122107788 371.76235747516 407.700339695892 324.34090909091 293.775990877635 287.584483700601 736.653826766295 714.273642546791 623.466412350087 103.772520547931 144.339005169949 224.841706602883 399.825805901143 337.215420779352 278.722453787604 227.105760368663 309.577086533538 378.712815537375 400.791876202737 342.874947481563 275.713611020667 146.128056848812
714.273642546791 623.466412350087 103.772520547931 144.339005169949 224.841706602883 399.825805901143 337.215420779352 278.722453787604 227.105760368663 309.577086533538 378.712815537375 400.791876202737 342.874947481563 275.713611020667 146.128056848812 77.7836971539099 83.7068003664868 194.403770063456 309.434740594802 372.778253119429 444.014150555327 532.237623676633 711.001830450252 1092.71259968102 1119.84748858448 968.498367044162 406.852329308313
342.874947481563 275.713611020667 146.128056848812 77.7836971539099 83.7068003664868 194.403770063456 309.434740594802 372.778253119429 444.014150555327 532.237623676633 711.001830450252 1092.71259968102 1119.84748858448 968.498367044162 406.852329308313 838.628819643469 727.89884423823 835.838795017558 232.332764815876 259.276477146042 311.636655011655 386.683332144046 488.110310962329 445.008873114462 429.329416133432 532.574559519186 430.123920846451
1119.84748858448 968.498367044162 406.852329308313 838.628819643469 727.89884423823 835.838795017558 232.332764815876 259.276477146042 311.636655011655 386.683332144046 488.110310962329 445.008873114462 429.329416133432 532.574559519186 430.123920846451 441.86131217993 247.691692785169 323.477313251452 327.999243983112 393.123283390336 374.402160163471 343.386835895689 293.967835157319 309.590678368122 307.931980649491 236.848766876177 152.343048401103
429.329416133432 532.574559519186 430.123920846451 441.86131217993 247.691692785169 323.477313251452 327.999243983112 393.123283390336 374.402160163471 343.386835895689 293.967835157319 309.590678368122 307.931980649491 236.848766876177 152.343048401103 53.4479417719079 136.723551528005 253.314301129281 402.529929801431 457.40303461356 425.888648648648 397.464324324324 456.605753424657 749.056400906671 652.123506169829 456.966741509217 57.2760940272028
