1948   26.405   26.423   26.143   25.972   25.673   25.199   25.127   24.968   24.828   25.396   25.844   26.042
1949   27.040   27.365   27.218   26.980   26.071   25.976   25.569   24.965   25.472   25.504   25.768   26.586
1950   26.862   27.310   27.119   26.920   26.503   26.245   25.609   25.586   25.345   25.808   26.433   27.063
1951   26.985   27.381   27.258   27.128   26.146   25.869   25.631   25.522   25.324   25.831   26.535   27.220
1952   27.666   27.720   27.824   27.200   26.883   26.759   26.065   25.381   25.468   26.632   27.016   26.941
1953   27.468   27.723   27.912   27.314   26.765   26.319   25.733   25.718   25.545   26.194   26.456   26.770
1954   27.651   27.563   27.664   26.790   26.479   25.813   25.446   25.069   25.713   25.391   26.148   26.841
1955   26.706   27.033   27.454   26.801   26.531   25.915   25.559   25.313   26.046   26.318   26.693   27.262
1956   27.299   27.556   27.819   27.312   27.187   26.473   25.705   25.629   25.939   26.614   26.909   27.512
1957   27.752   27.701   27.632   27.405   26.594   25.680   25.688   26.280   25.870   26.351   26.731   27.194
1958   27.856   27.952   27.854   27.444   26.983   26.527   25.328   25.313   26.086   26.307   26.355   27.141
1959   27.684   27.451   27.683   27.409   26.561   26.028   26.044   25.317   25.835   26.043   26.712   27.640
1960   27.318   27.618   27.626   27.111   26.852   26.331   25.405   26.051   26.526   26.419   27.145   27.283
1961   27.790   27.944   27.598   27.655   27.281   26.483   25.925   25.946   26.195   26.383   27.016   27.640
1962   27.861   27.846   27.765   27.486   27.153   26.353   26.073   25.801   26.328   26.754   26.917   27.180
1963   27.428   27.545   27.557   27.190   26.641   26.265   25.381   25.530   25.455   25.706   26.399   26.923
1964   27.324   27.901   27.814   27.160   26.407   26.015   25.583   25.498   25.599   26.171   26.565   26.636
1965   27.111   27.168   27.067   26.508   25.971   25.270   24.889   24.614   25.115   25.269   25.969   26.724
1966   27.041   27.333   27.363   26.818   25.683   25.544   25.012   24.819   25.458   25.697   26.316   26.797
1967   27.882   27.685   28.063   27.109   26.464   25.979   25.720   25.928   26.081   26.291   26.578   27.295
1968   27.487   27.595   27.271   26.997   26.350   26.110   25.515   25.578   25.513   26.132   26.621   27.384
1969   27.335   27.688   27.828   27.554   26.828   26.456   25.505   25.620   25.781   26.091   26.940   27.641
1970   27.891   28.063   28.105   27.378   26.728   26.267   25.943   26.048   26.006   26.524   26.915   27.287
1971   27.519   27.574   27.573   26.914   26.389   26.333   25.521   25.848   26.189   26.557   27.019   27.197
1972   27.381   27.125   27.522   27.160   26.775   25.856   25.269   25.214   25.347   25.866   26.838   27.263
1973   27.775   28.002   28.092   27.206   26.958   26.593   25.835   26.134   26.142   26.464   27.198   27.280
1974   27.457   27.636   27.386   27.251   26.617   26.524   26.348   25.787   26.104   26.604   26.988   27.271
1975   27.511   27.290   27.802   27.193   26.946   26.342   25.814   25.878   26.129   26.671   27.212   27.407
1976   27.765   27.476   27.771   27.650   26.764   26.473   25.771   25.410   25.511   26.472   27.293   27.585
1977   27.841   28.123   27.761   27.358   26.444   26.122   25.543   24.758   24.843   25.239   26.428   27.350
1978   27.527   27.362   27.395   26.785   26.208   25.670   25.289   24.936   25.034   25.319   26.228   27.285
1979   27.208   27.671   28.158   27.360   26.551   26.311   25.211   24.814   25.423   26.493   27.056   26.926
1980   27.780   28.094   27.673   26.849   26.475   25.871   25.449   25.038   25.474   26.143   26.748   27.219
1981   27.798   27.916   27.659   27.266   26.632   26.233   25.384   24.990   25.406   25.983   26.682   27.649
1982   28.050   27.676   27.777   27.271   26.763   26.038   25.555   25.159   25.073   25.714   26.356   27.159
1983   27.863   27.501   27.293   27.305   26.807   26.179   25.377   25.030   25.630   26.210   26.934   27.386
1984   27.739   27.910   27.813   27.445   26.814   26.351   25.708   25.721   25.860   26.175   27.013   27.821
1985   27.751   28.046   27.399   27.432   26.411   25.995   25.631   25.595   26.005   26.418   27.219   27.838
1986   28.368   28.205   28.161   27.237   26.533   26.017   24.681   24.662   25.441   26.158   26.967   26.955
1987   27.699   27.601   27.473   26.812   26.297   25.375   24.899   24.657   25.083   25.960   26.741   27.203
1988   27.716   28.223   27.537   27.053   27.039   26.535   25.928   25.809   26.082   26.427   27.087   27.223
1989   27.537   27.409   27.133   26.828   26.489   26.068   25.431   25.522   25.925   26.187   26.756   27.177
1990   27.653   27.449   27.619   26.918   26.481   25.988   25.520   25.505   25.507   26.051   26.893   27.148
1991   27.588   27.856   27.503   27.195   26.439   25.704   25.350   25.392   25.180   25.682   25.817   26.569
1992   26.814   27.402   26.933   26.549   25.781   25.785   25.101   24.859   25.315   25.145   25.122   25.631
1993   25.278   25.485   26.873   26.139   25.953   25.494   24.619   23.863   24.349   24.931   26.378   26.743
1994   27.084   27.278   27.463   26.709   26.141   25.359   24.527   24.879   24.430   24.919   26.056   26.509
1995   27.148   27.339   27.747   27.618   26.337   25.753   25.552   25.231   25.544   26.395   26.674   27.244
1996   27.196   27.670   27.712   27.368   26.276   25.691   25.619   25.038   26.074   26.166   26.782   27.614
1997   27.520   27.925   28.051   27.153   26.683   25.567   25.453   24.693   24.786   25.160   26.165   27.554
1998   27.524   28.059   27.948   27.634   27.221   26.454   25.794   25.939   25.847   26.857   27.331   27.947
1999   27.869   27.612   27.594   27.583   27.247   25.812   26.087   25.448   26.059   26.061   26.647   27.315
2000   27.453   27.809   27.500   27.195   26.852   26.323   25.646   25.729   26.183   26.203   27.031   27.182
2001   27.975   28.158   28.032   27.683   27.241   26.322   25.627   25.581   25.787   26.447   26.992   27.555
2002   28.294   28.140   28.024   27.717   27.269   26.991   25.877   25.675   25.964   26.362   26.646   26.934
2003   27.586   27.659   27.823   27.518   27.590   26.649   25.874   24.960   25.374   26.223   26.605   27.548
2004   27.881   28.285   27.882   27.229   26.939   26.554   25.681   25.735   25.678   26.440   26.723   27.276
2005   28.221   28.043   27.967   27.991   27.165   26.042   25.490   25.065   25.538   26.212   26.637   27.340
2006   27.789   27.805   27.976   27.682   27.302   26.173   24.967   25.246   25.722   25.844   26.968   27.157
2007   27.808   27.753   27.783   27.405   26.470   26.910   26.026   26.145   26.627   26.625   26.887   27.545
2008   27.564   27.615   27.600   27.438   26.383   25.758   25.793   25.813   26.026   26.581   27.048   27.808
2009   27.712   27.739   27.843   27.435   26.547   26.080   25.801   25.235   25.877   26.002   26.037   26.762
2010   27.278   27.144   27.434   27.397   27.324   27.192   25.770   26.185   26.545   26.519   26.780   27.312
2011   27.770   27.584   27.451   27.693   27.348   26.930   26.029   25.742   26.196   26.662   26.646   27.650
2012   27.610   27.415   27.741   27.143   26.670   26.185   25.825   25.517   26.124   26.592   26.608   27.469
2013   27.678   27.620   27.755   27.788   26.913   26.464   25.663   25.307   25.524   26.221   26.991   27.615
2014   27.898   27.822   27.435   27.421   26.543 -999.999 -999.999 -999.999 -999.999 -999.999 -999.999 -999.999