
1948   -9.930   -8.137   -7.608   -6.680   -5.283   -7.632   -5.468   -4.188   -3.461   -4.010   -8.159   -8.613
1949   -9.942   -7.496   -9.268  -10.005   -9.060   -7.601   -6.827   -6.772   -6.543   -8.671  -10.369   -9.189
1950   -6.476   -9.799   -9.719   -8.909   -9.224   -6.864   -6.028   -5.908   -5.444   -6.513   -5.822   -6.534
1951   -7.954   -7.441   -9.705   -9.513   -8.176   -7.091   -7.115   -6.324   -6.839   -7.061   -8.233   -7.892
1952   -9.323   -9.012   -7.589   -8.686   -8.750   -7.313   -6.945   -6.539   -5.373   -6.295   -8.768   -8.718
1953   -6.270   -8.867   -8.593   -8.829   -7.437   -7.366   -6.122   -6.973   -5.003   -7.162   -9.218   -9.948
1954   -7.074   -7.258   -8.874   -8.571   -9.713   -8.806   -6.957   -6.723   -5.449   -6.957   -9.173   -8.251
1955   -9.880   -8.823   -8.791   -8.786   -9.440   -7.732   -6.857   -6.136   -6.063   -6.142   -8.497   -5.009
1956   -6.036   -7.323   -9.175   -9.749   -9.286   -7.299   -6.776   -7.286   -7.062   -5.175   -8.810   -8.911
1957   -8.207   -8.907   -8.032   -8.564   -8.280   -8.316   -7.232   -6.138   -6.283   -6.587  -10.029   -9.021
1958   -9.024   -8.067   -9.170   -9.478   -8.820   -8.521   -7.861   -7.441   -5.877   -5.999   -9.641   -9.830
1959   -7.518  -10.408   -9.518   -9.439   -7.858   -6.474   -5.373   -4.906   -3.986   -6.559  -10.127  -10.625
1960   -7.939   -8.826   -5.434   -9.246   -7.377   -7.831   -7.082   -5.872   -5.325   -5.537   -8.921   -9.940
1961   -8.320   -9.040   -8.650   -9.485   -9.283   -7.331   -6.508   -6.570   -4.698   -3.480   -8.738   -8.214
1962   -7.575   -8.352   -9.564   -6.415   -8.627   -6.066   -6.053   -6.020   -5.277   -5.781   -9.715   -8.950
1963   -5.703   -6.931   -7.312   -7.079   -7.931   -6.812   -5.800   -5.035   -5.272   -3.221   -6.702   -9.852
1964   -8.540   -9.383   -6.626   -8.996   -6.114   -6.300   -6.959   -4.686   -6.741   -6.215   -7.018   -7.539
1965   -8.573   -8.674   -7.223   -6.994   -8.777   -7.845   -7.398   -5.332   -6.310   -5.225   -8.811  -10.107
1966   -8.957   -9.184   -7.936   -8.947   -6.655   -7.651   -6.543   -2.985   -3.795   -4.396   -7.252   -9.436
1967   -8.665   -7.859   -7.802   -7.147   -6.230   -5.557   -4.408   -2.870   -0.226   -6.630   -7.867   -8.879
1968   -6.847   -5.770   -9.719   -8.075   -5.889   -6.785   -6.344   -2.859   -1.999   -3.618   -6.574   -6.350
1969   -8.996   -7.043   -9.143   -8.878   -8.930   -7.668   -7.208   -4.889   -3.780   -6.306   -7.908   -9.728
1970   -5.824   -8.469   -8.626   -8.538   -6.943   -7.263   -4.694   -4.218   -5.221   -5.381   -5.975   -8.644
1971   -5.582   -6.949   -6.387   -7.902   -7.214   -6.299   -5.643   -3.860   -3.456   -6.327   -6.826   -9.387
1972   -8.095   -7.092   -6.612   -7.980   -8.118   -6.471   -6.568   -4.977   -3.640   -5.327   -9.419   -9.251
1973   -8.398   -9.237   -7.480   -9.816   -7.830   -7.615   -6.131   -6.064   -6.454   -5.962   -7.019   -9.696
1974   -3.066   -7.887   -6.678   -9.268   -7.411   -4.906   -3.694   -3.062   -3.091   -7.540   -7.640   -9.527
1975   -9.035   -7.693   -7.478   -8.770   -6.018   -6.995   -5.857   -5.144   -4.282   -5.982   -7.293   -8.476
1976   -8.414   -6.907   -7.921   -9.089   -7.811   -6.225   -7.098   -6.696   -5.465   -7.091  -10.181   -8.724
1977   -7.002   -8.881   -9.201   -9.199   -6.902   -7.418   -7.074   -4.491   -4.661   -5.707   -8.573   -8.138
1978   -7.788   -7.936   -7.261   -7.658   -7.656   -6.639   -5.688   -4.700   -4.195   -7.239   -8.736   -9.783
1979   -8.657   -7.706   -7.809   -9.482   -7.811   -6.849   -5.980   -4.147   -6.563   -6.853   -6.998   -7.832
1980   -6.365   -7.318   -8.920   -9.339   -9.017   -8.100   -6.875   -4.856   -4.948   -7.850   -8.703   -7.173
1981   -5.999   -7.117   -8.304   -8.950   -6.541   -6.393   -6.537   -1.753   -6.376   -6.012   -8.869   -9.469
1982   -8.269   -5.845   -8.766   -7.280   -8.273   -7.912   -6.934   -6.130   -3.246   -3.435   -8.356  -10.429
1983   -8.154   -7.124   -7.402   -7.162   -8.033   -7.860   -7.604   -6.076   -5.871   -7.458   -8.437   -7.935
1984   -6.483   -7.126   -8.265   -7.833   -6.440   -5.593   -3.352   -4.330   -1.890   -6.220   -6.974   -8.278
1985   -8.227   -7.430   -9.969   -6.637   -7.896   -7.225   -4.898   -5.594   -5.326   -4.890   -8.113   -9.305
1986   -7.760   -5.611   -8.041   -7.493   -8.018   -7.334   -5.426   -0.406   -4.502   -7.574   -9.054   -9.645
1987   -9.311   -8.634   -8.759   -8.436   -7.320   -6.997   -6.865   -6.172   -2.813   -6.461   -9.302  -10.048
1988   -9.748   -7.600   -9.558   -7.785   -7.820   -7.270   -6.972   -4.941   -5.313   -7.248   -7.770   -8.711
1989   -8.803   -7.242   -5.291   -7.918   -7.877   -6.413   -6.653   -5.303   -4.562   -5.958   -7.593   -7.937
1990   -9.931   -7.951   -8.338   -7.297   -8.544   -7.073   -6.335   -6.379   -6.864   -6.375   -7.388   -8.691
1991   -7.681   -7.359   -9.957   -9.577   -8.591   -5.925   -6.302   -3.872   -7.400   -7.387   -9.171   -8.344
1992   -8.567   -6.257   -8.661   -7.716   -7.613   -8.135   -6.855   -5.847   -0.206   -4.840   -9.236   -7.696
1993   -9.307   -7.331   -8.816   -8.443   -8.115   -6.878   -7.923   -5.345   -5.043   -5.614   -8.433   -9.936
1994   -7.758   -6.579   -8.677   -7.547   -7.816   -7.363   -6.524   -3.424   -0.740   -3.531   -7.046   -8.822
1995   -7.430   -5.993   -6.967   -8.747   -8.533   -7.994   -7.055   -6.405   -6.443   -7.284   -7.317   -7.348
1996   -7.771   -7.412   -8.442   -8.840   -7.103   -6.965   -6.603   -3.499   -5.555   -6.452   -7.460   -8.598
1997   -6.116   -8.124   -7.915   -8.899   -8.219   -7.238   -6.740   -4.627   -2.010   -7.443   -7.176   -8.597
1998   -6.720   -6.610   -6.022   -9.079   -8.210   -6.910   -7.302   -6.716   -5.791   -7.632   -8.741   -8.645
1999   -7.194   -8.109   -7.898   -8.092   -6.580   -7.444   -7.293   -6.375   -6.647   -8.456   -6.865   -8.615
2000   -6.630   -7.445   -8.789   -8.474   -6.511   -7.824   -6.341   -6.584   -3.188   -7.729   -9.647   -9.210
2001   -8.737   -8.686   -6.208   -8.726   -6.729   -5.902   -5.114   -4.879   -5.491   -7.137   -8.118   -9.127
2002   -7.870   -8.567   -9.095   -7.233   -7.569   -8.431   -6.541   -6.821   -3.248   -7.085   -9.812   -9.912
2003   -8.073   -7.297   -8.599  -10.359  -10.079   -8.790   -8.853   -7.642   -6.863   -7.582   -5.902   -9.260
2004   -8.511   -9.334  -10.446  -10.467   -7.333   -7.772   -6.964   -6.490   -5.645   -5.965   -9.251   -8.480
2005   -7.514   -8.239   -9.318   -8.174   -7.990   -7.285   -6.610   -5.755   -6.205   -6.786   -7.715   -8.310
2006   -8.262   -9.113   -8.109   -7.777   -6.786   -8.081   -7.429   -4.082   -4.269   -6.700   -7.291  -10.378
2007   -9.548   -6.916   -6.851   -8.832   -6.759   -7.041   -5.574   -5.059   -4.171   -5.774   -8.970   -8.995
2008   -7.770   -6.541   -6.306   -7.879   -7.255   -6.076   -6.083   -6.250   -6.095   -7.475   -8.180   -7.636
2009   -8.197   -7.262   -6.435   -8.292   -5.489   -4.516   -6.875   -5.045   -6.477   -7.751   -8.460   -7.259
2010   -6.943   -6.697   -8.622   -7.713   -6.234   -7.732   -7.512   -6.076   -6.591   -6.315   -6.925   -3.909
2011   -5.931   -5.690   -7.338   -5.402   -7.352   -7.764   -6.007   -6.235   -6.149   -6.727   -6.556   -9.113
2012   -5.922   -8.065   -6.207   -4.471   -6.462   -5.888   -6.589   -3.797   -4.542   -5.061   -6.038   -7.190
2013   -6.379   -8.941   -6.947   -6.232   -6.507   -7.598   -6.637   -4.690   -3.213   -5.228   -6.922   -6.385
2014   -6.238   -6.679   -7.379   -7.410   -5.077   -3.103   -6.000   -4.153 -999.999 -999.999 -999.999 -999.999