0
0
23.2792210207405
37.0091874725495
37.0091874725495
78.0717714378105
0
0
34.514761942475
59.2899778620124
37.0091874725495
34.514761942475
0
59.2899778620124
23.2792210207405
0
37.0091874725495
78.0717714378105
0
34.514761942475
78.0717714378105
37.0091874725495
0
0
78.0717714378105
34.514761942475
0
0
37.0091874725495
23.2792210207405
37.0091874725495
37.0091874725495
37.0091874725495
0
37.0091874725495
34.514761942475
0
34.514761942475
0
0
0
59.2899778620124
0
78.0717714378105
0
37.0091874725495
37.0091874725495
78.0717714378105
78.0717714378105
0
37.0091874725495
0
78.0717714378105
0
37.0091874725495
0
0
78.0717714378105
0
59.2899778620124
78.0717714378105
34.514761942475
59.2899778620124
78.0717714378105
0
0
0
37.0091874725495
23.2792210207405
59.2899778620124
0
59.2899778620124
37.0091874725495
78.0717714378105
37.0091874725495
0
0
0
37.0091874725495
0
59.2899778620124
0
59.2899778620124
0
0
23.2792210207405
0
34.514761942475
37.0091874725495
0
37.0091874725495
37.0091874725495
37.0091874725495
0
23.2792210207405
0
0
0
34.514761942475
34.514761942475
0
0
0
59.2899778620124
37.0091874725495
37.0091874725495
23.2792210207405
0
0
0
78.0717714378105
0
59.2899778620124
78.0717714378105
37.0091874725495
59.2899778620124
34.514761942475
0
34.514761942475
59.2899778620124
0
78.0717714378105
37.0091874725495
59.2899778620124
0
0
0
0
37.0091874725495
34.514761942475
0
0
34.514761942475
0
34.514761942475
37.0091874725495
78.0717714378105
37.0091874725495
0
0
0
0
0
37.0091874725495
37.0091874725495
0
59.2899778620124
0
78.0717714378105
0
0
0
34.514761942475
0
34.514761942475
78.0717714378105
0
78.0717714378105
0
78.0717714378105
59.2899778620124
37.0091874725495
0
37.0091874725495
0
0
0
23.2792210207405
0
0
37.0091874725495
78.0717714378105
37.0091874725495
0
0
0
37.0091874725495
37.0091874725495
0
0
37.0091874725495
0
0
37.0091874725495
37.0091874725495
0
0
0
0
0
78.0717714378105
0
78.0717714378105
78.0717714378105
37.0091874725495
59.2899778620124
37.0091874725495
0
34.514761942475
0
0
0
37.0091874725495
0
0
34.514761942475
34.514761942475
0
78.0717714378105
59.2899778620124
37.0091874725495
78.0717714378105
0
59.2899778620124
78.0717714378105
0
0
23.2792210207405
0
37.0091874725495
59.2899778620124
37.0091874725495
78.0717714378105
0
78.0717714378105
0
0
59.2899778620124
34.514761942475
0
0
0
78.0717714378105
0
0
0
0
59.2899778620124
37.0091874725495
0
0
0
0
37.0091874725495
37.0091874725495
34.514761942475
0
78.0717714378105
0
78.0717714378105
37.0091874725495
78.0717714378105
34.514761942475
0
59.2899778620124
37.0091874725495
37.0091874725495
0
0
59.2899778620124
0
0
0
37.0091874725495
37.0091874725495
0
0
78.0717714378105
23.2792210207405
0
34.514761942475
0
78.0717714378105
37.0091874725495
0
0
0
0
0
34.514761942475
37.0091874725495
0
78.0717714378105
23.2792210207405
59.2899778620124
37.0091874725495
0
0
0
0
0
37.0091874725495
0
0
0
78.0717714378105
23.2792210207405
37.0091874725495
34.514761942475
0
