27.0966666666667 27.4613333333333 27.5493333333333 27.6706666666667 27.6323333333333 27.395 26.9623333333333 26.336 25.8846666666667 25.564 25.7976666666667 26.4253333333333 27.1166666666667 27.573 27.8496666666667 27.9083333333333 27.7473333333333 27.1876666666667 26.6413333333333 26.0363333333333 25.4743333333333 25.048 24.9466666666667 25.5033333333333 26.339 27.1016666666667 27.413
27.1166666666667 27.573 27.8496666666667 27.9083333333333 27.7473333333333 27.1876666666667 26.6413333333333 26.0363333333333 25.4743333333333 25.048 24.9466666666667 25.5033333333333 26.339 27.1016666666667 27.413 27.428 27.1806666666667 26.796 26.221 25.7223333333333 25.2983333333333 25.0863333333333 25.0963333333333 25.527 26.2773333333333 26.907 27.388
26.339 27.1016666666667 27.413 27.428 27.1806666666667 26.796 26.221 25.7223333333333 25.2983333333333 25.0863333333333 25.0963333333333 25.527 26.2773333333333 26.907 27.388 27.679 27.7296666666667 27.3563333333333 26.7406666666667 26.0243333333333 25.4453333333333 25.1493333333333 25.5766666666667 26.324 26.825 27.254 27.6
26.2773333333333 26.907 27.388 27.679 27.7296666666667 27.3563333333333 26.7406666666667 26.0243333333333 25.4453333333333 25.1493333333333 25.5766666666667 26.324 26.825 27.254 27.6 27.849 27.5386666666667 26.999 26.3983333333333 25.9316666666667 25.4526666666667 25.3203333333333 25.5516666666667 26.1216666666667 26.7033333333333 27.255 27.6443333333333
26.825 27.254 27.6 27.849 27.5386666666667 26.999 26.3983333333333 25.9316666666667 25.4526666666667 25.3203333333333 25.5516666666667 26.1216666666667 26.7033333333333 27.255 27.6443333333333 27.791 27.6136666666667 27.1856666666667 26.7103333333333 26.083 25.5356666666667 25.26 25.4596666666667 26.0236666666667 26.7713333333333 27.4603333333333 27.7916666666667
26.7033333333333 27.255 27.6443333333333 27.791 27.6136666666667 27.1856666666667 26.7103333333333 26.083 25.5356666666667 25.26 25.4596666666667 26.0236666666667 26.7713333333333 27.4603333333333 27.7916666666667 27.8343333333333 27.5746666666667 27.2703333333333 26.6906666666667 26.1186666666667 25.584 25.2623333333333 25.3153333333333 25.7143333333333 26.4096666666667 27.126 27.5076666666667
26.7713333333333 27.4603333333333 27.7916666666667 27.8343333333333 27.5746666666667 27.2703333333333 26.6906666666667 26.1186666666667 25.584 25.2623333333333 25.3153333333333 25.7143333333333 26.4096666666667 27.126 27.5076666666667 27.5523333333333 27.3663333333333 27.135 26.7636666666667 26.121 25.5286666666667 25.3456666666667 25.6233333333333 26.258 26.8433333333333 27.353 27.6783333333333
26.4096666666667 27.126 27.5076666666667 27.5523333333333 27.3663333333333 27.135 26.7636666666667 26.121 25.5286666666667 25.3456666666667 25.6233333333333 26.258 26.8433333333333 27.353 27.6783333333333 27.8206666666667 27.7226666666667 27.3573333333333 26.87 26.291 25.9266666666667 25.763 25.9186666666667 26.3493333333333 27.003 27.5283333333333 27.8726666666667
26.8433333333333 27.353 27.6783333333333 27.8206666666667 27.7226666666667 27.3573333333333 26.87 26.291 25.9266666666667 25.763 25.9186666666667 26.3493333333333 27.003 27.5283333333333 27.8726666666667 27.732 27.6256666666667 27.0806666666667 26.6126666666667 26.0123333333333 25.7403333333333 25.7436666666667 26.006 26.5473333333333 27.1583333333333 27.8083333333333 28.137
27.003 27.5283333333333 27.8726666666667 27.732 27.6256666666667 27.0806666666667 26.6126666666667 26.0123333333333 25.7403333333333 25.7436666666667 26.006 26.5473333333333 27.1583333333333 27.8083333333333 28.137 28.2446666666667 27.8676666666667 27.3103333333333 26.5956666666667 25.7436666666667 25.12 24.928 25.4203333333333 26.1886666666667 26.6933333333333 27.207 27.4183333333333
27.1583333333333 27.8083333333333 28.137 28.2446666666667 27.8676666666667 27.3103333333333 26.5956666666667 25.7436666666667 25.12 24.928 25.4203333333333 26.1886666666667 26.6933333333333 27.207 27.4183333333333 27.591 27.2953333333333 26.8606666666667 26.1613333333333 25.5236666666667 24.977 24.8796666666667 25.2333333333333 25.928 26.6346666666667 27.22 27.714
26.6933333333333 27.207 27.4183333333333 27.591 27.2953333333333 26.8606666666667 26.1613333333333 25.5236666666667 24.977 24.8796666666667 25.2333333333333 25.928 26.6346666666667 27.22 27.714 27.8253333333333 27.6043333333333 27.2096666666667 26.8756666666667 26.5006666666667 26.0906666666667 25.9396666666667 26.106 26.532 26.9123333333333 27.2823333333333 27.3896666666667
26.6346666666667 27.22 27.714 27.8253333333333 27.6043333333333 27.2096666666667 26.8756666666667 26.5006666666667 26.0906666666667 25.9396666666667 26.106 26.532 26.9123333333333 27.2823333333333 27.3896666666667 27.3596666666667 27.1233333333333 26.8166666666667 26.4616666666667 25.996 25.6736666666667 25.626 25.878 26.2893333333333 26.7066666666667 27.1953333333333 27.4263333333333
26.9123333333333 27.2823333333333 27.3896666666667 27.3596666666667 27.1233333333333 26.8166666666667 26.4616666666667 25.996 25.6736666666667 25.626 25.878 26.2893333333333 26.7066666666667 27.1953333333333 27.4263333333333 27.5736666666667 27.3286666666667 27.006 26.4623333333333 25.9963333333333 25.671 25.5106666666667 25.6876666666667 26.1503333333333 26.6973333333333 27.2096666666667 27.5306666666667
26.7066666666667 27.1953333333333 27.4263333333333 27.5736666666667 27.3286666666667 27.006 26.4623333333333 25.9963333333333 25.671 25.5106666666667 25.6876666666667 26.1503333333333 26.6973333333333 27.2096666666667 27.5306666666667 27.649 27.518 27.0456666666667 26.446 25.831 25.482 25.3073333333333 25.418 25.5596666666667 26.0226666666667 26.4 26.9283333333333
26.6973333333333 27.2096666666667 27.5306666666667 27.649 27.518 27.0456666666667 26.446 25.831 25.482 25.3073333333333 25.418 25.5596666666667 26.0226666666667 26.4 26.9283333333333 27.0496666666667 26.9613333333333 26.421 26.0383333333333 25.5556666666667 25.2483333333333 25.0916666666667 25.1063333333333 25.194 25.2993333333333 25.3436666666667 25.4646666666667
26.0226666666667 26.4 26.9283333333333 27.0496666666667 26.9613333333333 26.421 26.0383333333333 25.5556666666667 25.2483333333333 25.0916666666667 25.1063333333333 25.194 25.2993333333333 25.3436666666667 25.4646666666667 25.8786666666667 26.1656666666667 26.3216666666667 25.862 25.3553333333333 24.6586666666667 24.277 24.381 25.2193333333333 26.0173333333333 26.735 27.035
25.2993333333333 25.3436666666667 25.4646666666667 25.8786666666667 26.1656666666667 26.3216666666667 25.862 25.3553333333333 24.6586666666667 24.277 24.381 25.2193333333333 26.0173333333333 26.735 27.035 27.275 27.15 26.771 26.0696666666667 25.3423333333333 24.9216666666667 24.612 24.7426666666667 25.135 25.828 26.571 26.9986666666667
26.0173333333333 26.735 27.035 27.275 27.15 26.771 26.0696666666667 25.3423333333333 24.9216666666667 24.612 24.7426666666667 25.135 25.828 26.571 26.9986666666667 27.4113333333333 27.568 27.234 26.5693333333333 25.8806666666667 25.512 25.4423333333333 25.7233333333333 26.2043333333333 26.771 27.038 27.37
25.828 26.571 26.9986666666667 27.4113333333333 27.568 27.234 26.5693333333333 25.8806666666667 25.512 25.4423333333333 25.7233333333333 26.2043333333333 26.771 27.038 27.37 27.526 27.5833333333333 27.1186666666667 26.445 25.862 25.4493333333333 25.577 25.7593333333333 26.3406666666667 26.854 27.3053333333333 27.6863333333333
26.771 27.038 27.37 27.526 27.5833333333333 27.1186666666667 26.445 25.862 25.4493333333333 25.577 25.7593333333333 26.3406666666667 26.854 27.3053333333333 27.6863333333333 27.832 27.7096666666667 27.2956666666667 26.4676666666667 25.901 25.2376666666667 24.9773333333333 24.8796666666667 25.3703333333333 26.293 27.081 27.7123333333333
26.854 27.3053333333333 27.6863333333333 27.832 27.7096666666667 27.2956666666667 26.4676666666667 25.901 25.2376666666667 24.9773333333333 24.8796666666667 25.3703333333333 26.293 27.081 27.7123333333333 27.8436666666667 27.8803333333333 27.601 27.103 26.4896666666667 26.0623333333333 25.86 26.2143333333333 26.6783333333333 27.3783333333333 27.7156666666667 27.8093333333333
26.293 27.081 27.7123333333333 27.8436666666667 27.8803333333333 27.601 27.103 26.4896666666667 26.0623333333333 25.86 26.2143333333333 26.6783333333333 27.3783333333333 27.7156666666667 27.8093333333333 27.6916666666667 27.5963333333333 27.4746666666667 26.8806666666667 26.382 25.7823333333333 25.8646666666667 25.856 26.2556666666667 26.6743333333333 27.1383333333333 27.5256666666667
27.3783333333333 27.7156666666667 27.8093333333333 27.6916666666667 27.5963333333333 27.4746666666667 26.8806666666667 26.382 25.7823333333333 25.8646666666667 25.856 26.2556666666667 26.6743333333333 27.1383333333333 27.5256666666667 27.5873333333333 27.5013333333333 27.1823333333333 26.79 26.2736666666667 25.8993333333333 25.8526666666667 26.0383333333333 26.4723333333333 26.8053333333333 27.396 27.7716666666667
26.6743333333333 27.1383333333333 27.5256666666667 27.5873333333333 27.5013333333333 27.1823333333333 26.79 26.2736666666667 25.8993333333333 25.8526666666667 26.0383333333333 26.4723333333333 26.8053333333333 27.396 27.7716666666667 28.055 27.9576666666667 27.652 27.082 26.3966666666667 25.8433333333333 25.665 25.9383333333333 26.4086666666667 26.998 27.6136666666667 27.9963333333333
26.8053333333333 27.396 27.7716666666667 28.055 27.9576666666667 27.652 27.082 26.3966666666667 25.8433333333333 25.665 25.9383333333333 26.4086666666667 26.998 27.6136666666667 27.9963333333333 28.1526666666667 27.9603333333333 27.67 27.3256666666667 26.7123333333333 26.181 25.8386666666667 26.0003333333333 26.324 26.6473333333333 27.0553333333333 27.393
26.998 27.6136666666667 27.9963333333333 28.1526666666667 27.9603333333333 27.67 27.3256666666667 26.7123333333333 26.181 25.8386666666667 26.0003333333333 26.324 26.6473333333333 27.0553333333333 27.393 27.6893333333333 27.6666666666667 27.6436666666667 27.2523333333333 26.7043333333333 25.8276666666667 25.4026666666667 25.519 26.0673333333333 26.792 27.3446666666667 27.9046666666667
26.6473333333333 27.0553333333333 27.393 27.6893333333333 27.6666666666667 27.6436666666667 27.2523333333333 26.7043333333333 25.8276666666667 25.4026666666667 25.519 26.0673333333333 26.792 27.3446666666667 27.9046666666667 28.016 27.7986666666667 27.35 26.9073333333333 26.3913333333333 25.99 25.698 25.951 26.2803333333333 26.813 27.4066666666667 27.8466666666667
26.792 27.3446666666667 27.9046666666667 28.016 27.7986666666667 27.35 26.9073333333333 26.3913333333333 25.99 25.698 25.951 26.2803333333333 26.813 27.4066666666667 27.8466666666667 28.077 28.0003333333333 27.7076666666667 27.066 26.2323333333333 25.5323333333333 25.3643333333333 25.605 26.129 26.7296666666667 27.2553333333333 27.6446666666667
26.813 27.4066666666667 27.8466666666667 28.077 28.0003333333333 27.7076666666667 27.066 26.2323333333333 25.5323333333333 25.3643333333333 25.605 26.129 26.7296666666667 27.2553333333333 27.6446666666667 27.8566666666667 27.821 27.6533333333333 27.0523333333333 26.1473333333333 25.462 25.3116666666667 25.604 26.178 26.6563333333333 27.311 27.5726666666667
26.7296666666667 27.2553333333333 27.6446666666667 27.8566666666667 27.821 27.6533333333333 27.0523333333333 26.1473333333333 25.462 25.3116666666667 25.604 26.178 26.6563333333333 27.311 27.5726666666667 27.7813333333333 27.647 27.2193333333333 26.9283333333333 26.4686666666667 26.3603333333333 26.266 26.4656666666667 26.713 27.019 27.332 27.5746666666667
26.6563333333333 27.311 27.5726666666667 27.7813333333333 27.647 27.2193333333333 26.9283333333333 26.4686666666667 26.3603333333333 26.266 26.4656666666667 26.713 27.019 27.332 27.5746666666667 27.593 27.551 27.1403333333333 26.5263333333333 25.978 25.788 25.8773333333333 26.14 26.5516666666667 27.1456666666667 27.5226666666667 27.753
27.019 27.332 27.5746666666667 27.593 27.551 27.1403333333333 26.5263333333333 25.978 25.788 25.8773333333333 26.14 26.5516666666667 27.1456666666667 27.5226666666667 27.753 27.7646666666667 27.6723333333333 27.275 26.6873333333333 26.1426666666667 25.7053333333333 25.6376666666667 25.7046666666667 25.972 26.267 26.6923333333333 27.0613333333333
27.1456666666667 27.5226666666667 27.753 27.7646666666667 27.6723333333333 27.275 26.6873333333333 26.1426666666667 25.7053333333333 25.6376666666667 25.7046666666667 25.972 26.267 26.6923333333333 27.0613333333333 27.2853333333333 27.325 27.385 27.3043333333333 26.762 26.3823333333333 26.1666666666667 26.4163333333333 26.6146666666667 26.8703333333333 27.2873333333333 27.5553333333333
26.267 26.6923333333333 27.0613333333333 27.2853333333333 27.325 27.385 27.3043333333333 26.762 26.3823333333333 26.1666666666667 26.4163333333333 26.6146666666667 26.8703333333333 27.2873333333333 27.5553333333333 27.6016666666667 27.576 27.4973333333333 27.3236666666667 26.769 26.2336666666667 25.989 26.2 26.5013333333333 26.986 27.302 27.5583333333333
26.8703333333333 27.2873333333333 27.5553333333333 27.6016666666667 27.576 27.4973333333333 27.3236666666667 26.769 26.2336666666667 25.989 26.2 26.5013333333333 26.986 27.302 27.5583333333333 27.5886666666667 27.433 27.1846666666667 26.666 26.2266666666667 25.8423333333333 25.822 26.0776666666667 26.4413333333333 26.8896666666667 27.2516666666667 27.589
26.986 27.302 27.5583333333333 27.5886666666667 27.433 27.1846666666667 26.666 26.2266666666667 25.8423333333333 25.822 26.0776666666667 26.4413333333333 26.8896666666667 27.2516666666667 27.589 27.6843333333333 27.721 27.4853333333333 27.055 26.3466666666667 25.8113333333333 25.498 25.684 26.2453333333333 26.9423333333333 27.5013333333333 27.7783333333333
