
1948    2.658    2.837    0.224   -1.060   -0.329    1.584    2.316   -1.413   -1.175   -3.479   -2.762    0.674
1949    3.082    5.011    2.954    2.001    0.342    1.776   -0.011    0.575   -1.533   -0.526   -1.952    3.252
1950    4.755    2.799    1.555   -0.385   -0.443    1.066   -1.454   -0.698   -1.236   -1.615   -1.762    1.795
1951    2.844    1.195    0.489    0.249    1.190    2.251    1.807    0.050    0.041   -1.523    0.814    2.199
1952    3.611    2.544    1.578   -0.136   -0.018    2.741    0.188    0.130   -0.233   -2.317   -2.355    1.795
1953    5.229    2.455    1.925   -0.374   -0.682    2.981   -0.273   -0.429   -0.722   -1.498    0.646   -0.700
1954    2.955    2.353    0.775   -0.722    0.392    1.316    1.086   -1.965   -3.641   -0.890   -1.349    1.253
1955    5.127    2.892   -1.095   -0.674    0.778    3.094   -0.176   -0.264   -1.309   -1.905   -1.362    2.596
1956    4.901    4.624    1.158    0.273   -0.050    1.905    1.011    1.681   -2.074   -3.816   -0.783    4.609
1957    2.445    2.464    4.303   -0.325    0.047    2.288    2.255   -2.022   -0.989   -1.277   -1.813    1.900
1958    4.164    2.419    2.334    0.730    0.969    1.391    0.748    0.308   -0.425   -3.114   -1.616    0.671
1959    4.360    0.197    1.315   -1.246    0.924    1.295    0.887    0.596   -1.856   -1.528   -2.766    0.522
1960    4.424    2.429    1.112   -0.822    0.156    0.542    1.364   -3.216   -1.424   -3.066    0.001    2.869
1961    4.242    5.411    1.021   -1.137   -0.031   -0.273    0.601    0.126   -3.646   -5.132   -0.791    4.095
1962    5.666    5.150    3.012   -2.022    0.615    1.007   -0.446   -0.347   -1.217   -3.208   -1.535    1.555
1963   10.242    5.910    1.580   -2.742   -1.050   -0.440   -0.097    1.359   -0.019   -3.521   -0.182    1.092
1964    1.877    3.482    2.613   -3.042   -2.151    1.552    0.744   -1.436   -1.109   -3.191   -1.100   -0.658
1965    3.331    3.531    3.362    1.096   -0.387    2.464    2.481   -0.357   -1.209   -2.601   -0.583    3.346
1966    5.836    2.124    2.898   -0.205   -0.423    1.050   -0.089   -2.032   -2.801   -2.194   -0.998    2.854
1967    4.393    2.475    0.587   -2.601   -1.754    1.677   -2.252    1.349   -4.026   -1.687   -2.536    2.304
1968    6.161    4.522    0.693   -1.400   -0.597    0.373   -0.111   -0.274   -4.188   -1.300   -1.779    1.216
1969    4.038    1.319    1.178    0.820    1.312    1.032    0.207    0.892   -2.195   -2.412   -2.058    2.170
1970    3.812    3.435    3.078   -1.098   -1.079    0.518    0.150   -2.480   -1.397   -3.140   -0.040    2.241
1971    3.184    1.728    1.156   -2.289   -0.730    2.430    1.027   -1.753   -1.019   -1.375   -0.695    0.535
1972    0.164    1.732    1.793   -1.822    0.309    0.542   -3.167   -0.414   -2.360   -3.387    0.859    1.537
1973    1.061    3.738    4.114    0.410    0.015    1.347   -0.049   -1.615    0.610   -2.600    0.636    3.874
1974    4.977    2.320    1.066   -0.971   -2.465    0.634   -0.015   -2.810   -1.699   -1.087   -1.467    1.300
1975    4.042    4.326    2.070   -0.405   -0.862    1.949   -0.514   -1.645   -1.591   -2.427   -3.585    2.152
1976    5.096    0.420   -0.261   -2.045   -1.103    0.442   -1.777    0.484   -2.457   -0.609   -1.518    2.110
1977    3.226    3.943    0.071    0.384   -1.004    0.944    0.199   -0.655   -3.211   -4.061   -2.264    1.086
1978    5.928    5.697    2.273    0.491   -1.738   -0.376   -3.377   -0.980   -1.199   -2.989   -1.590    0.066
1979    2.439    2.997    1.591   -0.305   -0.247   -0.497    1.339   -0.864   -3.189   -2.314   -3.053   -0.254
1980    4.223    4.831    1.260   -1.772   -0.607    1.355    1.535    0.326   -3.007   -1.852   -0.717    4.967
1981    6.442    3.944    1.361    0.522    0.821    1.014   -2.351   -2.293   -1.485   -1.566   -0.919    1.002
1982    3.274    2.538    0.305   -1.209   -0.047    1.056   -0.995   -2.272   -2.811   -3.295   -0.427    1.584
1983    3.881    4.525    1.662   -1.453   -0.050    0.794    1.784   -0.421   -0.538   -1.918    0.377    3.731
1984    4.640    4.101    2.569   -2.870   -0.721   -1.525   -1.512   -1.085   -1.312   -2.976   -2.588    0.768
1985    2.733    3.652   -2.130   -2.482   -1.907   -0.221   -0.077   -3.917   -0.813   -1.929    1.341    2.079
1986    4.280    4.164    2.455   -1.662   -0.837   -0.097   -0.042   -4.827   -1.345   -0.401   -0.869    0.824
1987    3.115    4.066    2.858   -1.169   -1.373   -0.168    1.843    0.323   -4.329   -2.346   -1.601    0.840
1988    2.631    3.346    0.801   -1.109   -0.422    1.338   -0.367   -0.440   -1.691   -1.029    2.223    1.507
1989   -0.132    0.062    1.241   -1.041   -0.045   -0.047   -2.707   -2.600   -2.229   -3.140   -1.963    2.032
1990    1.829   -1.136    2.002   -0.297   -0.404    0.407   -1.043   -1.483   -2.357   -2.414   -2.718    2.642
1991    5.590    5.414   -0.285   -1.428   -0.228    2.089    2.370   -2.999   -2.196   -1.848   -2.179   -0.046
1992    3.051    4.375    0.670    0.976    0.220    1.218    2.118   -3.665   -2.825   -3.088   -3.283    2.091
1993    2.060    5.047    2.422    2.433    0.212    1.915   -0.217   -0.601   -1.067   -2.295   -2.812    0.968
1994    2.670    5.949    1.244   -0.545   -1.421    1.649   -0.709   -2.652   -1.586   -3.199   -2.417    1.867
1995    5.258    3.877    1.686    0.073   -0.997    1.471    1.537    0.768   -0.827   -2.707    1.292    4.885
1996    3.978    2.823    2.375    1.169   -0.747    1.800   -0.636   -0.202   -2.377   -2.419   -1.646    0.172
1997    5.899    3.776    0.260   -0.283    0.560    0.218    0.269   -1.377   -1.643    0.020   -1.934   -0.058
1998    3.667    2.076    2.716   -0.947   -1.315    1.548    0.701    0.034   -2.896   -1.899    0.017    0.233
1999    3.999    3.400   -1.782   -0.743   -0.572    0.926   -0.953   -0.823   -1.277   -1.553   -2.138    2.033
2000    0.336    5.744    2.841    0.222   -1.268    1.219   -0.038   -0.717   -2.524   -1.969   -2.270    0.696
2001    4.137    1.421    3.221   -1.408   -0.551    1.916   -0.824   -3.533   -3.075   -2.882   -0.593    2.800
2002    4.887    2.464    1.023   -0.651   -1.029    1.455   -1.268   -1.876   -3.114   -1.075    1.872    1.664
2003    4.558    2.574    1.135   -0.574   -3.719    0.974    0.190   -1.171   -2.319   -3.213   -3.494    3.270
2004    4.077    3.285   -0.761    0.096   -0.633   -2.110    0.386   -2.988   -4.049   -4.213   -2.314   -0.909
2005    4.187    3.786    2.331   -0.151   -0.279    1.853    1.036   -0.296   -3.516   -2.167   -0.013    6.720
2006    2.685    0.834    2.618    1.676   -1.767    0.777    1.410   -2.612   -2.262   -3.371   -0.541    0.170
2007    1.692    2.139    1.394    0.007    1.460   -0.351    1.171   -1.793   -3.756   -3.057   -1.434    2.083
2008    2.619    3.969    1.268   -0.118   -1.048    0.615   -1.004   -0.059    0.022   -1.928    0.816    0.273
2009    1.878    2.567    0.356   -0.184   -1.205    1.552   -0.985   -2.385   -2.952   -1.423   -2.999    2.158
2010    5.272    1.943    0.443   -1.598   -0.391   -0.353   -0.137   -2.378   -0.411   -2.760   -0.305    2.736
2011    6.456   -0.595    2.616   -0.603    0.096    1.319   -1.098   -2.984   -3.075   -2.597   -1.701    2.350
2012    3.152    2.006    1.598   -1.271   -0.981    0.628   -0.893   -3.576   -3.423   -2.465    1.639    2.915
2013    4.222    3.168    0.849    0.620   -0.571    0.474    1.135    1.662   -5.203   -4.999    0.883    4.458
2014    1.827    0.052    1.909   -1.376    0.344   -0.074    0.268   -0.756 -999.999 -999.999 -999.999 -999.999