50.7846223742954
52.325623986
81.3020239644121
52.325623986
42.4357620077914
62.6171327829412
52.325623986
31.8966539379085
52.325623986
52.325623986
52.325623986
52.325623986
52.325623986
50.7846223742954
50.7846223742954
52.325623986
52.325623986
50.7846223742954
52.325623986
81.3020239644121
81.3020239644121
52.325623986
50.7846223742954
52.325623986
50.7846223742954
42.4357620077914
52.325623986
50.7846223742954
31.8966539379085
31.8966539379085
50.7846223742954
81.3020239644121
52.325623986
42.4357620077914
52.325623986
31.8966539379085
52.325623986
81.3020239644121
81.3020239644121
52.325623986
81.3020239644121
81.3020239644121
52.325623986
50.7846223742954
62.6171327829412
31.8966539379085
62.6171327829412
52.325623986
50.7846223742954
42.4357620077914
52.325623986
31.8966539379085
81.3020239644121
62.6171327829412
52.325623986
50.7846223742954
81.3020239644121
52.325623986
50.7846223742954
52.325623986
50.7846223742954
50.7846223742954
42.4357620077914
50.7846223742954
52.325623986
52.325623986
52.325623986
52.325623986
31.8966539379085
52.325623986
50.7846223742954
52.325623986
42.4357620077914
50.7846223742954
52.325623986
52.325623986
42.4357620077914
52.325623986
42.4357620077914
31.8966539379085
42.4357620077914
50.7846223742954
31.8966539379085
31.8966539379085
52.325623986
50.7846223742954
52.325623986
81.3020239644121
50.7846223742954
42.4357620077914
42.4357620077914
52.325623986
50.7846223742954
52.325623986
50.7846223742954
81.3020239644121
31.8966539379085
52.325623986
52.325623986
62.6171327829412
52.325623986
81.3020239644121
31.8966539379085
81.3020239644121
50.7846223742954
31.8966539379085
31.8966539379085
52.325623986
81.3020239644121
50.7846223742954
50.7846223742954
31.8966539379085
50.7846223742954
52.325623986
52.325623986
42.4357620077914
31.8966539379085
50.7846223742954
52.325623986
52.325623986
81.3020239644121
52.325623986
52.325623986
52.325623986
81.3020239644121
52.325623986
52.325623986
42.4357620077914
42.4357620077914
52.325623986
62.6171327829412
50.7846223742954
52.325623986
52.325623986
52.325623986
81.3020239644121
50.7846223742954
50.7846223742954
42.4357620077914
52.325623986
52.325623986
52.325623986
42.4357620077914
62.6171327829412
52.325623986
42.4357620077914
42.4357620077914
52.325623986
52.325623986
50.7846223742954
42.4357620077914
52.325623986
31.8966539379085
42.4357620077914
62.6171327829412
62.6171327829412
52.325623986
52.325623986
42.4357620077914
62.6171327829412
52.325623986
81.3020239644121
42.4357620077914
50.7846223742954
81.3020239644121
42.4357620077914
50.7846223742954
52.325623986
42.4357620077914
50.7846223742954
50.7846223742954
52.325623986
42.4357620077914
50.7846223742954
52.325623986
42.4357620077914
42.4357620077914
50.7846223742954
52.325623986
81.3020239644121
52.325623986
42.4357620077914
42.4357620077914
81.3020239644121
52.325623986
52.325623986
81.3020239644121
31.8966539379085
50.7846223742954
52.325623986
52.325623986
50.7846223742954
52.325623986
42.4357620077914
81.3020239644121
31.8966539379085
52.325623986
42.4357620077914
50.7846223742954
52.325623986
81.3020239644121
50.7846223742954
81.3020239644121
31.8966539379085
52.325623986
42.4357620077914
42.4357620077914
50.7846223742954
52.325623986
52.325623986
81.3020239644121
52.325623986
50.7846223742954
42.4357620077914
42.4357620077914
52.325623986
52.325623986
50.7846223742954
81.3020239644121
52.325623986
50.7846223742954
50.7846223742954
52.325623986
50.7846223742954
50.7846223742954
52.325623986
52.325623986
52.325623986
31.8966539379085
81.3020239644121
50.7846223742954
31.8966539379085
52.325623986
81.3020239644121
52.325623986
50.7846223742954
42.4357620077914
31.8966539379085
50.7846223742954
62.6171327829412
42.4357620077914
52.325623986
42.4357620077914
50.7846223742954
52.325623986
42.4357620077914
52.325623986
52.325623986
62.6171327829412
50.7846223742954
52.325623986
42.4357620077914
52.325623986
52.325623986
31.8966539379085
52.325623986
31.8966539379085
62.6171327829412
50.7846223742954
81.3020239644121
81.3020239644121
50.7846223742954
52.325623986
31.8966539379085
52.325623986
81.3020239644121
50.7846223742954
81.3020239644121
81.3020239644121
42.4357620077914
52.325623986
52.325623986
52.325623986
81.3020239644121
42.4357620077914
81.3020239644121
62.6171327829412
52.325623986
52.325623986
52.325623986
62.6171327829412
62.6171327829412
50.7846223742954
42.4357620077914
31.8966539379085
50.7846223742954
52.325623986
62.6171327829412
52.325623986
50.7846223742954
52.325623986
62.6171327829412
50.7846223742954
50.7846223742954
31.8966539379085
31.8966539379085
50.7846223742954
52.325623986
52.325623986
52.325623986
