56.8110927680719
71.6475408991065
42.6126671455935
56.8110927680719
46.4515195062525
46.4515195062525
42.6126671455935
56.8110927680719
56.8110927680719
43.8155130343687
56.8110927680719
46.4515195062525
71.6475408991065
41.8901183656291
56.8110927680719
43.8155130343687
43.8155130343687
46.4515195062525
46.4515195062525
46.4515195062525
56.8110927680719
46.4515195062525
56.8110927680719
46.4515195062525
56.8110927680719
43.8155130343687
43.8155130343687
71.6475408991065
56.8110927680719
43.8155130343687
43.8155130343687
56.8110927680719
42.6126671455935
43.8155130343687
56.8110927680719
42.6126671455935
42.6126671455935
41.8901183656291
56.8110927680719
56.8110927680719
46.4515195062525
71.6475408991065
56.8110927680719
42.6126671455935
42.6126671455935
56.8110927680719
46.4515195062525
46.4515195062525
56.8110927680719
56.8110927680719
56.8110927680719
46.4515195062525
56.8110927680719
71.6475408991065
46.4515195062525
46.4515195062525
56.8110927680719
42.6126671455935
43.8155130343687
71.6475408991065
43.8155130343687
56.8110927680719
71.6475408991065
71.6475408991065
46.4515195062525
46.4515195062525
56.8110927680719
46.4515195062525
56.8110927680719
42.6126671455935
56.8110927680719
56.8110927680719
46.4515195062525
56.8110927680719
71.6475408991065
42.6126671455935
56.8110927680719
56.8110927680719
42.6126671455935
46.4515195062525
71.6475408991065
56.8110927680719
56.8110927680719
56.8110927680719
43.8155130343687
56.8110927680719
43.8155130343687
46.4515195062525
46.4515195062525
56.8110927680719
56.8110927680719
56.8110927680719
56.8110927680719
56.8110927680719
56.8110927680719
43.8155130343687
43.8155130343687
56.8110927680719
71.6475408991065
46.4515195062525
56.8110927680719
46.4515195062525
41.8901183656291
46.4515195062525
41.8901183656291
56.8110927680719
71.6475408991065
56.8110927680719
56.8110927680719
41.8901183656291
43.8155130343687
56.8110927680719
46.4515195062525
43.8155130343687
56.8110927680719
43.8155130343687
56.8110927680719
56.8110927680719
56.8110927680719
56.8110927680719
56.8110927680719
56.8110927680719
41.8901183656291
71.6475408991065
46.4515195062525
46.4515195062525
43.8155130343687
42.6126671455935
56.8110927680719
46.4515195062525
71.6475408991065
43.8155130343687
56.8110927680719
46.4515195062525
56.8110927680719
56.8110927680719
46.4515195062525
56.8110927680719
56.8110927680719
46.4515195062525
41.8901183656291
43.8155130343687
56.8110927680719
43.8155130343687
56.8110927680719
42.6126671455935
46.4515195062525
46.4515195062525
43.8155130343687
56.8110927680719
43.8155130343687
43.8155130343687
43.8155130343687
56.8110927680719
56.8110927680719
56.8110927680719
56.8110927680719
71.6475408991065
46.4515195062525
56.8110927680719
46.4515195062525
56.8110927680719
56.8110927680719
43.8155130343687
56.8110927680719
43.8155130343687
42.6126671455935
56.8110927680719
56.8110927680719
42.6126671455935
56.8110927680719
56.8110927680719
42.6126671455935
56.8110927680719
56.8110927680719
71.6475408991065
41.8901183656291
71.6475408991065
46.4515195062525
43.8155130343687
56.8110927680719
46.4515195062525
43.8155130343687
46.4515195062525
43.8155130343687
43.8155130343687
56.8110927680719
43.8155130343687
42.6126671455935
56.8110927680719
43.8155130343687
56.8110927680719
43.8155130343687
46.4515195062525
71.6475408991065
43.8155130343687
46.4515195062525
42.6126671455935
42.6126671455935
56.8110927680719
56.8110927680719
43.8155130343687
56.8110927680719
43.8155130343687
56.8110927680719
56.8110927680719
56.8110927680719
43.8155130343687
43.8155130343687
46.4515195062525
56.8110927680719
41.8901183656291
56.8110927680719
56.8110927680719
46.4515195062525
56.8110927680719
43.8155130343687
56.8110927680719
42.6126671455935
43.8155130343687
41.8901183656291
56.8110927680719
56.8110927680719
42.6126671455935
71.6475408991065
46.4515195062525
43.8155130343687
46.4515195062525
71.6475408991065
43.8155130343687
42.6126671455935
42.6126671455935
46.4515195062525
46.4515195062525
42.6126671455935
56.8110927680719
56.8110927680719
43.8155130343687
56.8110927680719
56.8110927680719
56.8110927680719
56.8110927680719
43.8155130343687
56.8110927680719
56.8110927680719
56.8110927680719
42.6126671455935
56.8110927680719
56.8110927680719
43.8155130343687
56.8110927680719
71.6475408991065
41.8901183656291
43.8155130343687
46.4515195062525
56.8110927680719
71.6475408991065
56.8110927680719
56.8110927680719
56.8110927680719
46.4515195062525
41.8901183656291
56.8110927680719
56.8110927680719
41.8901183656291
56.8110927680719
56.8110927680719
56.8110927680719
46.4515195062525
56.8110927680719
71.6475408991065
41.8901183656291
42.6126671455935
56.8110927680719
41.8901183656291
42.6126671455935
43.8155130343687
56.8110927680719
56.8110927680719
42.6126671455935
56.8110927680719
56.8110927680719
42.6126671455935
46.4515195062525
56.8110927680719
56.8110927680719
41.8901183656291
41.8901183656291
56.8110927680719
42.6126671455935
71.6475408991065
71.6475408991065
56.8110927680719
43.8155130343687
41.8901183656291
41.8901183656291
43.8155130343687
56.8110927680719
56.8110927680719
43.8155130343687
