1.07
-0.84
0.18
-0.84
0.18
0.18
0.18
0.18
0.4
-0.33
0.18
0.11
1.07
-0.33
0.11
0.18
0.18
0.18
-0.84
0.18
0.18
0.18
-0.84
0.18
0.18
-0.33
0.18
0.18
0.11
0.11
-0.33
0.18
0.11
1.07
-0.33
0.11
0.11
0.18
0.18
0.18
1.07
0.4
0.18
0.18
0.11
0.11
0.18
0.18
-0.84
0.18
-0.84
0.18
0.18
0.11
0.11
0.18
0.18
1.07
-0.84
0.18
0.18
0.18
0.11
0.18
0.18
0.18
0.4
-0.33
0.18
0.18
0.11
0.18
-0.33
0.18
0.18
0.18
1.07
0.18
-0.84
-0.84
-0.33
0.18
0.18
1.07
0.18
0.4
0.18
-0.84
1.07
-0.33
1.07
0.11
0.11
0.11
1.07
0.11
0.4
-0.84
0.18
0.11
0.11
0.18
0.18
-0.84
1.07
0.11
-0.84
0.18
0.11
0.18
-0.84
-0.84
0.11
0.4
-0.84
-0.33
0.11
-0.33
0.4
1.07
-0.84
0.18
1.07
-0.33
1.07
0.18
0.18
0.18
0.18
0.18
0.18
-0.84
0.4
0.11
0.18
0.18
0.11
-0.33
0.18
0.11
0.18
-0.84
-0.84
0.18
-0.84
-0.84
0.18
0.18
0.18
1.07
-0.84
0.18
-0.84
0.18
1.07
-0.33
0.4
0.11
-0.33
0.11
0.18
-0.33
0.18
-0.84
0.18
0.18
0.18
-0.84
0.18
1.07
0.18
0.11
0.18
0.11
0.11
0.18
0.18
1.07
0.11
0.18
0.18
-0.84
0.4
0.11
0.18
-0.33
0.18
0.18
1.07
0.18
-0.84
0.4
0.18
0.4
0.4
0.11
-0.84
0.18
1.07
0.18
1.07
1.07
-0.84
-0.33
0.4
-0.33
-0.84
1.07
-0.33
0.18
-0.33
0.18
0.4
0.11
0.4
0.18
1.07
0.18
-0.84
0.18
0.18
0.11
0.18
0.18
0.18
0.18
-0.33
0.11
0.18
-0.33
0.11
0.18
0.11
0.11
-0.33
0.11
0.18
0.11
0.18
0.11
0.18
0.11
0.18
0.18
-0.33
1.07
-0.84
0.18
0.18
0.4
-0.33
-0.84
-0.84
-0.33
0.18
1.07
0.18
-0.33
-0.33
-0.33
1.07
0.18
-0.33
1.07
-0.84
0.18
0.11
0.11
0.11
0.18
0.18
0.18
0.11
0.11
0.11
1.07
-0.84
0.18
0.11
-0.84
0.18
0.18
0.11
0.11
-0.33
1.07
0.4
0.18
0.18
0.11
0.18
-0.84
-0.33
0.18
-0.33
0.18
1.07
-0.33
-0.33
-0.33
