-1.28666666666667 1.221 2.556 1.75166666666667 -0.628666666666667 -1.13633333333333 -0.902 -0.812666666666667 -0.283666666666667 -1.25 -0.860666666666667 -1.528 -0.00566666666666663 1.27266666666667 3.093 2.41333333333333 1.466 -0.183 0.108 0.0463333333333333 0.162666666666667 -1.22233333333333 -2.64233333333333 -3.17866666666667 -1.74633333333333 1.58333333333333 4.237
-0.00566666666666663 1.27266666666667 3.093 2.41333333333333 1.466 -0.183 0.108 0.0463333333333333 0.162666666666667 -1.22233333333333 -2.64233333333333 -3.17866666666667 -1.74633333333333 1.58333333333333 4.237 4.63266666666667 2.82033333333333 0.342 -0.541 -1.83033333333333 -1.57766666666667 -1.852 -1.72266666666667 -1.926 -1.50433333333333 0.305 1.834
-1.74633333333333 1.58333333333333 4.237 4.63266666666667 2.82033333333333 0.342 -0.541 -1.83033333333333 -1.57766666666667 -1.852 -1.72266666666667 -1.926 -1.50433333333333 0.305 1.834 2.34233333333333 1.42766666666667 0.346333333333333 -0.349666666666667 0.198333333333333 -0.00733333333333334 -0.904666666666667 -2.12233333333333 -2.852 -1.87366666666667 0.305333333333333 2.93333333333333
-1.50433333333333 0.305 1.834 2.34233333333333 1.42766666666667 0.346333333333333 -0.349666666666667 0.198333333333333 -0.00733333333333334 -0.904666666666667 -2.12233333333333 -2.852 -1.87366666666667 0.305333333333333 2.93333333333333 3.438 1.43966666666667 -0.373 -0.341333333333333 0.761 1.072 -0.382 -1.511 -1.85866666666667 0.799333333333333 3.564 5.11766666666667
-1.87366666666667 0.305333333333333 2.93333333333333 3.438 1.43966666666667 -0.373 -0.341333333333333 0.761 1.072 -0.382 -1.511 -1.85866666666667 0.799333333333333 3.564 5.11766666666667 3.91566666666667 1.94233333333333 0.901333333333333 0.785666666666667 -0.172 -1.21 -2.043 -1.78133333333333 -1.32333333333333 -0.494333333333333 1.119 2.27133333333333
0.799333333333333 3.564 5.11766666666667 3.91566666666667 1.94233333333333 0.901333333333333 0.785666666666667 -0.172 -1.21 -2.043 -1.78133333333333 -1.32333333333333 -0.494333333333333 1.119 2.27133333333333 2.039 0.544666666666667 -0.317 -0.0666666666666667 0.00466666666666671 -0.737 -2.026 -2.79266666666667 -2.17766666666667 -0.712666666666667 1.67933333333333 3.33
-0.494333333333333 1.119 2.27133333333333 2.039 0.544666666666667 -0.317 -0.0666666666666667 0.00466666666666671 -0.737 -2.026 -2.79266666666667 -2.17766666666667 -0.712666666666667 1.67933333333333 3.33 3.356 1.578 0.053 -0.236333333333333 0.842666666666667 0.719 0.275 -0.959 -0.693 0.73 2.916 4.15733333333333
-0.712666666666667 1.67933333333333 3.33 3.356 1.578 0.053 -0.236333333333333 0.842666666666667 0.719 0.275 -0.959 -0.693 0.73 2.916 4.15733333333333 3.77 1.26666666666667 -0.340666666666667 -1.70533333333333 -1.25266666666667 -1.374 -1.303 -1.791 -2.292 -1.59866666666667 0.304333333333333 2.38433333333333
0.73 2.916 4.15733333333333 3.77 1.26666666666667 -0.340666666666667 -1.70533333333333 -1.25266666666667 -1.374 -1.303 -1.791 -2.292 -1.59866666666667 0.304333333333333 2.38433333333333 1.41833333333333 -0.32 -2.173 -1.53666666666667 -0.735 -1.405 -1.60233333333333 -2.21966666666667 -0.467 0.497 2.56666666666667 3.50766666666667
-1.59866666666667 0.304333333333333 2.38433333333333 1.41833333333333 -0.32 -2.173 -1.53666666666667 -0.735 -1.405 -1.60233333333333 -2.21966666666667 -0.467 0.497 2.56666666666667 3.50766666666667 3.633 1.65233333333333 -0.0146666666666666 -0.865333333333333 -0.325333333333333 -1.65533333333333 -2.07133333333333 -2.191 -0.871666666666667 -0.148666666666667 1.02333333333333 2.66833333333333
0.497 2.56666666666667 3.50766666666667 3.633 1.65233333333333 -0.0146666666666666 -0.865333333333333 -0.325333333333333 -1.65533333333333 -2.07133333333333 -2.191 -0.871666666666667 -0.148666666666667 1.02333333333333 2.66833333333333 3.34633333333333 1.91833333333333 0.105333333333333 -0.903333333333333 0.100666666666667 0.666 -0.721 -2.11733333333333 -2.75866666666667 -1.03566666666667 0.623333333333333 2.27233333333333
-0.148666666666667 1.02333333333333 2.66833333333333 3.34633333333333 1.91833333333333 0.105333333333333 -0.903333333333333 0.100666666666667 0.666 -0.721 -2.11733333333333 -2.75866666666667 -1.03566666666667 0.623333333333333 2.27233333333333 2.25933333333333 1.01266666666667 -0.243333333333333 -0.0643333333333333 0.183 0.177 -0.832666666666667 -1.05333333333333 -0.165666666666667 0.900333333333333 1.19933333333333 0.479
-1.03566666666667 0.623333333333333 2.27233333333333 2.25933333333333 1.01266666666667 -0.243333333333333 -0.0643333333333333 0.183 0.177 -0.832666666666667 -1.05333333333333 -0.165666666666667 0.900333333333333 1.19933333333333 0.479 0.390333333333333 0.0873333333333334 0.0516666666666667 -0.377666666666667 -0.933 -1.78466666666667 -2.512 -2.65633333333333 -2.444 -1.02366666666667 0.632666666666667 0.908333333333333
0.900333333333333 1.19933333333333 0.479 0.390333333333333 0.0873333333333334 0.0516666666666667 -0.377666666666667 -0.933 -1.78466666666667 -2.512 -2.65633333333333 -2.444 -1.02366666666667 0.632666666666667 0.908333333333333 0.898333333333333 0.189666666666667 0.433666666666667 -0.098 -0.346666666666667 -0.706333333333333 -1.62766666666667 -2.08466666666667 -2.49633333333333 -0.83 1.838 4.54866666666667
-1.02366666666667 0.632666666666667 0.908333333333333 0.898333333333333 0.189666666666667 0.433666666666667 -0.098 -0.346666666666667 -0.706333333333333 -1.62766666666667 -2.08466666666667 -2.49633333333333 -0.83 1.838 4.54866666666667 3.573 1.23366666666667 -0.647 0.144333333333333 1.41033333333333 0.486666666666667 -0.941666666666667 -2.34766666666667 -2.07433333333333 -1.35766666666667 0.275333333333333 2.46
-0.83 1.838 4.54866666666667 3.573 1.23366666666667 -0.647 0.144333333333333 1.41033333333333 0.486666666666667 -0.941666666666667 -2.34766666666667 -2.07433333333333 -1.35766666666667 0.275333333333333 2.46 2.69866666666667 2.007 0.622 0.804666666666667 1.18533333333333 -0.109666666666667 -1.45733333333333 -3.19266666666667 -3.06533333333333 -1.42666666666667 0.289333333333333 3.066
-1.35766666666667 0.275333333333333 2.46 2.69866666666667 2.007 0.622 0.804666666666667 1.18533333333333 -0.109666666666667 -1.45733333333333 -3.19266666666667 -3.06533333333333 -1.42666666666667 0.289333333333333 3.066 3.17633333333333 3.30066666666667 1.689 1.52 0.636666666666667 0.365666666666667 -0.628333333333333 -1.321 -2.058 -1.37966666666667 0.275333333333333 3.19566666666667
-1.42666666666667 0.289333333333333 3.066 3.17633333333333 3.30066666666667 1.689 1.52 0.636666666666667 0.365666666666667 -0.628333333333333 -1.321 -2.058 -1.37966666666667 0.275333333333333 3.19566666666667 3.28766666666667 2.216 -0.240666666666667 -0.105666666666667 -0.160333333333333 -0.570666666666667 -1.649 -2.479 -2.40066666666667 -1.24966666666667 1.56933333333333 3.66733333333333
-1.37966666666667 0.275333333333333 3.19566666666667 3.28766666666667 2.216 -0.240666666666667 -0.105666666666667 -0.160333333333333 -0.570666666666667 -1.649 -2.479 -2.40066666666667 -1.24966666666667 1.56933333333333 3.66733333333333 3.607 1.87866666666667 0.254 0.182333333333333 0.670333333333333 1.25866666666667 0.492666666666667 -0.922 -0.747333333333333 1.15666666666667 3.385 3.89533333333333
-1.24966666666667 1.56933333333333 3.66733333333333 3.607 1.87866666666667 0.254 0.182333333333333 0.670333333333333 1.25866666666667 0.492666666666667 -0.922 -0.747333333333333 1.15666666666667 3.385 3.89533333333333 3.05866666666667 2.12233333333333 0.932333333333333 0.740666666666667 0.139 0.320666666666667 -1.07166666666667 -1.666 -2.14733333333333 -1.29766666666667 1.475 3.28233333333333
1.15666666666667 3.385 3.89533333333333 3.05866666666667 2.12233333333333 0.932333333333333 0.740666666666667 0.139 0.320666666666667 -1.07166666666667 -1.666 -2.14733333333333 -1.29766666666667 1.475 3.28233333333333 3.31166666666667 1.251 0.179 0.165 0.349 -0.296666666666667 -0.917 -1 -1.18566666666667 -0.657333333333333 0.558333333333333 1.895
-1.29766666666667 1.475 3.28233333333333 3.31166666666667 1.251 0.179 0.165 0.349 -0.296666666666667 -0.917 -1 -1.18566666666667 -0.657333333333333 0.558333333333333 1.895 2.81966666666667 1.28166666666667 0.151333333333333 -0.238 0.311333333333333 0.761 -0.720333333333333 -1.587 -1.59266666666667 -0.549666666666667 1.41633333333333 2.544
-0.657333333333333 0.558333333333333 1.895 2.81966666666667 1.28166666666667 0.151333333333333 -0.238 0.311333333333333 0.761 -0.720333333333333 -1.587 -1.59266666666667 -0.549666666666667 1.41633333333333 2.544 1.87233333333333 0.291666666666667 -1.03233333333333 -0.129666666666667 -0.199666666666667 -0.283333333333333 -1.01766666666667 -1.21766666666667 -1.656 -0.552666666666667 0.077 2.70433333333333
-0.549666666666667 1.41633333333333 2.544 1.87233333333333 0.291666666666667 -1.03233333333333 -0.129666666666667 -0.199666666666667 -0.283333333333333 -1.01766666666667 -1.21766666666667 -1.656 -0.552666666666667 0.077 2.70433333333333 2.97366666666667 2.93566666666667 0.598333333333333 0.0576666666666667 -0.029 0.154666666666667 -1.093 -1.73666666666667 -2.25433333333333 -1.181 0.854333333333333 2.08466666666667
-0.552666666666667 0.077 2.70433333333333 2.97366666666667 2.93566666666667 0.598333333333333 0.0576666666666667 -0.029 0.154666666666667 -1.093 -1.73666666666667 -2.25433333333333 -1.181 0.854333333333333 2.08466666666667 2.92633333333333 1.078 0.420666666666667 -0.0143333333333334 0.180333333333333 -0.813666666666667 -2.47733333333333 -3.16333333333333 -2.18333333333333 -0.225 2.36466666666667 3.38366666666667
-1.181 0.854333333333333 2.08466666666667 2.92633333333333 1.078 0.420666666666667 -0.0143333333333334 0.180333333333333 -0.813666666666667 -2.47733333333333 -3.16333333333333 -2.18333333333333 -0.225 2.36466666666667 3.38366666666667 2.79133333333333 0.945333333333333 -0.219 -0.075 -0.280666666666667 -0.563 -2.086 -2.02166666666667 -0.772333333333333 0.820333333333333 2.698 2.932
-0.225 2.36466666666667 3.38366666666667 2.79133333333333 0.945333333333333 -0.219 -0.075 -0.280666666666667 -0.563 -2.086 -2.02166666666667 -0.772333333333333 0.820333333333333 2.698 2.932 2.75566666666667 1.045 -1.05266666666667 -1.10633333333333 -0.851666666666667 -0.00233333333333337 -1.1 -2.23433333333333 -3.00866666666667 -1.14566666666667 1.28433333333333 3.544
0.820333333333333 2.698 2.932 2.75566666666667 1.045 -1.05266666666667 -1.10633333333333 -0.851666666666667 -0.00233333333333337 -1.1 -2.23433333333333 -3.00866666666667 -1.14566666666667 1.28433333333333 3.544 2.20033333333333 0.873333333333333 -0.432666666666667 -0.882333333333333 -0.785666666666667 -1.57066666666667 -2.217 -3.75 -3.52533333333333 -2.47866666666667 0.321333333333333 2.35466666666667
-1.14566666666667 1.28433333333333 3.544 2.20033333333333 0.873333333333333 -0.432666666666667 -0.882333333333333 -0.785666666666667 -1.57066666666667 -2.217 -3.75 -3.52533333333333 -2.47866666666667 0.321333333333333 2.35466666666667 3.43466666666667 1.98866666666667 0.633666666666667 0.474333333333333 0.87 0.864333333333334 -0.925333333333333 -1.993 -1.89866666666667 1.51333333333333 3.13066666666667 3.413
-2.47866666666667 0.321333333333333 2.35466666666667 3.43466666666667 1.98866666666667 0.633666666666667 0.474333333333333 0.87 0.864333333333334 -0.925333333333333 -1.993 -1.89866666666667 1.51333333333333 3.13066666666667 3.413 2.04566666666667 1.70933333333333 0.842333333333333 0.228666666666667 0.14 -0.141666666666667 -1.15466666666667 -2.74833333333333 -2.058 -1.24733333333333 0.440333333333333 1.33366666666667
1.51333333333333 3.13066666666667 3.413 2.04566666666667 1.70933333333333 0.842333333333333 0.228666666666667 0.14 -0.141666666666667 -1.15466666666667 -2.74833333333333 -2.058 -1.24733333333333 0.440333333333333 1.33366666666667 1.74166666666667 1.18 0.953666666666667 0.372 0.76 -0.324333333333333 -1.45933333333333 -2.86866666666667 -2.749 -0.802666666666667 1.08933333333333 2.89033333333333
-1.24733333333333 0.440333333333333 1.33366666666667 1.74166666666667 1.18 0.953666666666667 0.372 0.76 -0.324333333333333 -1.45933333333333 -2.86866666666667 -2.749 -0.802666666666667 1.08933333333333 2.89033333333333 2.61866666666667 1.70633333333333 0.034 -0.183666666666667 -0.479 -0.149333333333333 -0.347 -0.655 -0.363333333333333 -0.279666666666667 0.989 1.57266666666667
-0.802666666666667 1.08933333333333 2.89033333333333 2.61866666666667 1.70633333333333 0.034 -0.183666666666667 -0.479 -0.149333333333333 -0.347 -0.655 -0.363333333333333 -0.279666666666667 0.989 1.57266666666667 1.60033333333333 0.913 -0.344333333333333 0.0543333333333333 -0.212666666666667 -0.606 -2.10733333333333 -2.25333333333333 -2.458 -0.754666666666667 1.477 3.12433333333333
-0.279666666666667 0.989 1.57266666666667 1.60033333333333 0.913 -0.344333333333333 0.0543333333333333 -0.212666666666667 -0.606 -2.10733333333333 -2.25333333333333 -2.458 -0.754666666666667 1.477 3.12433333333333 2.55266666666667 0.262666666666667 -0.515333333333333 -0.780666666666667 -0.293666666666667 -0.956 -0.975333333333333 -1.84966666666667 -1.15866666666667 -0.109666666666667 2.96233333333333 2.86566666666667
-0.754666666666667 1.477 3.12433333333333 2.55266666666667 0.262666666666667 -0.515333333333333 -0.780666666666667 -0.293666666666667 -0.956 -0.975333333333333 -1.84966666666667 -1.15866666666667 -0.109666666666667 2.96233333333333 2.86566666666667 2.82566666666667 0.472666666666667 0.703 0.270666666666667 0.105666666666667 -0.921 -2.38566666666667 -2.88533333333333 -2.45766666666667 -0.649333333333333 1.267 2.50266666666667
-0.109666666666667 2.96233333333333 2.86566666666667 2.82566666666667 0.472666666666667 0.703 0.270666666666667 0.105666666666667 -0.921 -2.38566666666667 -2.88533333333333 -2.45766666666667 -0.649333333333333 1.267 2.50266666666667 2.252 0.777666666666667 -0.218 -0.541333333333333 -0.415333333333333 -1.28033333333333 -2.63066666666667 -3.15466666666667 -1.41633333333333 0.696333333333333 2.92533333333333 3.435
-0.649333333333333 1.267 2.50266666666667 2.252 0.777666666666667 -0.218 -0.541333333333333 -0.415333333333333 -1.28033333333333 -2.63066666666667 -3.15466666666667 -1.41633333333333 0.696333333333333 2.92533333333333 3.435 2.74633333333333 1.54566666666667 0.299333333333333 0.174333333333333 0.346 1.09033333333333 -0.802 -2.84666666666667 -3.10633333333333 0.114 2.38933333333333 2.11233333333333
