1009.850333	1010.550667	1010.616667	1010.460333	1010.029333	1009.622667	1009.385333	1009.203667	1009.326333	1009.877333	1010.241	1010.321667	1010.390667	1010.587667	1011.098	1011.387667	1010.949	1010.235	1009.215	1008.607667	1008.678	1009.137	1010.359	1010.888667	1011.42	1011.495667	1012.007667
1010.390667	1010.587667	1011.098	1011.387667	1010.949	1010.235	1009.215	1008.607667	1008.678	1009.137	1010.359	1010.888667	1011.42	1011.495667	1012.007667	1011.567667	1011.029	1009.442667	1008.799	1008.175667	1008.575	1009.044	1009.704	1010.469667	1011.023333	1011.494	1011.264667
1011.42	1011.495667	1012.007667	1011.567667	1011.029	1009.442667	1008.799	1008.175667	1008.575	1009.044	1009.704	1010.469667	1011.023333	1011.494	1011.264667	1010.889667	1010.14	1009.748	1009.298667	1009.553	1009.51	1009.873333	1010.431	1010.643667	1011.272333	1010.912	1011.307667
1011.023333	1011.494	1011.264667	1010.889667	1010.14	1009.748	1009.298667	1009.553	1009.51	1009.873333	1010.431	1010.643667	1011.272333	1010.912	1011.307667	1011.052	1010.597667	1009.923	1009.256667	1009.275667	1009.626667	1010.012333	1010.397667	1010.411667	1010.436667	1010.973667	1011.360333
1011.272333	1010.912	1011.307667	1011.052	1010.597667	1009.923	1009.256667	1009.275667	1009.626667	1010.012333	1010.397667	1010.411667	1010.436667	1010.973667	1011.360333	1011.584	1010.873667	1009.909	1009.244	1008.881667	1009.185667	1009.485333	1009.951667	1010.166667	1010.781333	1011.208	1011.553
1010.436667	1010.973667	1011.360333	1011.584	1010.873667	1009.909	1009.244	1008.881667	1009.185667	1009.485333	1009.951667	1010.166667	1010.781333	1011.208	1011.553	1011.102667	1010.600333	1010.078	1009.818	1009.596667	1009.802	1010.278	1010.819667	1010.943	1010.962	1011.334667	1011.875
1010.781333	1011.208	1011.553	1011.102667	1010.600333	1010.078	1009.818	1009.596667	1009.802	1010.278	1010.819667	1010.943	1010.962	1011.334667	1011.875	1011.958667	1011.216333	1010.280333	1009.573	1009.318333	1009.368333	1009.608667	1009.794333	1010.562	1011.003667	1011.15	1010.252333
1010.962	1011.334667	1011.875	1011.958667	1011.216333	1010.280333	1009.573	1009.318333	1009.368333	1009.608667	1009.794333	1010.562	1011.003667	1011.15	1010.252333	1009.870333	1009.451333	1009.284667	1008.689333	1008.620667	1008.831667	1009.335	1010.183	1010.616333	1010.573333	1010.572	1009.620333
1011.003667	1011.15	1010.252333	1009.870333	1009.451333	1009.284667	1008.689333	1008.620667	1008.831667	1009.335	1010.183	1010.616333	1010.573333	1010.572	1009.620333	1009.821	1008.872	1008.936	1008.606	1009.122333	1009.61	1009.765	1009.900333	1010.367667	1010.706667	1010.851333	1011.017333
1010.573333	1010.572	1009.620333	1009.821	1008.872	1008.936	1008.606	1009.122333	1009.61	1009.765	1009.900333	1010.367667	1010.706667	1010.851333	1011.017333	1010.709	1010.264	1009.497667	1008.904	1009.097667	1009.222333	1010.015	1010.446667	1011.14	1011.476667	1011.680333	1012.075667
1010.706667	1010.851333	1011.017333	1010.709	1010.264	1009.497667	1008.904	1009.097667	1009.222333	1010.015	1010.446667	1011.14	1011.476667	1011.680333	1012.075667	1011.780333	1011.323667	1010.515667	1009.940667	1009.883333	1009.838667	1010.447	1010.536333	1010.702667	1011.110667	1011.069333	1011.099667
1011.476667	1011.680333	1012.075667	1011.780333	1011.323667	1010.515667	1009.940667	1009.883333	1009.838667	1010.447	1010.536333	1010.702667	1011.110667	1011.069333	1011.099667	1010.162	1009.811667	1009.062667	1009.054333	1008.830333	1009.121667	1009.016667	1009.326667	1009.667333	1010.507333	1010.396	1010.673333
1011.110667	1011.069333	1011.099667	1010.162	1009.811667	1009.062667	1009.054333	1008.830333	1009.121667	1009.016667	1009.326667	1009.667333	1010.507333	1010.396	1010.673333	1010.141	1010.086	1009.124	1009.099333	1009	1009.336667	1009.353	1009.766	1010.357	1010.924	1011.116333	1011.190667
1010.507333	1010.396	1010.673333	1010.141	1010.086	1009.124	1009.099333	1009	1009.336667	1009.353	1009.766	1010.357	1010.924	1011.116333	1011.190667	1011.215	1010.573	1009.577667	1008.711	1009.026333	1009.508333	1009.901333	1010.060667	1010.408333	1010.72	1010.888	1011.184
1010.924	1011.116333	1011.190667	1011.215	1010.573	1009.577667	1008.711	1009.026333	1009.508333	1009.901333	1010.060667	1010.408333	1010.72	1010.888	1011.184	1010.902667	1010.414	1009.574333	1009.223667	1009.159333	1009.357333	1009.957	1010.247333	1010.915667	1010.994333	1011.883333	1011.885
1010.72	1010.888	1011.184	1010.902667	1010.414	1009.574333	1009.223667	1009.159333	1009.357333	1009.957	1010.247333	1010.915667	1010.994333	1011.883333	1011.885	1011.898333	1010.998	1010.129667	1009.133333	1009.023333	1009.269	1009.822667	1010.126	1010.516	1011.151333	1011.434333	1011.762333
1010.994333	1011.883333	1011.885	1011.898333	1010.998	1010.129667	1009.133333	1009.023333	1009.269	1009.822667	1010.126	1010.516	1011.151333	1011.434333	1011.762333	1011.538	1011.167667	1010.252667	1009.627667	1009.250333	1009.729667	1010.203	1010.874667	1010.568	1010.625333	1010.376333	1010.404667
1011.151333	1011.434333	1011.762333	1011.538	1011.167667	1010.252667	1009.627667	1009.250333	1009.729667	1010.203	1010.874667	1010.568	1010.625333	1010.376333	1010.404667	1010.375333	1010.038667	1009.877	1009.065667	1008.892	1009.061333	1009.980667	1010.722667	1010.970333	1011.089667	1011.159667	1011.281
1010.625333	1010.376333	1010.404667	1010.375333	1010.038667	1009.877	1009.065667	1008.892	1009.061333	1009.980667	1010.722667	1010.970333	1011.089667	1011.159667	1011.281	1010.887667	1010.176	1009.438333	1008.771667	1008.416333	1008.475333	1009.025667	1009.419	1009.665667	1010.247	1010.558667	1010.715333
1011.089667	1011.159667	1011.281	1010.887667	1010.176	1009.438333	1008.771667	1008.416333	1008.475333	1009.025667	1009.419	1009.665667	1010.247	1010.558667	1010.715333	1009.946	1009.515667	1009.242667	1009.013	1008.906	1008.920667	1008.864667	1009.246	1009.308667	1010.041333	1010.479	1010.698333
1010.247	1010.558667	1010.715333	1009.946	1009.515667	1009.242667	1009.013	1008.906	1008.920667	1008.864667	1009.246	1009.308667	1010.041333	1010.479	1010.698333	1010.919333	1010.717	1010.446333	1009.945667	1009.643333	1010.002667	1010.587333	1011.458667	1011.804667	1011.744	1011.439	1011.626667
1010.041333	1010.479	1010.698333	1010.919333	1010.717	1010.446333	1009.945667	1009.643333	1010.002667	1010.587333	1011.458667	1011.804667	1011.744	1011.439	1011.626667	1011.369667	1010.859333	1009.596667	1008.939	1008.587333	1008.987	1009.239333	1009.517333	1009.514333	1009.811333	1009.644667	1010.147333
1011.744	1011.439	1011.626667	1011.369667	1010.859333	1009.596667	1008.939	1008.587333	1008.987	1009.239333	1009.517333	1009.514333	1009.811333	1009.644667	1010.147333	1009.283667	1009.168	1008.481	1009.046333	1009.037667	1009.367	1009.371333	1009.626	1009.606333	1009.779333	1009.847	1009.675667
1009.811333	1009.644667	1010.147333	1009.283667	1009.168	1008.481	1009.046333	1009.037667	1009.367	1009.371333	1009.626	1009.606333	1009.779333	1009.847	1009.675667	1009.373333	1008.989	1008.798333	1008.583667	1008.449	1008.556	1008.992667	1009.449667	1009.375667	1009.354	1009.26	1009.51
1009.779333	1009.847	1009.675667	1009.373333	1008.989	1008.798333	1008.583667	1008.449	1008.556	1008.992667	1009.449667	1009.375667	1009.354	1009.26	1009.51	1009.417333	1009.399667	1009.025667	1008.763667	1008.618	1008.841333	1009.167667	1009.479	1009.790333	1010.459	1010.775667	1011.286
1009.354	1009.26	1009.51	1009.417333	1009.399667	1009.025667	1008.763667	1008.618	1008.841333	1009.167667	1009.479	1009.790333	1010.459	1010.775667	1011.286	1010.688	1010.071667	1009.096333	1008.779333	1009.003	1009.405333	1010.062	1010.369333	1010.514333	1010.499333	1010.999	1011.092667
1010.459	1010.775667	1011.286	1010.688	1010.071667	1009.096333	1008.779333	1009.003	1009.405333	1010.062	1010.369333	1010.514333	1010.499333	1010.999	1011.092667	1010.923667	1010.132667	1009.452333	1009.014667	1008.994667	1009.308	1009.695	1010.060667	1010.325	1010.601667	1010.618333	1010.765333
1010.499333	1010.999	1011.092667	1010.923667	1010.132667	1009.452333	1009.014667	1008.994667	1009.308	1009.695	1010.060667	1010.325	1010.601667	1010.618333	1010.765333	1010.453333	1010.114667	1009.497	1009.482333	1009.352667	1009.576667	1009.649	1010.290333	1010.560333	1010.620667	1010.497667	1010.798667
1010.601667	1010.618333	1010.765333	1010.453333	1010.114667	1009.497	1009.482333	1009.352667	1009.576667	1009.649	1010.290333	1010.560333	1010.620667	1010.497667	1010.798667	1010.987333	1010.849	1010.001667	1009.078667	1008.810333	1009.061	1009.569667	1009.819	1010.004	1010.02	1010.117667	1010.248333
1010.620667	1010.497667	1010.798667	1010.987333	1010.849	1010.001667	1009.078667	1008.810333	1009.061	1009.569667	1009.819	1010.004	1010.02	1010.117667	1010.248333	1010.214	1009.726	1009.331333	1009.090667	1009.199667	1009.275333	1009.723	1010.332667	1010.435667	1010.428667	1010.485333	1010.755667
1010.02	1010.117667	1010.248333	1010.214	1009.726	1009.331333	1009.090667	1009.199667	1009.275333	1009.723	1010.332667	1010.435667	1010.428667	1010.485333	1010.755667	1010.653667	1010.056	1009.433	1008.603333	1008.388	1008.474	1009.032333	1009.258333	1009.468667	1009.536667	1009.697333	1009.887333
1010.428667	1010.485333	1010.755667	1010.653667	1010.056	1009.433	1008.603333	1008.388	1008.474	1009.032333	1009.258333	1009.468667	1009.536667	1009.697333	1009.887333	1009.839333	1009.287	1008.858	1008.828667	1008.967333	1008.978333	1009.247333	1009.577667	1009.621333	1009.674	1010.082667	1010.362
1009.536667	1009.697333	1009.887333	1009.839333	1009.287	1008.858	1008.828667	1008.967333	1008.978333	1009.247333	1009.577667	1009.621333	1009.674	1010.082667	1010.362	1010.278667	1009.613	1008.991	1008.712	1008.77	1009.165667	1009.416	1009.738333	1009.832667	1010.041333	1010.407	1010.809667
1009.674	1010.082667	1010.362	1010.278667	1009.613	1008.991	1008.712	1008.77	1009.165667	1009.416	1009.738333	1009.832667	1010.041333	1010.407	1010.809667	1010.898333	1010.434333	1009.418333	1008.839667	1008.494333	1008.863	1008.957	1008.985667	1009.005333	1008.686	1008.725	1008.891
1010.041333	1010.407	1010.809667	1010.898333	1010.434333	1009.418333	1008.839667	1008.494333	1008.863	1008.957	1008.985667	1009.005333	1008.686	1008.725	1008.891	1009.179333	1009.236333	1009.046	1008.778333	1008.497333	1008.596	1009.082667	1009.37	1009.391333	1009.197333	1009.372667	1009.334
