293.961814140955
297.888147093625
479.538935789994
479.538935789994
299.609660169664
479.538935789994
293.961814140955
479.538935789994
479.538935789994
297.888147093625
479.538935789994
299.609660169664
479.538935789994
293.961814140955
479.538935789994
479.538935789994
479.538935789994
297.888147093625
297.888147093625
383.552866198528
383.552866198528
293.961814140955
479.538935789994
297.888147093625
297.888147093625
479.538935789994
479.538935789994
293.961814140955
383.552866198528
479.538935789994
293.961814140955
293.961814140955
297.888147093625
293.961814140955
403.45068521255
297.888147093625
299.609660169664
297.888147093625
383.552866198528
479.538935789994
479.538935789994
479.538935789994
479.538935789994
479.538935789994
293.961814140955
297.888147093625
293.961814140955
293.961814140955
383.552866198528
297.888147093625
297.888147093625
479.538935789994
293.961814140955
479.538935789994
293.961814140955
293.961814140955
479.538935789994
403.45068521255
297.888147093625
299.609660169664
479.538935789994
299.609660169664
297.888147093625
479.538935789994
383.552866198528
479.538935789994
383.552866198528
403.45068521255
479.538935789994
293.961814140955
299.609660169664
293.961814140955
403.45068521255
297.888147093625
479.538935789994
403.45068521255
479.538935789994
293.961814140955
479.538935789994
403.45068521255
297.888147093625
383.552866198528
479.538935789994
383.552866198528
403.45068521255
297.888147093625
479.538935789994
293.961814140955
479.538935789994
479.538935789994
479.538935789994
479.538935789994
479.538935789994
299.609660169664
479.538935789994
293.961814140955
297.888147093625
479.538935789994
383.552866198528
293.961814140955
293.961814140955
479.538935789994
297.888147093625
403.45068521255
293.961814140955
479.538935789994
479.538935789994
383.552866198528
479.538935789994
297.888147093625
297.888147093625
479.538935789994
479.538935789994
293.961814140955
299.609660169664
383.552866198528
479.538935789994
299.609660169664
403.45068521255
383.552866198528
293.961814140955
297.888147093625
479.538935789994
297.888147093625
403.45068521255
297.888147093625
293.961814140955
299.609660169664
293.961814140955
479.538935789994
299.609660169664
479.538935789994
479.538935789994
479.538935789994
293.961814140955
479.538935789994
383.552866198528
479.538935789994
479.538935789994
479.538935789994
479.538935789994
479.538935789994
479.538935789994
403.45068521255
479.538935789994
479.538935789994
293.961814140955
297.888147093625
293.961814140955
479.538935789994
479.538935789994
479.538935789994
403.45068521255
479.538935789994
479.538935789994
479.538935789994
299.609660169664
297.888147093625
403.45068521255
403.45068521255
383.552866198528
403.45068521255
383.552866198528
479.538935789994
383.552866198528
293.961814140955
383.552866198528
479.538935789994
479.538935789994
297.888147093625
299.609660169664
293.961814140955
297.888147093625
297.888147093625
479.538935789994
479.538935789994
479.538935789994
479.538935789994
403.45068521255
297.888147093625
479.538935789994
297.888147093625
479.538935789994
297.888147093625
479.538935789994
383.552866198528
299.609660169664
383.552866198528
479.538935789994
479.538935789994
479.538935789994
479.538935789994
479.538935789994
299.609660169664
479.538935789994
403.45068521255
479.538935789994
403.45068521255
479.538935789994
293.961814140955
383.552866198528
479.538935789994
479.538935789994
293.961814140955
479.538935789994
403.45068521255
403.45068521255
293.961814140955
293.961814140955
403.45068521255
479.538935789994
383.552866198528
383.552866198528
297.888147093625
479.538935789994
403.45068521255
479.538935789994
403.45068521255
293.961814140955
299.609660169664
383.552866198528
479.538935789994
479.538935789994
299.609660169664
479.538935789994
479.538935789994
383.552866198528
479.538935789994
297.888147093625
479.538935789994
293.961814140955
479.538935789994
383.552866198528
293.961814140955
297.888147093625
403.45068521255
479.538935789994
293.961814140955
403.45068521255
479.538935789994
479.538935789994
297.888147093625
383.552866198528
403.45068521255
479.538935789994
479.538935789994
479.538935789994
297.888147093625
479.538935789994
479.538935789994
299.609660169664
479.538935789994
479.538935789994
293.961814140955
479.538935789994
293.961814140955
479.538935789994
297.888147093625
297.888147093625
479.538935789994
383.552866198528
297.888147093625
479.538935789994
403.45068521255
293.961814140955
479.538935789994
479.538935789994
293.961814140955
293.961814140955
297.888147093625
479.538935789994
383.552866198528
479.538935789994
297.888147093625
479.538935789994
479.538935789994
383.552866198528
479.538935789994
479.538935789994
479.538935789994
297.888147093625
293.961814140955
479.538935789994
299.609660169664
479.538935789994
293.961814140955
403.45068521255
479.538935789994
299.609660169664
479.538935789994
297.888147093625
293.961814140955
293.961814140955
479.538935789994
293.961814140955
479.538935789994
383.552866198528
297.888147093625
297.888147093625
479.538935789994
