484.770599870472
234.440869427795
354.43929097712
319.198711192606
484.770599870472
351.484576141961
234.440869427795
319.198711192606
301.478861563872
351.484576141961
354.43929097712
319.198711192606
351.484576141961
301.478861563872
484.770599870472
319.198711192606
354.43929097712
351.484576141961
351.484576141961
354.43929097712
319.198711192606
354.43929097712
319.198711192606
354.43929097712
351.484576141961
354.43929097712
319.198711192606
301.478861563872
484.770599870472
319.198711192606
319.198711192606
319.198711192606
319.198711192606
354.43929097712
354.43929097712
354.43929097712
234.440869427795
354.43929097712
319.198711192606
351.484576141961
354.43929097712
354.43929097712
351.484576141961
319.198711192606
354.43929097712
301.478861563872
354.43929097712
354.43929097712
319.198711192606
301.478861563872
351.484576141961
319.198711192606
234.440869427795
301.478861563872
234.440869427795
234.440869427795
354.43929097712
319.198711192606
354.43929097712
234.440869427795
354.43929097712
234.440869427795
354.43929097712
319.198711192606
351.484576141961
351.484576141961
351.484576141961
234.440869427795
354.43929097712
354.43929097712
351.484576141961
484.770599870472
319.198711192606
234.440869427795
234.440869427795
354.43929097712
234.440869427795
319.198711192606
319.198711192606
354.43929097712
234.440869427795
351.484576141961
301.478861563872
319.198711192606
354.43929097712
354.43929097712
354.43929097712
351.484576141961
354.43929097712
234.440869427795
234.440869427795
234.440869427795
354.43929097712
354.43929097712
354.43929097712
354.43929097712
354.43929097712
354.43929097712
354.43929097712
354.43929097712
234.440869427795
354.43929097712
351.484576141961
484.770599870472
354.43929097712
354.43929097712
354.43929097712
319.198711192606
301.478861563872
234.440869427795
354.43929097712
354.43929097712
301.478861563872
354.43929097712
234.440869427795
484.770599870472
354.43929097712
234.440869427795
354.43929097712
354.43929097712
234.440869427795
351.484576141961
319.198711192606
354.43929097712
319.198711192606
354.43929097712
484.770599870472
354.43929097712
319.198711192606
484.770599870472
301.478861563872
319.198711192606
354.43929097712
351.484576141961
354.43929097712
319.198711192606
354.43929097712
354.43929097712
319.198711192606
354.43929097712
234.440869427795
354.43929097712
354.43929097712
354.43929097712
354.43929097712
351.484576141961
351.484576141961
351.484576141961
319.198711192606
354.43929097712
354.43929097712
351.484576141961
484.770599870472
234.440869427795
354.43929097712
234.440869427795
354.43929097712
354.43929097712
234.440869427795
351.484576141961
319.198711192606
234.440869427795
351.484576141961
354.43929097712
484.770599870472
319.198711192606
319.198711192606
484.770599870472
354.43929097712
354.43929097712
319.198711192606
301.478861563872
354.43929097712
354.43929097712
234.440869427795
319.198711192606
354.43929097712
319.198711192606
319.198711192606
354.43929097712
351.484576141961
354.43929097712
319.198711192606
354.43929097712
354.43929097712
319.198711192606
319.198711192606
234.440869427795
351.484576141961
301.478861563872
319.198711192606
319.198711192606
234.440869427795
234.440869427795
319.198711192606
319.198711192606
351.484576141961
351.484576141961
354.43929097712
354.43929097712
354.43929097712
354.43929097712
319.198711192606
351.484576141961
319.198711192606
301.478861563872
234.440869427795
351.484576141961
484.770599870472
354.43929097712
484.770599870472
354.43929097712
354.43929097712
319.198711192606
234.440869427795
351.484576141961
354.43929097712
354.43929097712
319.198711192606
319.198711192606
319.198711192606
351.484576141961
234.440869427795
319.198711192606
484.770599870472
234.440869427795
234.440869427795
484.770599870472
354.43929097712
354.43929097712
234.440869427795
484.770599870472
354.43929097712
354.43929097712
319.198711192606
354.43929097712
354.43929097712
354.43929097712
354.43929097712
354.43929097712
301.478861563872
351.484576141961
319.198711192606
484.770599870472
354.43929097712
354.43929097712
319.198711192606
301.478861563872
354.43929097712
234.440869427795
319.198711192606
351.484576141961
301.478861563872
354.43929097712
484.770599870472
354.43929097712
354.43929097712
354.43929097712
354.43929097712
354.43929097712
234.440869427795
484.770599870472
319.198711192606
319.198711192606
351.484576141961
354.43929097712
354.43929097712
319.198711192606
351.484576141961
354.43929097712
234.440869427795
354.43929097712
484.770599870472
354.43929097712
234.440869427795
319.198711192606
354.43929097712
301.478861563872
484.770599870472
319.198711192606
354.43929097712
234.440869427795
354.43929097712
354.43929097712
301.478861563872
234.440869427795
354.43929097712
301.478861563872
354.43929097712
234.440869427795
319.198711192606
354.43929097712
351.484576141961
354.43929097712
354.43929097712
234.440869427795
319.198711192606
319.198711192606
354.43929097712
319.198711192606
